6.461231669469578165e-01 -9.506341902182262604e-01 2.273244732563983184e-01
-1.287650729280125139e+00 -3.307277109400443005e-02 4.491416124163341572e-01
-9.647377022894555454e-01 -1.546919199068279988e-02 -3.319725534361298025e-02
8.660885515329032058e-01 1.044784167688797734e-02 -6.461125747147922205e-02
1.175744454460225130e+00 -1.205195159236683959e-02 -1.825430771836466792e-01
1.074544690599793517e+00 -1.122557195299516281e-01 1.131919513528121257e-01
9.276891532937579787e-02 -1.170239934424928685e-01 1.435234897432596246e-01
4.888164260889990009e-01 1.477490557269108273e-01 -2.106255448534467833e-01
-2.542972388308554210e-01 -3.582542997310142474e-01 -2.127815381895517555e-01
-9.020654641437662880e-02 -7.356503455829867255e-02 8.748835906428462095e-02
-3.630068597902493255e-01 8.905286446505163156e-02 2.594556059872505926e-01
1.236388290940946960e-01 1.047495347348857270e-01 -8.436349615343524677e-02
2.591942636884769224e-01 -4.126594798282028909e-01 1.094101716459721513e-01
1.350562208251125940e-01 1.083022020868735710e-02 -5.902098439620914183e-01
7.409895734125736266e-02 6.565136081486769304e-02 7.533202712504536436e-01
3.417036675024129333e-01 -3.679134863468700445e-01 2.552261789219317234e-01
2.227761048329117699e-01 -2.259321136009886655e-01 -4.636443572891130183e-01
4.334717420907045482e-01 -8.077743590207064894e-02 7.255379091787709234e-01
3.731170411535121856e-01 -3.452341592170893314e-01 -3.435540420672826278e-01
5.306074455017840696e-01 1.251663644846539580e-01 3.244559146562861485e-01
3.207552516542019894e-01 -4.683041943735772455e-02 1.032006371507743631e-01
2.626404789696492048e-01 2.371853422126000976e-02 -4.968382337729299048e-02
-1.453837129400714114e-02 -1.926647103093181990e-01 -2.934699615945088880e-01
-2.373497824033170278e-05 2.181575028404715288e-01 2.579510901679770707e-01
