-8.507879148031879946e-02 4.986381273727286789e+00 9.859530547196967976e-02
-2.327891604259615943e-01 7.830009040996246950e-02 3.449070055067573470e-01
-3.581734763378887632e-01 -1.069033481700287780e-01 -2.346793938610730879e-01
1.758980333229821780e-01 3.810583605059665591e-02 3.330146596245737219e-03
4.150797208053725318e-01 -2.332529026735294664e-01 -1.413510652615557542e-02
7.227926483652212797e-01 -7.767152760828416325e-02 6.532643517737098116e-02
5.668387950848156193e-02 3.442387335906971213e-02 3.663642442244051389e-02
-5.762269586157787310e-02 1.285990411399310085e-01 -5.058422787806822474e-02
-2.382557492890262363e-01 -1.446744375057807674e-01 1.345644618926616735e-02
-7.650788336598424166e-02 6.015611037710172360e-02 -1.274151146843278265e-02
-1.599795090461295088e-01 1.007127838458695690e-01 7.939226206117787343e-02
7.199369770235668209e-02 -3.157145458036701713e-02 -2.022337557896809399e-02
2.749469817747418610e-01 1.181484087075224641e-02 -3.720904720739470414e-03
-6.720068558674284487e-02 1.983330662848084569e-01 -3.652258176063979955e-01
6.244734812319919712e-03 7.014414524569859144e-02 4.056754835567759065e-01
6.508662378953412875e-02 -6.144692068444805588e-02 -2.327499717542188054e-02
2.228392608927941554e-01 -5.479043421677715769e-02 -6.402686320068565751e-01
-2.220692104771128730e-02 2.645957461297503421e-01 4.305396877286854496e-01
2.586143614321965711e-01 -5.528435551110834068e-01 1.381397700937574968e-01
9.312761315736299561e-02 5.440818056008046577e-01 -1.585161223250685092e-01
2.573043280184328374e-01 -2.346144415665563643e-01 4.424455252301143920e-02
2.430692680233874081e-01 2.264905304518569085e-01 -9.015011734344983985e-02
-8.093415392689828902e-02 -1.042197787604303844e-01 -2.188344843485104108e-01
-6.637645469622859007e-03 8.194447761757098214e-02 2.300946932515801902e-01
