-4.336941124192336128e-01 4.968743808556470576e+00 1.240121898988601028e-02
-3.167630001463245804e-01 1.873205618460568878e-02 2.781324911192284421e-01
-2.903899559104290429e-01 -2.101751387785453784e-01 -2.786223507899336926e-01
2.737936009813502491e-01 1.219695331789830695e-01 -2.263681037990816075e-02
2.798186736344228653e-01 -3.354820316457984841e-01 -8.576580142373953219e-02
8.594214268085574870e-01 -1.958791214946785098e-01 1.055020726409514054e-01
4.728019204070223191e-02 8.624795504084208086e-02 2.020028225303039174e-02
-1.784687287902112229e-01 8.818933536830218800e-02 6.737291882493636613e-04
-2.129598673174687706e-01 -1.940176356147013947e-01 8.774744245317980806e-02
-2.795500853086106685e-02 1.140826431918953998e-01 1.178480815205890618e-02
-7.642672214718479462e-02 8.578284845458394869e-02 6.726096848846367660e-02
4.721740837769362875e-03 1.159506429611348310e-02 -7.633342998593344031e-02
1.539061194638320362e-01 -1.936510228277709203e-02 2.549570898393383259e-02
-9.403092973156837453e-02 1.807458215060518403e-01 -1.807298794001910014e-01
4.445173193588120020e-02 3.034769392778983721e-01 3.182377327458860705e-01
-1.080590939470768980e-01 -2.162078441846563837e-01 4.781422216881797693e-03
1.019908273174009866e-01 4.365247483090671510e-02 -5.794129047638049146e-01
-6.343460712116391620e-02 3.679856899982555385e-01 4.200430516615658583e-01
7.874471897400074638e-02 -4.410633272171365360e-01 1.588635349304585165e-01
1.734774553993942148e-01 6.077917476901030236e-01 -8.514670035650519220e-02
3.043963981128627871e-01 -2.070826440254331380e-01 -2.306289972159227680e-02
2.120955378736108232e-01 2.663171553217967280e-01 -2.761480590264397961e-02
-1.306646063344481801e-01 -6.920805381580216742e-02 -1.486311407018972852e-01
2.234646349348121466e-02 3.255710552732405533e-02 8.380902823973276905e-02
