-1.269271030018595536e-01 2.641250819620931001e+00 -2.985865037241883235e-01
-3.320523163262369959e-01 1.064601477418922748e-01 2.991997796693992018e-01
-5.860170665214816665e-01 9.879545748362353330e-02 -2.267816302588137600e-01
3.939000286236091219e-01 -1.634487370568963593e-01 1.110664161084752438e-01
6.845028682735621040e-01 -1.330198897395599156e-01 -8.536619281052905406e-02
1.001367528517336236e+00 2.468330396814351901e-01 -2.900835295410463324e-02
-8.020235740011918968e-02 -2.199197106293681037e-01 -1.209775459561180100e-01
6.074418729428299191e-01 1.145069615769016974e-01 -2.788523708412690150e-01
3.334113389359884966e-02 -1.371972470020818569e-01 2.357043087365275624e-01
1.071004670262074576e-01 -6.250634548864263118e-02 -3.668783146156170266e-02
-5.148794828743453733e-01 1.087592177940106680e-01 2.152702973996048486e-01
-1.563817573403565031e-01 -4.100461738879466328e-02 -6.717972473663758048e-01
5.588897626747035829e-01 4.659505471513086111e-02 -4.056052274878070851e-01
-7.895619945903480097e-02 -4.506532384472509700e-01 -3.779277882833406710e-01
-1.706930557891173372e-01 -1.546056094010875570e-01 -1.673963477340370265e-01
-5.895085339968215987e-02 5.659940821148572443e-01 2.692013904052715789e-01
9.622055374492426150e-02 -2.824613040294341459e-01 -6.151858478223494187e-01
-1.773775321743938649e-01 -3.507547685985825670e-01 4.381663359938175462e-01
4.636371461704379415e-01 -7.914596093548011968e-01 2.640145506092596572e-01
3.632499761012438627e-02 1.438051367790282864e+00 -3.487862834762625597e-01
-1.616849804285577785e-02 -2.813571717384301119e-01 2.884141276921513980e-02
-5.165834438443222404e-02 2.948944932629150029e-01 1.482179793982154603e-01
-1.526452642823195906e-03 -2.050419138869356284e-01 -4.536944472089771141e-01
-2.021580160985970709e-01 1.912953773712424699e-01 6.277517053255828872e-01
