1.941838278651610017e-01 -1.890660606703705504e+00 7.292533228068187948e-03
-4.761423028679592773e-01 1.800473253129034334e-01 5.527901185676649121e-01
-2.449911872730171636e-01 -5.742072388035552449e-02 -1.376162512517744019e-01
1.840760347115044104e-01 1.198247598108514653e-02 -4.268597517118445650e-02
7.036962116774659881e-01 2.040741358601573519e-02 -4.127005009055475376e-02
6.011192671918040853e-01 3.485105738258058306e-02 6.724489168101907555e-02
4.945516285129649553e-03 -6.740133544423611289e-02 6.006163505237675782e-02
-1.140055959382099554e-01 2.226918000531006581e-01 -5.269672503269413194e-02
-5.562829607535857424e-01 -1.354266783330623225e-01 -1.446341224732766717e-01
-8.267975856372856980e-02 -3.222066556954149286e-02 -1.961950720210568441e-04
-1.473807069060383557e-01 1.268489845439157715e-01 1.023405446559294690e-01
2.117529131476063864e-01 -1.079575641023346882e-01 7.703109934065562048e-02
2.543337486637074485e-01 6.414482351161449047e-02 1.860902819960054411e-01
-7.186441175596150477e-02 2.649897067463066191e-01 -5.146075257767830369e-01
-8.302458959920865078e-02 -1.900671911668313507e-01 4.789555255270000478e-01
1.029669849324430231e-01 -1.823432857343738889e-02 6.009800283045983738e-02
1.742344920800122099e-01 -1.111978776664547669e-01 -5.863277222333473926e-01
1.320216663435170093e-02 8.565421223635574788e-02 5.195375902489032249e-01
1.125703115340094262e-01 -5.282884131360412461e-01 1.850447576671206962e-01
-3.669972891670415793e-02 6.109305783806282530e-01 -2.100878932662953169e-01
2.204224757935159262e-01 -1.884673257525291690e-01 8.033819800077893203e-02
4.701367653523635254e-02 1.599017816635182887e-01 -1.049768719654687738e-01
-4.421571030577103878e-02 -1.125441734441567226e-01 -2.670201031705707884e-01
5.325761536565688792e-02 1.100036724425554197e-01 3.041817114186715632e-01
