2.702755573223171170e-01 7.729811996128153062e-01 1.641471709278534974e-01
-1.081381590492277445e+00 -2.032001553266336025e-01 2.191387923323950271e-01
-6.389750500279707257e-01 -1.197143316122622064e-01 -9.257736812168831930e-02
6.662392371824032988e-01 1.776305327239598442e-01 -6.861943409586583609e-02
1.313534447770705160e+00 -1.828651222357948747e-01 -1.891261920525413864e-01
7.261420161818893382e-01 -6.442816080766934628e-02 1.127451815666066642e-01
6.719647418988657084e-02 -1.419626656197130708e-02 1.556260479994622248e-01
2.066675516510499688e-01 2.050437774723323503e-01 -1.211820456625381931e-01
2.681759071272054595e-01 -2.959338703146096039e-01 6.230963927975003563e-02
-1.252017065311782640e-01 9.408395642401212733e-02 1.508918597754501101e-01
-3.441863881182486984e-01 2.179284844471986518e-02 2.654354981102644562e-01
-2.233080717289464279e-01 1.727846925338824835e-01 -2.283170163254697183e-01
1.068429216862491413e-02 -3.096946402851932234e-01 2.536748512237546604e-01
-7.146455939655044221e-02 -2.477226332651072949e-01 -9.334339650008190159e-02
4.668435292873415049e-02 6.032441975140758750e-01 2.995139337604745822e-01
1.181646133188840597e-01 -3.749232230936836996e-01 4.111617586091713683e-01
-2.269507342071261924e-01 -4.456068512503690293e-01 7.639681040512723287e-02
-1.156915620980128595e-01 4.393696480878575006e-01 1.020006344155119232e-01
4.085899543942275725e-02 -5.825926267051553253e-01 -3.213151198218271252e-03
3.143059055420158177e-01 1.761833542462124813e-01 8.125061671989906864e-02
4.396530579645323566e-01 -9.725963691619890494e-02 9.213961667786114973e-02
5.543092350961466019e-01 5.021301156641683888e-02 -3.172660734730049087e-02
-3.581195345315128786e-02 -1.574420100754983509e-01 -1.860034086618425064e-01
-3.530841827346536260e-02 1.861841225828212432e-01 7.644545061167308531e-02
