1.409707812866310139e-01 -1.911138262962031265e+00 -1.263112315868016380e-02
-3.587313260664709569e-01 1.920185577397969245e-01 5.322663788822522557e-01
-2.074489016120253382e-01 -5.508483786259125298e-02 -1.335582335782296848e-01
1.330740896222247227e-01 1.270329922036389156e-02 -2.887243224060932409e-02
5.618762433073272167e-01 4.168704053320209518e-02 -1.144482446480142579e-02
5.867096203881160266e-01 2.815427611849620482e-02 7.657317746898600896e-02
1.322876695959592994e-02 -5.159505793277490565e-02 4.399899263687758605e-02
-2.096136107153379405e-02 2.003939302174867210e-01 -6.752547706107155101e-02
-5.045662924880104372e-01 -9.665744946074338040e-02 -7.532181716039412778e-02
-7.561949451034423453e-02 -1.104613515531603640e-02 -6.578336621707427459e-03
-2.105129390223206276e-01 1.423815077123813666e-01 9.944677512870235547e-02
1.847720858983656900e-01 -9.983361513603648818e-02 -1.145644732095728487e-02
2.316500973697156185e-01 8.965357066828072430e-02 1.694878447723133785e-01
-8.801493220148769170e-02 2.166131658363460444e-01 -4.497863488378053276e-01
-7.120645923590251947e-02 -1.160329896992581128e-01 4.086086990979071465e-01
1.120924407837443904e-01 -1.003066831356305352e-03 4.263165330257574076e-02
2.104776360733338902e-01 -1.653652309791606989e-01 -7.617483341874707881e-01
2.562669892347979941e-02 1.872335692555114062e-01 6.070587200647427073e-01
1.875371243742068872e-01 -7.462791795988152899e-01 2.739760509241730979e-01
1.603293744419491754e-02 7.736759255736399554e-01 -2.822300131389190447e-01
1.728918535880627216e-01 -1.874184554555208826e-01 1.945713676631350905e-02
4.772954075816092379e-02 1.632135354368253466e-01 -5.192424104361272746e-02
-9.032885767665457810e-02 -1.223970821471866977e-01 -3.069607174149063811e-01
7.223026658365425123e-03 1.171052811257276699e-01 3.252457875805560006e-01
