6.864764591705103947e-02 -1.925651102575160589e+00 6.521957336987696530e-02
-2.271628007137309613e-01 1.434664172913898417e-01 2.450555962525344522e-01
-3.852142489512057622e-01 1.678730600586594846e-02 -8.959596141443994244e-02
3.287381433045760692e-01 -1.123260196997608873e-01 1.270202433953574036e-03
4.342894747025846103e-01 4.587560115135829591e-02 -7.114040271318236575e-02
3.875570969704847935e-01 1.291847742565677415e-01 3.955836506812726583e-02
-1.006306829765967609e-02 -1.879945593885923028e-01 1.064018221524244551e-01
-1.179077207880600692e-01 1.894398594232324651e-01 -4.191477329566602877e-02
-2.456840185577236768e-01 -1.496744471189992987e-01 5.890345701908152737e-02
-5.977365131768509060e-02 -1.295077961935456323e-01 2.818531102072610595e-02
-1.686004135221679801e-01 9.045281985449042661e-02 1.384269953495403105e-01
7.816895652156276297e-02 1.392222819023659630e-01 -1.894912260697220741e-01
-4.424772512194761337e-02 2.077628480767351737e-01 6.294214844290338395e-02
-1.075989224526812255e-01 -2.202315525817764574e-01 -4.265726875528150219e-01
-3.412020573288479519e-02 -5.565518067502486094e-02 4.463634031495736232e-01
2.878594129680603908e-01 2.104664238827005374e-01 1.191919333389498438e-02
2.003277519403822149e-01 -4.913232678534495412e-01 -6.969047437997835104e-01
1.929812694738468892e-01 3.163550774184423209e-02 6.342023525413008622e-01
1.595029517643229977e-01 -6.193427406808972302e-01 8.443968215348068851e-03
-1.295814807560387583e-01 2.833436227318124612e-01 -1.991058715022678560e-01
1.711585262167701627e-01 -1.131104326071504136e-02 2.204519004444925323e-01
1.198187212438098642e-01 -3.014736536295016187e-02 5.021507974572668453e-02
-1.237524928008321284e-01 -1.771289577731591236e-01 -3.264247037074612390e-01
-1.631689670741593434e-01 2.113774375745512135e-01 3.400793952904527795e-01
