-2.020687060333712370e-01 -1.719110666743599136e+00 -2.960449997243681103e-02
-1.845412483386096869e-01 1.090098441511045367e-02 -1.189138102775621764e-01
-5.902908527529081573e-01 5.725534714369383965e-02 9.740099592789237815e-02
2.928805717139993936e-01 -8.494782027304983996e-02 -9.936717156224942130e-03
8.811493726416377292e-01 -1.493609312152553367e-02 -1.951338698660745885e-01
5.045892461675964835e-01 -3.880151335458029843e-02 1.360926959660900826e-01
1.430021903457802668e-01 -1.290961679727065659e-01 1.555530097380935506e-01
-2.665336468399601699e-01 2.459626743996710663e-01 6.111488961751822963e-02
-2.912263121536913801e-01 -2.559716117807494529e-01 -2.131689127448901933e-01
-1.194149655678378025e-01 -8.348868868041815772e-02 4.212319738666962105e-02
-1.905287307649967399e-01 1.567845886621268559e-01 1.082438638718896950e-01
1.574280475394572720e-01 4.874872352274838699e-02 1.581792175404260203e-01
3.123550837473704767e-01 -7.239081133391955802e-02 -1.870475051951207140e-02
-1.759715346873219621e-02 -9.116475495577419652e-02 -3.908657217061274891e-01
-5.826145404786609028e-02 3.326541208928481680e-02 5.566912451790186900e-01
1.901977047187635439e-01 -4.682918398073387944e-02 7.610520690575081626e-02
5.780547163024986335e-02 -5.221085576807008577e-01 -3.990738289305914566e-01
3.427153717619692008e-01 4.446535156896410518e-02 7.267714471936851384e-01
1.339986481846917044e-01 -6.728996061158927233e-01 5.474317042185260218e-02
2.289650050552123894e-01 5.099389124858977329e-01 -3.678104934497596068e-02
4.456303524865208865e-01 -1.207144578243638661e-01 -4.082180431814392413e-02
1.830882047829855974e-01 1.002880029232180448e-01 6.712204727178762431e-02
-2.703112606138483032e-01 -1.583245138289046394e-01 -2.744810364215133358e-01
-8.084518316500582946e-02 1.754605985864549911e-01 3.331415834548868138e-01
