2.321660248859963305e-01 4.223179593057480474e+00 -6.384651350554362281e-01
-4.749166165358093550e-01 1.066716212651752822e-02 2.454784393782176166e-01
-9.436804461198948779e-01 -2.188963183503543283e-02 -4.534210825488235730e-01
5.843475978776934143e-01 2.306601534370066389e-02 1.464891032853408159e-01
8.402410137294235026e-01 -2.245033673489294224e-01 -1.137069859102271541e-01
1.113527442663557077e+00 -6.761174758292649856e-02 5.853574838663312685e-02
-1.837263660245617297e-02 7.861543042181708130e-02 8.179957962371926794e-02
1.183046952727526691e-01 8.197158578454809275e-02 -6.639648430750226017e-03
-1.639127497567753333e-01 -6.894601683797321745e-02 2.417230127167089293e-01
4.818704477108989859e-02 1.156333892414097148e-01 4.591506470861815570e-02
-2.713697857324766649e-01 1.653940032182351638e-01 5.545827502059579028e-02
-1.313707696557347426e-01 -7.016464096853841648e-02 -4.654895652764700631e-01
5.968563744066205379e-01 3.441548446428550900e-02 -8.839534698098057419e-02
-7.433196800989261277e-02 1.924834288199397947e-01 -1.609499605811884337e-01
-4.052922201677407188e-02 2.147937015869227917e-01 2.400233300197782416e-01
8.315442687289055501e-02 1.062405363013749493e-01 9.997514736187940176e-02
1.777981264090703339e-01 1.783797669123012575e-01 -7.283158395201079216e-01
-8.499021185896470099e-02 4.888122682447930134e-01 5.427525655475524680e-01
3.920230707870786535e-01 -1.047055838016350549e-01 1.731373788114385914e-01
1.277045155854751313e-01 1.104017764820851122e+00 -9.257628020351398035e-02
1.315473489393875484e-01 -1.268235957680267367e-01 -1.020011701342305593e-01
1.024674962954483515e-01 3.360146816248019142e-01 6.152529206684285989e-02
-1.084283684717366435e-02 -5.379131139695836339e-02 -1.108072856194689398e-01
-5.561358320123645227e-02 -5.858629942211791841e-02 1.529687987143431294e-01
