-5.757952364304880222e-02 3.882995334638892349e+00 -9.055542565728456061e-01
-4.215712079352685882e-01 -4.871610100945794435e-03 2.143004081243618242e-01
-7.819047384725609229e-01 -8.959298719618183360e-02 -4.779201864823998114e-01
4.647534892413631713e-01 7.990574939276717803e-02 1.165130660510025340e-01
4.545239916403684965e-01 -2.449228840827007425e-01 -4.272391313934471857e-02
1.056559340161878247e+00 -1.646570682283615417e-01 4.771678316325463076e-02
6.989546763882853453e-02 1.069873016728457582e-01 1.149507945864572112e-01
-1.819172599394820039e-02 8.886730777112474000e-02 7.016129510138606473e-02
-7.985906335882746176e-02 -7.101415427051238627e-02 2.446756918493713240e-01
-1.023430116476309153e-02 1.579272521062282386e-01 4.634868547079845635e-02
-1.171093316485529306e-01 1.595207229439496166e-01 1.759115693743740910e-02
-6.567834820523986428e-02 -7.609994398354041900e-02 -3.193172774657071500e-01
5.158490926580555636e-01 8.034922938630569000e-02 -7.223284393524261049e-02
-7.327951529959132217e-03 2.062334210107577559e-01 -2.951296119745377422e-01
2.422006760759273444e-02 3.118030006371191321e-01 4.175387016899719250e-01
1.394319174804077022e-01 1.458829829416255774e-01 2.906698807753508446e-02
4.043660867146097182e-01 2.569583116854279869e-01 -9.309324515888756091e-01
-9.888284716731733648e-02 6.308997448881089598e-01 5.131402817565788865e-01
5.757263479422605190e-01 1.903196522370816796e-02 -9.314672234014180485e-02
-4.360117574439027754e-02 8.562368794904070546e-01 9.780738353760537115e-03
8.229994774365956278e-02 -1.249118389444659472e-01 -2.668638573123664481e-01
1.088007135773558787e-01 3.042925344351422035e-01 8.976475179827350659e-02
-7.338127601911531572e-02 -5.948472380608112869e-02 -1.330562327539504541e-01
-8.725560463627593522e-02 -7.465547756848399386e-02 1.683082602868314903e-01
