-1.715362194743385582e-01 1.164221305863165183e-02 1.164934734843936157e-02
-1.849672454638883745e-01 -1.533389050483642824e-01 -6.373571221963913146e-04
1.225208810492877179e-02 -9.819368755995684650e-02 1.336076311403081029e-02
2.264706818326016682e-02 1.138926296354903916e-01 -3.620869645631622641e-02
2.797315919106544424e-01 -3.389437492316412781e-01 -1.008238349752892254e-01
8.136759574347918189e-01 -1.327480052438376190e-01 1.132281895016771373e-01
-3.631647839073102318e-02 2.431971671433477006e-02 -5.527858608438707133e-02
4.669197798969919599e-01 5.479868166966194581e-02 -1.879701709147379440e-01
2.218669560368900506e-01 -1.862814122503131942e-01 1.634555342700832470e-01
1.397171388623107829e-02 9.366861259492478831e-02 -1.214757850639627303e-02
-3.632223321327603949e-01 8.060183852589139497e-02 3.021461609751088795e-01
-1.727409724071506669e-01 -4.812637887104094861e-03 -2.902463935807523820e-01
3.163171872472404500e-01 2.985689516420524381e-01 -1.004669802140409351e-01
-1.996503064573091346e-01 1.397774387794969986e-01 -6.332564903837391290e-02
-1.013427477081633443e-01 3.696613061787634019e-02 4.375268869257820971e-04
-4.076257251816830379e-02 3.222730273930404232e-01 6.301348492235656074e-02
3.712909541418563109e-02 -1.511208348640320775e-01 -5.885102799908192850e-01
-9.298597375064840409e-02 3.188437358872192040e-01 4.316856786612790486e-01
7.285829201343467509e-02 -7.939176582442228902e-01 4.679869672922425949e-01
6.736707993359240115e-03 1.280613844144393942e+00 -4.142227022446789420e-01
1.468674252334978281e-01 -2.746975248054541185e-01 -8.726575806591263529e-02
2.633084035633614234e-02 3.382460218283807052e-01 1.151213271055821774e-01
-7.863226129232517292e-02 -9.970935877445323559e-02 -3.040175579324143618e-01
-3.566089453709521406e-02 9.364566986000696924e-02 3.221438163953131983e-01
