1.287730293900139211e-01 -1.754516158266090198e+00 -2.417559851215265315e-02
-3.286658523958072009e-01 1.697714988481602849e-01 3.817536357427107063e-01
-1.133381216808238556e-01 -1.283967626646872751e-01 -2.449193354193522632e-01
1.619757431100795064e-01 2.416090052969315210e-03 -1.088096985542253738e-02
5.766907263833300767e-01 -6.014074103261818349e-02 -9.687026644234229822e-02
4.950256336901985854e-01 5.407578406928105486e-02 -1.422734841428935360e-02
-3.775271793464436698e-02 -1.107681408817413476e-01 1.107454629016744185e-01
1.934058839789682960e-01 2.157593300190343566e-01 -1.654746930433838581e-01
5.755695546839848659e-02 -2.195028981423509939e-01 8.338539551637923208e-02
3.694888068272330489e-02 -4.400394123946912983e-02 3.385493143570878632e-02
-2.618538307069726567e-01 6.974997556208586275e-03 1.911842972104543792e-01
-4.799371596054122224e-02 -6.124752414913533886e-03 -1.681606415299247703e-01
3.292106004561572985e-01 -5.956640402925224287e-02 9.488915810350717628e-02
-4.602732138693250291e-02 2.422060157244593781e-01 -2.314318198392922299e-01
-1.443207190251963590e-01 -2.712747085761330057e-01 2.369664203022935900e-01
5.070504184442573004e-02 1.229955663041398459e-02 1.196582429234173267e-01
-7.719342420540224736e-02 -1.232247640143648848e-01 -2.605234675651183496e-01
-1.662239869557459171e-01 -5.408623251036470680e-03 2.977597623010619365e-01
1.014030263220074835e-01 -4.898208933177659041e-01 1.643092333828964080e-01
-1.375947812130524361e-01 5.518372570950217382e-01 -2.070373977797087262e-01
1.724311711806078562e-01 -1.959503611847190629e-01 1.554091556747050351e-01
1.332607866542123987e-01 1.348204021100065653e-01 -9.182181289301037663e-02
3.609283027988886144e-02 -1.165620856012317685e-01 -2.373807976144292897e-01
-1.094895065920832404e-02 1.273802703993310304e-01 2.795346930586951606e-01
