1.804411430548835682e-01 -1.846341382094169425e+00 6.995600047995276238e-02
-8.477307419546561418e-01 1.483945121186522331e-02 3.771246761374355549e-01
-9.065155402805530338e-01 9.968834900857519166e-02 -7.511040874705071646e-02
6.215169784915853812e-01 -5.001901055090097331e-02 2.271391190311282046e-02
1.295935581814918969e+00 -3.037798815428446528e-02 -1.521822682967163554e-01
1.187030772653223876e+00 1.030146141969999207e-01 1.548025319380605114e-01
-7.266202082234585191e-02 -1.078391904952094027e-01 1.339713167993989151e-01
-3.199844539331199722e-01 2.621142283610812251e-01 8.266372580485797927e-02
-6.623308746725947715e-01 -1.400358439173123859e-01 -1.349267884085647851e-01
-1.118712970572346699e-01 -5.359203928306813941e-02 1.063798134294756531e-01
-2.388823439508409863e-01 1.752913259526453771e-01 4.536255086108353929e-02
1.188084101287347899e-01 -3.529667198982944232e-02 -8.487148425229544546e-02
4.609556307568538763e-02 3.412912725010175397e-01 -1.034983832695984818e-01
-7.010575526609452712e-02 -1.824530798419354838e-01 -3.554831090994350906e-01
-7.116735595744577703e-02 3.688613923151797674e-02 4.548622817707371757e-01
-1.170315600510473120e-01 2.175578053925791011e-01 1.149527837867871105e-01
5.277040610918433405e-02 -3.617552080360280642e-01 -4.516892125709079941e-01
3.622570200301692550e-02 -2.437542401510378945e-02 6.448387090661795717e-01
3.326967738239283157e-01 -4.522449466707976762e-01 8.780018469486686183e-02
2.820324549354125045e-03 4.842251943377741674e-01 -2.333451613566396299e-01
2.554810429323927656e-01 -1.792376547412031784e-01 9.623664033589865441e-02
-3.124487484775487125e-03 1.446587342900600426e-01 -1.465958017599876539e-01
-9.601337344004778895e-02 -1.217980709667286499e-01 -2.482788296327784749e-01
-1.053997507649796772e-02 1.260616562937355023e-01 4.071592094008417706e-01
