-1.145364806251362583e-01 4.968499213831155004e+00 1.957681064201165777e-01
-2.130139994829640948e-01 8.900319829521245729e-02 3.422609195741766475e-01
-3.165865793179769572e-01 -1.187647935540253191e-01 -2.347232743589978132e-01
1.648103701494453843e-01 5.164941375065849882e-02 9.185467813354969641e-04
3.685152457164390660e-01 -2.358017519760488845e-01 -2.063684311096902410e-02
6.233531018911010468e-01 -6.940361859527437172e-02 6.837461076921962089e-02
7.236268339196341715e-02 3.777291507054178488e-02 4.950703016348634994e-02
-1.282885429733892635e-01 1.350000687369606600e-01 -3.113429870998844079e-02
-2.752983406500353891e-01 -1.428668136082494322e-01 1.606096295200595825e-02
-7.424381262781337698e-02 6.623928004257696733e-02 -4.151069439549346859e-03
-1.286520017379142455e-01 9.480149256787444301e-02 6.688367215002999355e-02
9.355863078295775792e-02 -2.435834597068711055e-02 -1.728563869300680069e-03
2.300751087559327890e-01 7.220145210895183990e-03 1.759290305364641718e-02
-6.011947387927622094e-02 1.961275744944389332e-01 -3.497149968932329323e-01
1.515380954670501185e-02 1.233796539886834881e-01 4.328463539089845158e-01
7.524409335991907866e-02 -9.610008067280476074e-02 -3.635657155800595119e-02
1.884762210191428533e-01 -3.694970463746449774e-02 -6.240610876046813749e-01
-4.975442946719009496e-02 3.137379117121060212e-01 4.130077405122493106e-01
2.177972192422286679e-01 -5.289441109093421245e-01 1.597661827566695947e-01
8.054065167108992451e-02 5.365758969723359861e-01 -1.678983178223655282e-01
2.990428641923020270e-01 -2.144726184363852095e-01 4.620869819627200503e-02
2.874030824305103260e-01 2.174063367754988652e-01 -1.046184792463848989e-01
-9.504725544392461645e-02 -1.000581263823593359e-01 -1.927603690410385484e-01
-2.322119008530052625e-03 6.973885336630405996e-02 1.941815364825973389e-01
