-2.267451663703369813e-01 1.528130521818038323e+00 -1.559944007289414125e-01
-2.718275646230254861e-01 -4.178039156166073881e-02 1.896412523655152949e-01
-4.967007530657948644e-01 8.342458567616371085e-03 -9.558788244844071413e-02
2.299314060335243270e-01 -6.634095788013141815e-02 2.322010542597200897e-03
6.756099129589278052e-01 -2.499435266513770071e-01 -9.777587965621942212e-02
1.300860970560178131e+00 -7.653979096360384593e-02 9.742119374605631710e-02
-6.968596868080882689e-02 -9.395872096527592421e-02 -8.617447265177737015e-02
5.357437940865762416e-01 1.033137845384985848e-01 -2.187531275388277796e-01
2.687603424338457989e-02 -2.057898627329853014e-01 9.483992914917038775e-02
2.796981231361655648e-02 -9.312976055776791759e-03 -3.572778425654041246e-02
-4.611830922284383960e-01 1.255460948229116802e-01 2.658913657167403799e-01
-1.427588849239729007e-01 -5.651714918871743321e-02 -4.119863769935501185e-01
5.134435775518149114e-01 2.148574671413133463e-01 -2.880088789522380899e-01
-1.397848825797393946e-01 -1.397991133434957345e-01 -2.930904711534472185e-01
-1.623704548278047388e-01 -1.242882838912471033e-01 6.503784237783271673e-03
2.677060164133125003e-02 4.888589065646868903e-01 1.446957682255385624e-01
1.587007998333697933e-01 -2.980730296857317385e-01 -6.776139761788178006e-01
-3.011944495209217809e-02 -4.287279993430632291e-02 5.159332285653146499e-01
3.341127200887901161e-01 -7.028114917745652557e-01 2.201355128521299553e-01
1.706027662606369316e-02 1.238968973950993258e+00 -3.125292045161465193e-01
3.061942926674132703e-02 -2.666268427692192744e-01 -9.094999297837222385e-02
-9.762665330252941198e-02 3.026869920131327607e-01 1.783640418202076250e-01
-3.872996047189024987e-02 -1.443021517826015843e-01 -4.125816447841249013e-01
-8.996284606720855725e-02 1.470064140467102765e-01 5.408636531362696065e-01
