-4.774910369003588784e-01 4.722704933770575764e+00 -1.294881891099178561e-01
-9.924940180343556628e-01 -1.060154956916222191e-01 3.104263226116988905e-01
-6.946144960380430389e-01 -1.382242766324383032e-01 -3.687088692774945220e-01
6.086455367621037560e-01 1.409721075519000111e-01 5.207217907376877897e-02
1.234315632836937349e+00 -1.948157962158453826e-01 -2.358497186286567793e-01
1.306907505343116949e+00 -1.728577096037019756e-01 9.770946291293240715e-02
-4.648026986278760292e-02 5.934621180182354794e-02 8.932819887548168469e-03
-4.763189558815290048e-01 1.226914558714644887e-01 9.722980401440912968e-02
-5.232174447788056071e-01 -2.064443700082830568e-01 -6.354663429706201849e-02
-1.265504720851708398e-01 1.204733591159090622e-01 4.146439464213055870e-02
-1.676435087589486089e-02 1.428316106070179059e-01 8.771737998779241541e-02
4.661295637455141819e-03 -2.488575132491463102e-02 -6.187336325578266655e-02
2.182872165699494688e-02 -1.770165913790788526e-01 6.709712767976322434e-02
-1.225805821735417855e-01 -3.257857434553317055e-02 -4.580731592765878157e-01
2.019190544935635032e-02 4.897837367915257589e-01 4.073179037419996651e-01
-1.983868902765066888e-01 -1.970099292730849994e-01 1.249380311517040293e-01
1.338087885511853314e-01 2.873263116766249306e-02 -5.488897286803962050e-01
-1.136140828827108817e-01 3.669773205777556724e-01 2.309006473030617845e-01
-8.099302263788392409e-02 -3.490618288505503153e-01 2.218413326230423699e-01
1.895732227651061863e-01 7.147826185210460759e-01 -4.073928967533246154e-02
2.819886692961307562e-01 -1.675624704363651574e-01 4.871725780729157379e-02
2.983069582971919487e-01 2.702716660170490504e-01 -9.831088090850653716e-02
-5.015358667679398197e-02 -1.180858217989455561e-01 -1.706140794537565897e-01
1.598399153636880995e-02 8.044101683919251122e-02 1.197335009098736830e-01
