4.098617384624881482e-02 -1.433240326217411154e+00 -4.869313356010968735e-02
-5.767860933424657777e-01 -1.098812296932029919e-01 1.989936421451668214e-01
-4.878117006048727222e-01 -2.004436809232364863e-02 -1.626768679255495842e-01
3.709828331142548952e-01 7.996062722127469935e-02 3.747853858727653864e-02
1.084410382181483889e+00 -2.110210481160953166e-01 -1.119475323108676673e-01
1.095456784398511241e+00 -2.959442537309009413e-02 1.043294304121862442e-01
-3.439495124547948396e-02 1.316123855645106103e-02 1.288050022376654169e-01
-2.413456106477990526e-01 2.270886406645923339e-01 1.127605589185271262e-01
-4.761940735869722441e-01 -1.805023449090295273e-01 6.991772948465516460e-03
-2.662280304089164121e-02 6.726057266613126584e-02 1.014947267587061608e-01
-2.272248542495423906e-01 1.662271887537405124e-01 4.221924218571285886e-02
1.942145240644316262e-02 -6.112978001630531982e-02 -1.555965076161266725e-01
1.828615667556934832e-01 2.868200549638899588e-01 -2.849106125152807423e-02
-7.571136447193681229e-02 9.746028949469869029e-02 -8.581482959054928528e-02
-6.668465520058092233e-02 1.148995293849001120e-01 1.910377530538570345e-01
-2.464495018176702246e-01 2.110078140191199159e-01 8.954091686519088933e-02
1.218245032618282542e-01 -4.277555255787950442e-03 -5.788596195946836831e-01
-1.747555550957300696e-01 2.664880857469397735e-01 4.149566969565604557e-01
5.034084898362580773e-01 -5.561320666671931701e-01 1.467674509174961561e-01
-4.588123854611932118e-02 9.673008503575634132e-01 -3.408832191032950543e-01
1.479804031581483381e-01 -2.046568577797402144e-01 -1.220319926197082211e-01
-1.763570240809487696e-02 2.772703802789800442e-01 -6.272686214633199642e-02
-1.261051790301023767e-01 -6.851534605389457411e-02 -2.336876693785261971e-01
-3.658551171106229349e-02 1.011739020154660620e-02 3.453525405697400741e-01
