4.640670308602366095e-02 -1.745537172843450779e+00 -1.114059307295782314e-01
-1.169077988297285708e-01 1.951101449132906507e-01 2.844353581734010983e-01
-2.510250576268281963e-01 -1.052908284437748809e-01 -2.065719406440342520e-01
1.846297207811148922e-01 -4.965041956465415796e-02 2.294843523394917567e-02
1.525158387340372901e-01 -1.161550208066894213e-01 -4.697717512130301920e-02
8.592795211823032187e-01 2.336844616892208917e-02 6.830309868856385136e-02
-4.297165561178251103e-02 -1.080243177792754167e-01 1.261273641649740818e-01
1.670195967066707421e-01 2.634055575543085559e-01 -1.349751799782485939e-01
-1.490951744430873416e-01 -2.341931555572844548e-01 7.983435521127978107e-02
5.758376217133176489e-02 -3.539966886195464180e-02 5.607879011169468464e-02
-2.175561719362100466e-01 2.599009862704008966e-02 2.087861395139535281e-01
-4.963158982819554539e-03 1.579718090466022615e-02 -1.785167125394224175e-01
4.172631152088772666e-01 -9.024657626861180837e-02 7.437330061330127418e-02
-8.713277498324240034e-02 1.141538715160331091e-01 -3.202716557214877607e-02
-1.648027625317841083e-01 -1.192089303355663987e-01 7.869916099661392050e-02
2.123297043718314764e-02 -2.504930685340922905e-02 1.493252313865602310e-01
-2.122137766561612848e-01 -2.671516805043758769e-01 -1.990918134213404966e-01
-2.348349077477878410e-01 1.320500803701382397e-01 2.362198343867336348e-01
1.016275080215578441e-01 -6.359964707901529790e-01 2.474685787575939266e-01
-1.024594199654293158e-01 6.590527039356753880e-01 -2.861525613300323068e-01
2.353527293259921882e-01 -1.549498916829170070e-01 4.746041972425055211e-02
1.056560581946039967e-01 1.388127281633820542e-01 1.122951553075222236e-02
-8.296057769173385832e-02 -1.386225421447395412e-01 -2.835498556268670201e-01
-4.985464882925790681e-02 1.164718772757624421e-01 2.726004429860261480e-01
