2.016178158445992019e-01 -1.684928738629082545e+00 -1.808539175468763111e-02
-5.075103210908431528e-01 2.084896404972615969e-01 5.504590614788916758e-01
-6.161247708870761786e-01 1.975228001554354962e-02 -1.323241231920396221e-01
4.366218903092503045e-01 -5.242167169887869405e-02 1.171583806226961059e-02
7.117105110049077865e-01 6.451185402689849080e-02 -1.245076777041423562e-02
6.965103476977161368e-01 9.350180415119133115e-02 1.171880222818087874e-01
1.414755286631739009e-02 -5.377633571398737072e-02 1.291436522000918019e-01
-1.989220666721944024e-03 2.229925627288691370e-01 -4.155355767877318141e-02
-3.364555097923381810e-01 -2.771975671331636595e-02 -1.361358634579502500e-02
-5.311888420353114842e-02 -5.031392619880655642e-02 6.719254775874572427e-02
-2.400317064533541433e-01 1.530988761050653679e-01 2.699349429866016933e-02
1.165988095910579919e-01 -1.012299226377930267e-01 -6.477777406268414584e-02
1.700028394014866662e-01 1.976134310029241947e-01 5.987469255851211175e-02
-2.117708315098265279e-02 1.640201767065664062e-01 -3.392116848125038553e-01
-3.153423563361974769e-02 -1.889773582295310728e-01 3.916425242788330041e-01
-1.837284714398178809e-01 2.338232038518974669e-04 5.050483929625493307e-02
1.950372046786830182e-01 -4.168452578432713107e-02 -6.192264500532322913e-01
4.196511501914219205e-02 -8.961803330686986258e-02 5.905237262359882555e-01
4.188005135052192407e-01 -5.972108042617726431e-01 9.277005580145090968e-02
1.047118935895275521e-01 5.689059237158164972e-01 -2.140549684562045862e-01
2.061599151270891439e-01 -2.176954229303942057e-01 4.481860472450116539e-02
7.121221474060572543e-02 1.550626536284680224e-01 -8.954086253430834641e-02
-1.013401339099368054e-01 -9.251562765451029624e-02 -2.219757686020979448e-01
-3.645014430055046328e-02 7.316221091668825838e-02 3.294835151405598461e-01
