-2.388896083612940813e-01 -1.691546867994381254e+00 -2.131435079714694841e-02
-1.917127530070537877e-01 6.395153398986220573e-04 -1.533628947149639765e-01
-5.509695700928847195e-01 8.141828091755883012e-02 1.038618486799583601e-01
2.957340445293638598e-01 -8.738200530334293281e-02 1.279317082967657698e-02
9.753608847499659618e-01 -9.297863123817287981e-03 -2.176588303623313569e-01
4.050079983067549905e-01 3.091082957538337367e-02 1.185093595204300687e-01
1.571888659125986465e-01 -1.455936597556785617e-01 1.424453244182789791e-01
-1.649784428801173430e-01 2.167939639715819045e-01 1.259101281718578297e-02
-2.289772138269610680e-01 -2.375262668351920403e-01 -1.929152863000552776e-01
-1.180060348635360856e-01 -8.987016707108720637e-02 3.433947315785487731e-02
-2.698933429913166204e-01 1.451683179555011693e-01 1.377932833066795038e-01
1.283679937239453617e-01 6.979250418753624174e-02 1.077275862642546322e-01
2.865423325246228003e-01 -7.471912613167698558e-02 -7.078718933323140117e-02
-7.614161885741510018e-03 -1.319866409651068717e-01 -4.458600500844143166e-01
-4.890390814550994031e-02 8.899161873821240243e-03 5.775104296216720945e-01
2.008336193721614316e-01 4.609764860052755061e-04 6.671934879993704492e-02
9.016303189578989130e-02 -5.452727905873067105e-01 -4.379830548471421725e-01
3.947605903911788894e-01 -3.169382661068002871e-02 7.494716085834235431e-01
1.718940062123972268e-01 -6.852093104991354711e-01 2.857401070065354251e-02
2.725557465893396758e-01 4.996706992767820932e-01 -9.894408444789695029e-03
4.510398102237246909e-01 -1.352112068754494911e-01 -3.417159906520986917e-02
2.485018323190492651e-01 9.995929507571904571e-02 8.829552854605200729e-02
-2.653355394076207796e-01 -1.807969045280921061e-01 -2.952718132081434965e-01
-1.219240440218165300e-01 2.079683950258045810e-01 3.677232394498502477e-01
