-5.431624673982146101e-01 4.971889772771925564e+00 -8.663200026008602284e-02
-4.500039921994914427e-01 -2.650359890956486067e-02 2.708597934199895585e-01
-3.363402790092899219e-01 -2.292139600075297767e-01 -2.929697111855513181e-01
3.308997490916688600e-01 1.409403443155808344e-01 -3.980937199689507655e-02
4.216438420656008490e-01 -3.265558166851809663e-01 -1.163211891144261823e-01
9.399136104230028099e-01 -2.508158089450601702e-01 1.051464858174614714e-01
2.700174531371521067e-02 9.017991024464115657e-02 1.515716318764125103e-02
-2.697157231423555901e-01 8.671219937082753904e-02 4.508338107511334486e-02
-1.715710088840826375e-01 -2.140108791260078025e-01 7.781025929931947860e-02
-4.149546126249836070e-02 1.197494155071205379e-01 1.533283385471787864e-02
-2.789227984298207549e-02 1.000859168510114111e-01 5.094992797775894922e-02
-1.997162564096561718e-02 -2.789206771292478473e-03 -6.101272541343597672e-02
1.204552499719126896e-01 -4.930933219075836482e-02 4.004926294006720677e-02
-1.009592959451437594e-01 1.687449994815886090e-01 -1.934938319086806080e-01
3.977169628318172334e-02 3.319790813691004261e-01 3.120709450301625276e-01
-1.597667311138515345e-01 -2.385861097198803127e-01 2.726849728880681445e-02
1.129024258565350658e-01 6.150371163692202464e-02 -5.622778706130165949e-01
-7.762563017426470091e-02 3.755092171126631073e-01 3.857169298293096071e-01
4.802597510352992621e-02 -4.160346126185164306e-01 1.584638408208804417e-01
1.826637125142332174e-01 6.427467363576550019e-01 -8.283067158689995380e-02
2.966814184082906536e-01 -1.968833264979616415e-01 -3.372267772846894440e-02
2.034034077719568956e-01 2.633296328059192559e-01 -3.529320875506685579e-02
-1.184275491400809954e-01 -6.063493378605849804e-02 -1.327017478727941513e-01
3.375527814979212282e-02 2.872716846606362950e-02 7.381528527954386854e-02
