-2.126889401759944620e-01 1.987222581030170687e+00 -2.021392024638699603e-01
-2.943028410067232148e-01 3.074082552924736929e-03 2.561290311712679513e-01
-5.199248600138840493e-01 6.162301443108701704e-02 -1.361565571189753965e-01
2.869747976322705729e-01 -1.149757996795228165e-01 2.508111139108889359e-02
6.503433949913179912e-01 -2.272993641525704878e-01 -8.000653237992799705e-02
1.337394672155490793e+00 6.305419532423491014e-02 5.201226140909388090e-02
-6.989841386675912926e-02 -1.535703295785998401e-01 -9.550773347039008543e-02
5.700059261309916581e-01 1.137605022129209581e-01 -2.272945885119616038e-01
4.099035667374028441e-02 -1.710385548157386526e-01 1.592854383762434267e-01
5.363183554372561584e-02 -4.171030928161514884e-02 -3.939530792072869908e-02
-4.860465088766780517e-01 1.236466897231984080e-01 2.517860194284656794e-01
-1.658688014961142987e-01 -6.015975880396266101e-02 -5.260857137333641020e-01
5.411431194452384075e-01 1.614717395547574652e-01 -3.393994241013344459e-01
-1.088197104014747979e-01 -2.480948859488777414e-01 -3.354837651550339750e-01
-1.750682754883556846e-01 -1.750315128011058763e-01 -4.534908359535853861e-02
-1.309373233632896193e-03 5.329986927264857011e-01 1.941504100580556669e-01
1.549873274943439627e-01 -2.803515925661159702e-01 -6.624355552501498545e-01
-6.533382634200185501e-02 -1.778032920809580475e-01 5.200109773139764968e-01
4.608630620506534159e-01 -7.770788643067316759e-01 2.464561154694704659e-01
4.931601301649208430e-02 1.354212638454190820e+00 -3.594754406706702765e-01
3.528096281402476331e-02 -2.797502470278889763e-01 -4.847082850210038263e-02
-9.843219366884713162e-02 3.092855606367639898e-01 1.734658618480214021e-01
-1.341794332819764603e-02 -1.677417984066478240e-01 -4.440242002363212759e-01
-1.089982516646026550e-01 1.613716765084423632e-01 5.965065223226315716e-01
