5.350461631886609115e-02 -1.881469519626536080e+00 4.292410985497670250e-02
-1.222159789070240421e-01 1.499046595091541589e-01 2.351418543325493882e-01
-2.790034549841499123e-01 2.654884211136609214e-03 -9.814623803035969762e-02
2.445554863241196364e-01 -1.027177956724946162e-01 3.850750756152474408e-03
2.942128420382545961e-01 3.846989710681472663e-02 -6.132832845952089496e-02
2.957369690263985107e-01 1.302886187778581062e-01 4.162222092231013942e-02
-2.781986911888077729e-02 -1.630410223504817069e-01 7.920339815931561056e-02
-6.587709492840922165e-02 1.788025016066047135e-01 -6.768086735911069129e-02
-1.947289788883607986e-01 -1.486943395642927601e-01 9.324626273784365760e-02
-2.971411276838512722e-02 -1.201972422679719738e-01 1.413541684157908380e-02
-1.733245523331416738e-01 1.010405317547940496e-01 1.495922040775621298e-01
5.684401961706592871e-02 1.329194226119846944e-01 -2.073638098314671552e-01
-5.282716662514412576e-02 1.637630595327585759e-01 9.949439821624418701e-02
-5.958187271957680886e-02 -1.722637763611065687e-01 -4.609571705865835867e-01
-3.200964174092781056e-02 -4.785717799285424401e-02 4.443021981907099849e-01
3.076720581589137971e-01 1.682338046112661079e-01 1.220712359013381189e-02
2.016812436759721494e-01 -4.332767307050138794e-01 -7.618850600138218354e-01
2.027887324666268198e-01 1.044038173165123679e-01 6.855989486007147971e-01
2.070271032701348490e-01 -4.926674550921396056e-01 -4.042837665643250235e-03
-6.884180161637618034e-02 2.867079374673672243e-01 -1.719356766929873992e-01
1.554301062552496115e-01 -6.999316845657754978e-03 1.801926086747498712e-01
1.088857798799670179e-01 -4.657889067423336832e-02 2.974415362435890720e-02
-1.616150885865837439e-01 -1.578279057154110543e-01 -2.985598193691549884e-01
-1.752524829266100814e-01 1.945797518563552042e-01 3.142055739934395686e-01
