-2.509667457635084142e-01 -1.585930877843158449e+00 2.199485972243036408e-02
-4.254070499100970348e-01 -6.694229073741627713e-03 -8.090173455163710003e-02
-7.297520513026666267e-01 7.138194553978713386e-02 4.855571139820737125e-02
3.837437410358567336e-01 -1.091040981176880642e-01 6.141153160021676355e-02
1.533182580085287183e+00 -7.296913130007351162e-04 -3.343176714280570172e-01
7.730713330210515766e-01 -3.912661390045828191e-02 1.387225550660926565e-01
1.432238084517233612e-01 -1.795135666279457087e-01 1.042718542238775525e-01
1.167065005455009685e-01 1.175297164886063700e-01 -1.610317309255424323e-01
-3.694636851572731251e-01 -2.815706309976019894e-01 -3.203999891540046385e-01
-1.648820120193089656e-01 -1.030351886195831901e-01 3.239010772904037105e-02
-4.678516867522165557e-01 1.599127750300705086e-01 2.669232797690052061e-01
1.090287410074075036e-01 5.028701958677127964e-02 4.134288975329807048e-02
3.217740277606244703e-01 -1.426928832097349442e-01 -1.718307729887276203e-01
1.825452290416854084e-02 -3.897742583170939468e-01 -6.382314605716934430e-01
-6.516942504182240969e-02 1.086213969458522388e-01 6.247282675881036251e-01
2.439337742368382633e-01 8.214566237015789862e-02 7.321625436515671881e-02
1.469611816194765497e-01 -7.192197602788625854e-01 -4.975567428786547564e-01
3.934643461809920195e-01 -1.122054133614644594e-01 6.986967939761846713e-01
3.064651382543222002e-01 -6.732930764724839312e-01 -6.366468938382895820e-03
2.669842658357352572e-01 4.628803736607227104e-01 -2.972200556345518455e-02
4.883322218516388813e-01 -1.389013686896243549e-01 -7.411228071644282260e-03
3.452886885840649178e-01 8.337146946460399777e-02 9.391956307005462634e-02
-2.652412438976471942e-01 -2.614867847906793275e-01 -4.203031712280465015e-01
-2.126797264144902055e-01 3.038539605908151531e-01 5.205666579576305741e-01
