4.557878231751786857e-01 -1.151732720010096855e+00 8.295696781184322410e-02
-7.200499504905883974e-01 2.492909426949834958e-02 4.014676833635292263e-01
-8.598341721073892163e-01 -5.246865752981760139e-02 -5.516954645516226885e-02
7.706812769194609780e-01 6.736806120752714816e-03 -1.057000977356198218e-01
1.008266658231387503e+00 -1.020794240993314617e-01 -1.310005884625194128e-01
1.233986646905185225e+00 -2.050298961669350106e-01 1.805975661827256828e-01
2.780762136391224937e-01 -2.333228643518985013e-02 1.983208969909056596e-01
4.160953826955401391e-01 2.086179873456123490e-01 -1.594384987404319498e-01
-7.113097703262298566e-02 -2.715856006034671477e-01 -1.228692264523884303e-01
-6.642205683449696474e-02 -3.845822606699916824e-02 8.784965698787597366e-02
-3.855195502965684251e-01 8.942450003740277931e-02 2.710456405040718719e-01
-2.048808886255999717e-02 6.608349992773407400e-02 -8.747324848437681988e-02
3.763471465521022186e-01 -3.147391674582047383e-01 2.207020780723350784e-01
1.376386207386664506e-01 1.880619512885990385e-01 -4.024524295914866934e-01
1.077534596707704212e-01 1.209325186119286771e-01 7.386355477087578336e-01
2.598222349212094273e-01 -4.754961976306582017e-01 1.927802374207771841e-01
1.200100334158022836e-01 -1.862712100173433138e-01 -5.109718257709021660e-01
4.176950914633579259e-01 1.125212728020062725e-01 8.352728233243923439e-01
2.965345908211799997e-01 -3.499416790823575152e-01 -2.071235034737946012e-01
4.929160414599627615e-01 1.956564878699117993e-01 2.433382156221552683e-01
4.240843468459045695e-01 -3.097517539860144067e-02 4.560318675939428745e-02
2.121515572360088420e-01 7.051844827030466500e-02 3.279339572573869432e-02
-1.071244605560331548e-01 -1.236808547606797759e-01 -2.485323169753066996e-01
7.116183005505052894e-02 1.119137785708492761e-01 1.643134416999038061e-01
