2.073779782162600560e-02 -1.771979572538824765e+00 -1.398861227122026596e-01
-8.107298411873141430e-02 1.734874636724406949e-01 2.500170486295492656e-01
-3.425416520025840184e-01 -8.058441153653221611e-02 -1.589029785817019369e-01
2.057627172366019719e-01 -6.597179490311073924e-02 2.059835108292573311e-02
1.859256449940690226e-01 -1.394231238253208771e-01 -4.554138927787708402e-02
1.010934209655964366e+00 -1.244423680869267620e-02 1.110681953628462337e-01
-2.273380252929954257e-02 -1.018763750935045426e-01 1.346991450078418029e-01
1.357908082696990815e-01 2.670971258189876463e-01 -1.116801100888316078e-01
-2.521004538469302503e-01 -2.324457292557891019e-01 2.771224171904018360e-02
3.980399146366528362e-02 -3.680488049128340100e-02 6.294802356146282640e-02
-2.176086868586811773e-01 5.942558309623406643e-02 2.112348088884218877e-01
1.506668767288177682e-02 -1.285723339108632568e-03 -1.400072650828626530e-01
4.357414255220372068e-01 -8.822868834881614220e-02 7.841636823084598140e-02
-9.507722647970666408e-02 6.029930889072913913e-02 -2.504657557945219604e-02
-1.673928462404740136e-01 -3.890148174568245493e-02 9.611120878134135626e-02
2.365426921697001000e-02 -4.503592766664280683e-02 1.513004688101616813e-01
-2.181739263782455640e-01 -3.091275979372364313e-01 -2.105999477722400870e-01
-2.024876960068645593e-01 1.938230684106557744e-01 2.694574066701483361e-01
1.054148071334056747e-01 -6.430387572222179271e-01 2.784225731711034713e-01
-6.116118557357047569e-02 7.240929979191325083e-01 -3.103953539100212655e-01
2.870452220605688165e-01 -1.383899366402708830e-01 3.565126452231377752e-02
9.528427169730255275e-02 1.547181617542146004e-01 1.186849040763122282e-02
-1.161696521472433130e-01 -1.376125677786322887e-01 -2.906349829371254745e-01
-3.762386272571171392e-02 1.015208518398115906e-01 2.771238533922465441e-01
