2.450539134527348131e-02 4.628377053309908007e+00 -1.751749928205892093e-01
-6.277217615796725214e-01 3.268574332478758893e-02 3.286253959300625693e-01
-9.495129187235286095e-01 1.641912866305311053e-02 -2.855663658336849431e-01
4.795055758780017441e-01 1.668780733478304745e-02 9.439684433224006244e-02
8.992092768001618275e-01 5.269722274168366950e-03 -5.935709215017498375e-02
1.097194813939222469e+00 -3.537874296198554452e-02 1.127574841889085883e-01
1.687139238407303621e-02 5.811914632096434191e-02 2.367758023010615651e-02
-5.786022688134215969e-02 1.851276504274526058e-01 2.206830306637223155e-02
-1.327160765163618306e-01 -1.405556915979969818e-02 9.398737068167786757e-02
-1.127242037910964889e-01 9.783359986064689429e-02 -3.367613704288442440e-03
-1.994012141786437597e-01 1.484560516438854227e-01 5.068335304866443403e-02
5.703960286571566063e-03 -3.563871849870679093e-02 -1.980463898548168178e-01
3.788857429920721720e-01 5.479206111803692353e-02 -1.488646938205164805e-01
-9.370061978343872944e-02 4.363267151013199702e-02 -4.747655886687854321e-01
8.990691022298751695e-03 1.416930578285395259e-01 4.036064137532026086e-01
1.145382247325133496e-01 1.282724942034273174e-01 1.906349330180912884e-03
3.715905171798444817e-01 -1.263362949596460449e-01 -8.797590558095459423e-01
-5.901273796846195213e-02 3.224137160009538650e-01 4.158482342463759029e-01
4.247211890464758777e-01 -5.152951241166559004e-01 8.929454752707083331e-02
5.084139122119950976e-02 4.794169556733811066e-01 -1.382736948057079196e-01
1.651375462756810297e-01 -1.778055981712829969e-01 -8.869976639155092990e-02
3.430751889048424541e-01 1.674983160079932532e-01 3.213853243262559858e-03
-9.629618688569480112e-02 -1.336939169949364625e-01 -2.287231852910958374e-01
-1.459332607995809383e-01 1.007037629877838569e-01 3.162811260712508066e-01
