9.950080436863716071e-02 3.486889674160739361e+00 -7.994573054308846682e-01
-4.632449940018806833e-01 1.559036903024716147e-01 2.008451199349440275e-01
-8.860237644965527348e-01 -3.184151373224275439e-02 -3.904664225746903305e-01
5.517830547865645308e-01 -7.521785167873447364e-02 1.795166514521559786e-01
4.764148746035433146e-01 -4.411062999073644270e-02 -1.158573581178912876e-01
6.874222118137968129e-01 1.758021092850156619e-02 3.826383877777818354e-02
-8.271334447290772107e-02 -1.017858107521363020e-01 -2.934052199109448474e-03
5.480138622185647818e-02 1.181153200102009748e-01 -5.070797874788726678e-02
-1.435147664658168176e-01 -1.132268637499663777e-01 2.247757918876423511e-01
6.031064176144487060e-02 2.304926758117782290e-02 3.146504675692182729e-02
-1.722414765108829238e-01 1.524759379586784480e-01 6.710299696545933210e-03
1.315794596485879951e-02 -6.734633656231880927e-02 -4.655150988220994046e-01
4.819787383709981943e-01 6.014531238539710944e-02 -3.305684279340423415e-01
-5.378014089391940783e-02 -3.357411415571558422e-01 -3.448875673449589008e-01
-1.184178714964185947e-01 1.179071049647348185e-01 7.653429511399661989e-02
-1.618094206583249595e-02 3.831014672868880422e-01 1.401154044809006516e-01
1.283039006541651372e-01 -1.344145056508176672e-01 -7.178681053561484227e-01
-2.864704920282890588e-01 -1.623278694695390757e-03 4.291754944112329828e-01
3.280041986406453947e-01 -7.702143078843316781e-02 4.762173056311450742e-02
-2.356776808772534648e-01 9.700200041409287044e-01 -2.270431629809423479e-01
3.782189615998159116e-02 -1.610913824401128125e-01 -9.690382949029133219e-02
7.047696214649644408e-02 2.335496961319803721e-01 3.084322698451424233e-02
-9.982776325247412486e-02 -1.359560364221011342e-01 -2.148046709813782595e-01
-2.551070840583961608e-01 6.959025412491723350e-02 3.960783065425452776e-01
