-6.384028258036019698e-01 4.860219622711966281e+00 -2.638968189854798974e-01
-8.975166217425573079e-01 -1.036671638779278481e-01 2.783025178895748852e-01
-5.731123476902239000e-01 -2.058488671882084120e-01 -3.464090983797239454e-01
5.579124217872331037e-01 1.672932915695908018e-01 1.684628625134761137e-02
9.701458971300296330e-01 -2.442961656149250371e-01 -2.190282476631975062e-01
1.158878823812748315e+00 -2.611185127102034764e-01 1.031872574403147197e-01
-4.131485283341865961e-02 8.839532571999544897e-02 -2.292997520854434326e-02
-4.431005282053541161e-01 8.495789421991366275e-02 9.171143606639838020e-02
-4.339020988055204420e-01 -2.394155958650459048e-01 -2.622307605523802043e-02
-9.572681842632108085e-02 1.411461825413686533e-01 2.374279225043586170e-02
2.456642286015201307e-02 1.348035585730216479e-01 5.945564041218360379e-02
1.237761629175991585e-02 -2.339933443837780014e-02 -5.588134882965439809e-02
4.068929516209877917e-02 -1.461456135703180503e-01 3.781721456966039008e-02
-1.269620492073446349e-01 6.253335150372897611e-02 -3.482717107845709203e-01
3.277359105111046084e-02 4.709896354409982555e-01 3.348648660561595602e-01
-2.478175354074509951e-01 -2.240274531129023972e-01 7.909395526046979208e-02
1.550080244237744542e-01 1.007104628041364108e-01 -5.922417921072105074e-01
-1.463512839183868652e-01 4.130319376027137279e-01 2.453258764397522329e-01
-3.239499197026074473e-02 -2.978935370170718855e-01 1.960979397326006735e-01
1.736606720124379832e-01 6.475967533314881397e-01 -5.716350572362113858e-02
3.145502279471325546e-01 -1.563417511005344707e-01 -4.769294100908319511e-02
2.831629934337518972e-01 2.622812580298325980e-01 -5.125055145376190141e-02
-9.582647759583637348e-02 -9.146930401647328235e-02 -1.277275136410304934e-01
5.163149523128331142e-03 5.305315319306735944e-02 7.553154447708637642e-02
