-1.599717262882717206e-01 -1.737724039889847694e+00 -6.118825270454329723e-02
-1.950538496799501809e-01 2.536081891486753961e-02 -5.002122096397577239e-02
-6.187766658465975178e-01 4.390546552674084307e-02 7.892399780608953808e-02
3.026051131399617455e-01 -8.574296441926593237e-02 -2.294853176244748133e-02
8.258360619292710592e-01 -3.559471442204823616e-02 -1.812189478124890674e-01
6.864729415743766605e-01 -7.475974557531010756e-02 1.575164243907234696e-01
1.241327583180582977e-01 -1.192895202976212848e-01 1.695671596733741571e-01
-3.020501302120530696e-01 2.534477692541917682e-01 8.065559016996813602e-02
-3.592025044475462559e-01 -2.464045734056131698e-01 -2.178354771781919053e-01
-1.136695056466962006e-01 -7.997685610279903212e-02 5.468708558683602061e-02
-1.504987413739702073e-01 1.736498761948060965e-01 1.013888141572928947e-01
1.589342747779081688e-01 1.092971557843108558e-02 1.667771741139204567e-01
3.443732016801666629e-01 -6.944667692300601769e-02 2.893430330026162262e-02
-3.178368060768488323e-02 -7.820317359072859187e-02 -3.274874863775089073e-01
-7.998804042890121646e-02 7.136532221892037675e-02 5.155147046007022560e-01
1.555243397719978382e-01 -8.987033026269708458e-02 9.045203520667584318e-02
1.154403191304168019e-02 -4.865275683701894560e-01 -3.533454060868353452e-01
2.762891878363826770e-01 1.174151480106044171e-01 6.786576866769526983e-01
1.232714901844093602e-01 -6.340623282263337934e-01 1.049176397721752890e-01
2.119958630256223442e-01 5.978773576124809530e-01 -9.261256516378181536e-02
4.578161385420550511e-01 -1.095429394048345467e-01 -3.511102709085774098e-02
1.390143376495553695e-01 1.219009702871112349e-01 4.016575382589360893e-02
-2.589669997890533537e-01 -1.390465187013213422e-01 -2.570543600600043721e-01
-4.087432476940271869e-02 1.362672074249925425e-01 3.068217383420873134e-01
