1.831482964703339544e-01 -1.906222924493528037e+00 8.250429873435732864e-02
-8.262672384808428250e-01 6.398022601460122416e-02 4.014995894985781688e-01
-9.057299167084164049e-01 1.084249501436391622e-01 -5.204452379376974663e-02
6.484006609043493352e-01 -7.827348351058047160e-02 2.175048382503497191e-02
1.240097899285423910e+00 5.713406114544280177e-03 -1.506553319156462845e-01
1.109394409040454832e+00 1.369726998313411936e-01 1.490597278280848814e-01
-6.068861242003739664e-02 -1.397780848070045157e-01 1.356488326524179222e-01
-3.264719739732343529e-01 2.655944602740357707e-01 5.907474761035766408e-02
-6.542169234951189516e-01 -1.360739558162685492e-01 -1.539948324461895279e-01
-1.128072109140852985e-01 -8.598359088755501423e-02 1.072391732331931385e-01
-2.381461620631384335e-01 1.699287260114474563e-01 5.481996507894679183e-02
1.375201090182057717e-01 -2.439149059736092640e-02 -5.270764473260283745e-02
5.131360867898969447e-02 3.815094658563918384e-01 -1.235965145094179707e-01
-8.839966841287655308e-02 -2.385436026211081306e-01 -3.443155640184759614e-01
-7.719601004128337496e-02 -1.001252475452939737e-02 4.501425849652543332e-01
-1.263314201143007909e-01 2.118668944488210082e-01 9.927975513750481040e-02
-2.856701498471345829e-02 -4.846855823358173221e-01 -3.581246313545358717e-01
7.660693014634757658e-02 -1.205300636361161942e-01 6.497338217285489881e-01
2.514177961775522219e-01 -5.378197690390026375e-01 1.276021591960319890e-01
6.160268630039988230e-02 4.065622748890417859e-01 -2.355417308455732828e-01
3.058482301729302799e-01 -1.823630080066322157e-01 1.434197767995440687e-01
3.653061151858062738e-02 1.074859853625619865e-01 -1.256384114078085423e-01
-1.108412632317032492e-01 -1.390678663548551297e-01 -2.647748008067664638e-01
-2.734663763760721358e-02 1.693241539099402115e-01 4.197526153555614647e-01
