-3.609501363167112037e-02 -1.571610214382279658e+00 1.035775281134390935e-01
2.321831795032439777e-02 6.692149669760159847e-02 1.285556719363021572e-01
-1.018265836499667287e+00 1.221122921609735096e-01 1.399810035586994406e-01
4.537928341406840538e-01 -1.694401508969845815e-01 -5.261477291505280846e-02
1.161201523800983626e+00 -2.049142144103471563e-01 -9.069428638771057094e-02
8.114049502529282476e-01 -7.701214336882755696e-02 1.829814070381536595e-01
2.523371667963130727e-01 -9.938621276069678490e-02 1.080422338667065413e-01
1.376006425791760357e-01 2.693773900513632413e-01 -1.601429110579119519e-01
-3.757679594325977757e-01 -2.905477792854045394e-01 -3.178740209874449940e-01
-1.765802746252028710e-01 -1.029427745714842357e-01 3.086594580829136666e-02
-4.322473700540537256e-01 1.391637185066497417e-01 2.427013119328252089e-01
8.698164831766889982e-02 5.790628145326794790e-02 7.284151560767614109e-02
4.459882088155515678e-01 -4.270529372943611401e-02 -1.974506252623319524e-01
-4.238748879568429023e-02 -3.717945111164955296e-01 -3.854716908548233567e-01
-2.173932700377253363e-02 2.441302815532984671e-01 6.186929380975464410e-01
3.068238202948631033e-01 -1.723836034136697337e-01 7.715903807822967198e-02
-1.488901386156332440e-01 -8.587015812363356648e-01 -1.128841997854561491e-01
3.927942091191380380e-01 2.698302262224626033e-02 7.127607837273394198e-01
2.579520372467804593e-02 -4.689014291549295499e-01 -2.002520704644712712e-02
3.781398057373654975e-01 2.948090984114541957e-01 6.208430737253317622e-02
6.243963488329411504e-01 -1.086472004995066576e-01 1.027381280289098170e-01
2.898474950492785362e-01 9.458990654733538672e-02 7.312378149108704484e-02
-2.123369087523405141e-01 -1.642325954419413536e-01 -2.783650400056635332e-01
-1.528735959143353966e-02 1.981742607264072031e-01 3.600414700396111223e-01
