-1.109997252367160431e-01 -1.752855312556370837e+00 -1.028051619383015952e-01
-2.005964039586154712e-01 4.582947957360392760e-02 4.171254467363106483e-02
-6.304262212299228674e-01 3.596669620786452359e-02 5.520592523309984095e-02
3.071620284707745063e-01 -8.913451637731595323e-02 -3.221760584008739187e-02
7.615182770755095643e-01 -5.970663943049361183e-02 -1.642717162675460807e-01
8.815049167855734114e-01 -7.080134348885182283e-02 1.978461803106124073e-01
9.820295907104642508e-02 -1.141173760920253244e-01 1.792054610093895273e-01
-2.956829378178183476e-01 2.508242959393028881e-01 8.734438738633534816e-02
-3.869731845414910998e-01 -1.914987109994462089e-01 -1.848601155291539622e-01
-9.497609080815380689e-02 -7.915023391184991541e-02 6.592691855948223933e-02
-1.333712864598575187e-01 1.885489038391544026e-01 9.493463564592208304e-02
1.326325792354871302e-01 -3.631311095226098795e-02 1.407213906910034507e-01
3.808005261424526888e-01 -6.088601028647187136e-02 7.034609324657264962e-02
-5.058631104221761321e-02 -7.076657862127842813e-02 -2.479584121076649772e-01
-1.103705228718958875e-01 8.728642813881413998e-02 4.334985756949916169e-01
1.147749163293116104e-01 -1.166804552099032777e-01 1.097697619625836868e-01
-4.679604808126192755e-02 -4.373632570431714162e-01 -3.035362471141372920e-01
1.799086588200037584e-01 1.654517648182978751e-01 5.988502449619307333e-01
1.019235660320175346e-01 -6.135374144665356466e-01 1.754050267076196212e-01
1.760752092496457033e-01 7.470995409593126357e-01 -1.732303930474689557e-01
4.308491797721311634e-01 -1.164982899886392170e-01 -9.122695114951428694e-03
8.259146147515650238e-02 1.572937908628209702e-01 1.703432096587066203e-03
-2.294545549659387229e-01 -1.123068396071159880e-01 -2.336493644027622940e-01
-2.437747021824762683e-05 8.609757678182873575e-02 2.826947575845863980e-01
