7.268676012263391994e-01 -5.585539150279754672e-01 1.824443639744541268e-01
-1.568859889587046919e+00 -2.127212554267632685e-02 4.414049444508616471e-01
-1.017210539781440826e+00 -1.471387772512327760e-02 7.387197088206026718e-02
9.360931964807029937e-01 1.752586022054329618e-02 -1.766991894305765948e-02
9.712357995571772040e-01 5.398814738286538545e-02 -1.727645277832346449e-01
8.484883157095501893e-01 -5.963918856783667621e-02 1.011330524866763531e-01
-4.541059013048661525e-02 -1.680669910175217885e-01 5.299679544747314813e-02
5.296969862551349495e-01 1.049194724640992310e-01 -2.858828583587407768e-01
-5.549295911804555947e-01 -4.417583538687385736e-01 -2.977316375534284631e-01
-9.594741933455809557e-02 -5.647261163955907132e-02 1.148565382158214937e-01
-3.060629466149888955e-01 9.881891520582976318e-02 2.350282183045871998e-01
2.980683086640066870e-01 1.493430033268692281e-01 -4.195507576584246029e-02
1.321013337469042204e-01 -3.630460079092309722e-01 5.548516047614883429e-02
3.941605560437425743e-02 -3.495022362152662709e-01 -4.543703095995997310e-01
7.588513838763044639e-02 2.890818663023389523e-01 4.256456473646383909e-01
2.234086692936425034e-01 -2.648090574809482400e-01 3.618483246735970660e-01
7.565155830890855915e-02 -3.814572462013388621e-01 -2.816366575159729435e-01
1.646714510221781169e-01 -7.567822821712594239e-02 3.189871491158228767e-01
2.214754113307876304e-01 -4.687153065943172048e-01 -3.054001924290172809e-01
4.889459211898045665e-01 3.474483696275280226e-02 2.202476058282793192e-01
2.756655767817207670e-01 -4.796616240842779127e-02 4.973227846988637763e-02
3.975690478401362471e-01 -2.017396158813525298e-02 -7.663750570807596751e-02
-7.809719087100179535e-02 -2.637406684208615792e-01 -3.327970391670933004e-01
-1.446032748264693968e-01 2.972346393112863527e-01 2.891516377605261590e-01
