2.643375188250050023e-01 4.299397833595017815e+00 -5.951992148608684641e-01
-5.944003167447434732e-01 2.649764884486193253e-02 2.983503031982318032e-01
-1.007761882715659807e+00 2.663105542760660707e-02 -4.339158496515583274e-01
6.390319907956863998e-01 1.916860087557666417e-02 1.549806707184534227e-01
1.033655750247410854e+00 -1.301339338672702073e-01 -1.281715209391234012e-01
8.492694947505343706e-01 5.753278035182118888e-02 5.949608288832907571e-02
-3.642559704917619490e-02 6.237459123905825242e-02 7.500902220149885391e-02
5.396544161193253530e-02 6.848147436089360718e-02 5.890761208855227818e-03
-7.419750364164252876e-02 4.758571064795918959e-02 2.824925031303165968e-01
2.441312924586333533e-02 1.072840859861962370e-01 4.767603795070335382e-02
-2.669376603964473960e-01 1.849208216748339517e-01 1.343272296327928730e-03
-1.426975339436356294e-01 -8.883918709209463749e-02 -4.819673630665919362e-01
5.887212794539807836e-01 5.092224664527581629e-02 -1.235770100923502396e-01
-1.018302657958520818e-01 1.252682851296276489e-01 -1.648053609721754353e-01
-5.078351862957652951e-02 2.074920102655140319e-01 2.054437665956901637e-01
4.749359547917594848e-02 9.764485921244193956e-02 1.024554386271321199e-01
1.588276779258397109e-01 1.203814028711979317e-01 -6.765828692058406535e-01
-1.356638511141088910e-01 4.576691747849288006e-01 4.801613557693994450e-01
3.678034199032967910e-01 -1.338290257515809545e-01 2.082230457265042689e-01
1.097956071032960140e-01 1.027534486532773794e+00 -1.165151721226468234e-01
1.343614935808205013e-01 -1.530732712228758952e-01 -7.285895980146521456e-02
1.779741263414616470e-01 3.104423068540811959e-01 3.659480648297062932e-02
1.001655243617832237e-02 -3.954757078012013233e-02 -5.294329493090716571e-02
-8.164449031569152859e-02 -5.942805466445882923e-02 1.384811083192427350e-01
