-1.949955701891694093e-01 1.054211321247677136e+00 -1.007731969881578843e-01
-2.679037964273898731e-01 -8.954921876325576402e-02 8.360581358162079424e-02
-3.996057751903582811e-01 -4.161095680980102240e-02 -1.865620520269929347e-02
1.551832753772988405e-01 -7.325281940962080282e-03 -1.789180284525018066e-02
6.138564595491983189e-01 -2.313110260124240369e-01 -1.216094391305901218e-01
1.152669348240440206e+00 -1.933349143622294652e-01 1.339803589400107853e-01
-6.948973355020671150e-02 -3.656998533807286067e-02 -8.794478219927374940e-02
4.934100396982432635e-01 8.722322648552160995e-02 -2.005251348561065128e-01
7.733966748028757443e-02 -2.194156666617051998e-01 5.415181040532492107e-02
1.128571498699079733e-03 2.366308234392596951e-02 -3.767678440847629234e-02
-4.054606148672716959e-01 1.262353428294220314e-01 2.740532194414684319e-01
-1.185461848686889391e-01 -5.439303372343336218e-02 -2.892081295231963556e-01
4.836694650655606331e-01 2.684963281129851831e-01 -2.376398905675851658e-01
-1.779241923378877543e-01 -1.703014903981220352e-02 -2.220002028165931618e-01
-1.439853026448116580e-01 -9.388614241913774416e-02 1.495271103459441288e-02
1.116804374818371713e-02 4.296990643242079577e-01 8.187511484766733794e-02
1.679346416026244460e-01 -2.856335236121513854e-01 -6.806464571994635948e-01
1.041876838142396719e-02 6.968351332078523419e-02 4.970231881202528679e-01
2.645652713634114028e-01 -7.113510418883642883e-01 2.810897277295242858e-01
6.005964318325444223e-02 1.205456631745179585e+00 -3.133280725388703503e-01
1.017141240734119323e-01 -2.762707461189341518e-01 -1.141551628541480484e-01
-4.431151429371869843e-02 3.170278829401380616e-01 1.652081120111758006e-01
-8.096853717987288757e-02 -1.219179159764829240e-01 -3.593953340276968556e-01
-8.582479636415346613e-02 1.345836404915102258e-01 4.706701494786529327e-01
