2.176383888047676296e-01 -1.658176433072275469e+00 1.169474170818450044e-02
-6.734677311837290459e-01 1.577277717392017997e-01 5.715304970462634637e-01
-8.037971550090352579e-01 4.438765126310725839e-02 -1.556883997433334277e-01
5.570230162677253238e-01 -4.978796471439154298e-02 1.438471705526063113e-02
8.948753762497253517e-01 3.908093507195467553e-02 -3.014606875992946466e-02
9.176094090069389919e-01 8.038418266256866507e-02 1.319402651911172064e-01
-3.281952933382316362e-02 -4.318442019601417825e-02 1.206169116524008489e-01
-8.936078250610804408e-02 2.279772888460019353e-01 -4.988147054630818165e-03
-4.320628732295699881e-01 -3.774743946049595456e-02 -3.366749145452907488e-02
-8.748983158174361563e-02 -4.063100818624053312e-02 7.356411708496631008e-02
-2.278586925053788514e-01 1.611964600839785600e-01 3.089855266053928226e-02
1.001266277274618505e-01 -9.283012988669356313e-02 -1.000586986883915952e-01
5.577391976608002400e-02 2.037246501579687841e-01 2.086059838977181308e-02
-3.776058643342149884e-02 1.110086963883922112e-01 -4.087240292827554189e-01
-3.553011552865479455e-02 -1.130735156422699034e-01 4.732641492104309733e-01
-1.719081831497572821e-01 1.480063445532431125e-02 6.175700962157134460e-02
2.226385481524144339e-01 -6.262043263858299569e-02 -6.412183455112319130e-01
5.500858129954897674e-02 -4.589482949339147161e-02 6.148431736545446613e-01
3.832441131342897433e-01 -4.955328664788545279e-01 7.363810279532501113e-02
6.055666289391072737e-02 5.599327766870889622e-01 -1.855662378198880968e-01
1.809907464812262612e-01 -2.064136536463899996e-01 7.317738482059450711e-02
2.639829344494399460e-02 1.666205800724233632e-01 -1.323785906577345517e-01
-6.134689858168830556e-02 -9.276228770623000386e-02 -2.048943220827400824e-01
-2.462754274192515639e-03 7.168727606350261405e-02 3.239815366262352447e-01
