-5.753920223622688290e-01 4.799014332370603597e+00 -2.240995618656533850e-01
-9.735763800317486227e-01 -1.105267917335717165e-01 2.918485496243393706e-01
-6.492759892273178846e-01 -1.764643522849062562e-01 -3.681280800200054104e-01
5.951778930385714927e-01 1.593730967991194569e-01 4.118878567467903346e-02
1.117997857030420983e+00 -2.173985449970831652e-01 -2.341991310483806654e-01
1.248808454469161111e+00 -2.249701375964608396e-01 1.007029320608323897e-01
-5.039240743871865186e-02 7.924159099701559572e-02 -1.410881032064769357e-02
-4.658263579408294941e-01 9.624451072035493382e-02 9.822970486920895583e-02
-4.926847279389359735e-01 -2.223199050582548575e-01 -4.558940921705319921e-02
-1.129857042709673104e-01 1.375660926741124335e-01 3.080719037211990599e-02
9.971564986389944152e-03 1.421594108675946211e-01 6.844596034059691192e-02
1.108544558423357404e-02 -2.537942908974757245e-02 -6.279626746423629113e-02
2.730374076820252932e-02 -1.654419774250913688e-01 5.190795622561827222e-02
-1.281626606166186566e-01 1.664387828313024578e-02 -4.147791912506293421e-01
3.174140919126273996e-02 4.957551831498555606e-01 3.741681522181795061e-01
-2.261221512090370034e-01 -2.093281550135069891e-01 1.007294370800557309e-01
1.490655589974254347e-01 8.162941660382491693e-02 -5.947247933741295345e-01
-1.410621798396791415e-01 4.033506713479517725e-01 2.370670884547734225e-01
-7.251971084118431776e-02 -2.879979951806488359e-01 2.196856017002731254e-01
1.764278170249063415e-01 6.561471667170037936e-01 -5.320635808757858548e-02
3.113609449867523193e-01 -1.516833344287977225e-01 -1.257435766588448599e-02
3.154986431053213303e-01 2.619692821289383300e-01 -6.772348904607847220e-02
-7.542166922503405757e-02 -1.077643459770471490e-01 -1.453556563146841674e-01
2.557531709293866737e-03 6.831682639372503585e-02 9.184845165705612935e-02
