-5.124026998478005412e-02 -1.787713381744637342e+00 -1.634951006729181977e-01
-1.203490525994247717e-01 1.111127303969187269e-01 1.739192947220304097e-01
-5.059621087055424793e-01 -1.686700653179255133e-02 -3.967116163485272934e-02
2.625002437873346084e-01 -8.461828480814215236e-02 -2.004318896227741745e-02
5.021747154055118401e-01 -1.170502257656242107e-01 -1.076907118915524098e-01
1.106087563137477137e+00 -5.724988616643469919e-02 1.859855895822635219e-01
4.994431072825308848e-02 -1.053604764755150108e-01 1.638250276195085398e-01
-1.522391074556451451e-01 2.616292650651765861e-01 2.241209760375781346e-02
-4.029451297011472644e-01 -1.875939011288742242e-01 -9.312850128788126292e-02
-2.630539142053877830e-02 -5.813089233478808265e-02 6.877481349874010885e-02
-1.558076500657738783e-01 1.509377272665996805e-01 1.372650142328223355e-01
7.755247659311505226e-02 -5.391611823073151621e-02 1.724916667166131318e-02
4.413443238752831621e-01 -5.336606523833131721e-02 9.247650896071867022e-02
-8.296193338589911981e-02 -2.268764472480040706e-02 -8.950119864253928970e-02
-1.546902083669508265e-01 7.165841956010600422e-02 2.380717902106704309e-01
4.025962171845395149e-02 -1.047120561833541630e-01 1.283746585371237647e-01
-1.698769152521032444e-01 -3.735413896895174446e-01 -2.513582193796784492e-01
-5.948309113739623510e-02 2.453796061640463877e-01 4.278532609068808612e-01
9.385945152517455314e-02 -6.194031219909446051e-01 2.846265381203609279e-01
3.144121809386665051e-02 8.155480437567158569e-01 -3.223447826664276317e-01
3.836844882574898530e-01 -1.266669999086314502e-01 3.082976448393233773e-02
6.007958397274065082e-02 1.818122453379431847e-01 -4.098201746236794507e-02
-1.801910867548861817e-01 -1.037540478556015222e-01 -2.461210100499240383e-01
1.643256368692085426e-02 5.504799982709355360e-02 2.682254950371356639e-01
