-1.617843207679698914e-01 3.925511914433809757e+00 4.230691151371595016e-01
-2.123971069568877934e-01 1.980600310018197086e-01 4.228447877314799319e-01
-3.177120140491253020e-01 1.838152741204924058e-03 -1.475605760402742550e-01
2.230717136959762259e-01 -8.391334241135661731e-02 -1.698412057680581677e-02
9.377986269427379673e-01 1.100231953446222273e-03 -1.079290715640126158e-01
7.219140394426528662e-01 2.148795217910067501e-01 7.939452242604377874e-02
-5.224039563133737324e-02 -1.625157282685277815e-01 1.225788009994051714e-01
-9.957938873855168294e-02 3.014491549224939670e-01 -3.600364364100183678e-02
-1.984972654946782489e-01 -1.025980982972325983e-01 5.962424748955896803e-02
-5.280243957080977407e-03 -6.225903987439717485e-02 6.282682535552894243e-02
-2.703102875335640087e-01 9.781901093369978206e-02 1.007471515092015768e-01
-8.876992627552517112e-02 -5.886980246875875289e-02 -1.746943731675924538e-01
2.807381599764879887e-01 -2.288315370190704412e-01 1.494650011633459619e-01
-8.832289206800465753e-02 -2.111288629175628040e-01 -1.497434503872679609e-02
-1.690489753293023534e-01 1.673033051308638330e-01 -2.129819358603827692e-02
-8.753811577532889798e-02 -1.870622846085860380e-01 2.614487312315492695e-01
-2.491552755496165006e-01 -3.284588846888377711e-01 -8.473388318905027139e-02
-2.284944083679352755e-01 2.228533271600318666e-01 1.576757642132658455e-01
1.212564803325802965e-01 -5.720534509988540739e-01 2.026368171757535752e-01
2.511794064225689738e-01 8.778250316920760410e-01 -2.148276970574753975e-01
2.598933921973980432e-01 -1.595783483928510382e-01 2.822129593401925818e-02
2.179724463108681232e-01 1.664745937211035698e-01 -1.448294732680114119e-02
-1.655244287710622153e-02 -8.409851600272678918e-02 -1.674514360857489448e-01
3.089150725055934965e-02 4.295987575058810015e-02 2.114245531228435837e-01
