-2.088642246942457592e-01 4.952759008592956036e+00 1.835866800411586619e-01
-2.010399580507917783e-01 1.026110396798312063e-01 3.398112483877294698e-01
-2.843121863360655865e-01 -1.325443062273278794e-01 -2.265308913835055449e-01
1.631045996236752393e-01 6.411147153098750717e-02 5.432057527718885635e-03
2.745152907782273388e-01 -2.302024275889322513e-01 -1.631963587059172965e-02
5.022886058637716644e-01 -7.226126161438729822e-02 7.835935814869431082e-02
6.310500573603547436e-02 4.471076442079096463e-02 5.027796905412135892e-02
-6.705356767542289265e-02 1.237607069372693436e-01 -6.021765326048551803e-02
-2.471799198185141710e-01 -1.425759522397522794e-01 4.201986921174986900e-02
-6.203447350624688439e-02 7.363627007455211815e-02 2.646005494694963264e-03
-1.420089676140317003e-01 8.196784520322572543e-02 7.626302545945577716e-02
9.635505512346367873e-02 -8.653826982981246627e-03 -2.879894351467903249e-02
2.084243792083642077e-01 1.382826661071622810e-02 1.136580329999965604e-02
-6.197964155930214825e-02 2.006535800377973744e-01 -3.045112566643981555e-01
1.973169811490657274e-02 1.493405402402261661e-01 4.166475442054133893e-01
7.259023164075539825e-02 -1.183678496903295962e-01 -4.258868894798378130e-02
1.740285285849800523e-01 -3.104351121497470750e-02 -6.203291254075818939e-01
-4.538019831363902801e-02 3.299775919541378943e-01 4.186408406933802007e-01
2.117248126070261638e-01 -5.248500500553673342e-01 1.431047013295090320e-01
9.070339792712460436e-02 5.394231202512310697e-01 -1.377411843807809788e-01
2.889985891269898355e-01 -2.191512573897407834e-01 2.775852728463780103e-02
2.848312923448625966e-01 2.208056086692364584e-01 -8.522000046030323017e-02
-1.046150210046908613e-01 -9.542993455769829825e-02 -1.788230604624116982e-01
-1.412500341662190594e-02 6.400197180533669095e-02 1.691467855128707953e-01
