-1.404583783582207535e-01 -5.128527918102980809e-01 7.337335914726662855e-03
-1.876510630225345921e-01 -1.604242214219857854e-01 3.860052300781045137e-02
9.938179748827687121e-02 -1.306500043072352235e-01 -8.922559879511636483e-02
3.108233474263309010e-02 1.558961253814842574e-01 -1.507602242345287315e-02
3.413065895519509230e-01 -4.109349738024138388e-01 -7.496527139901888737e-02
6.421578590619644311e-01 -1.073831357897287037e-01 2.393816176248595926e-02
-6.069222651420152354e-02 5.219440718192479983e-02 3.963295776990784680e-04
3.987919091867123678e-01 5.349008618035288459e-02 -1.763225736048401882e-01
1.718175598299519491e-01 -2.508875600489262059e-01 1.914617063484585491e-01
2.940393322516729468e-02 1.218640791130156109e-01 2.102754755226210470e-02
-3.876379374305243819e-01 6.013605878406538818e-02 2.908997368403491990e-01
-1.775822208822254444e-01 3.069297365645936443e-02 -3.366693045517313854e-01
2.256342962429752352e-01 2.838266500979675366e-01 -1.696309811814878873e-02
-2.072002901961138566e-01 2.694600535738177483e-01 1.687942481986282051e-02
-1.001152496214326587e-01 3.551554712839401912e-02 3.424679607091891953e-02
-2.362139902100801603e-02 2.646443949955062380e-01 6.303612962808219367e-02
-4.561477402680848281e-02 -1.252974551080751897e-01 -5.360613419677188185e-01
-1.651467604594619165e-01 4.363752769968221035e-01 3.916191293367665138e-01
4.044278914243693013e-02 -8.760901008506981613e-01 5.362076247026479336e-01
-3.922927763344380425e-02 1.230554199309908059e+00 -4.803090010692350753e-01
1.358696764604288565e-01 -2.269395758781703465e-01 -6.649025085642687460e-02
9.916811952872643665e-02 2.827438343310045288e-01 8.692049533842341469e-02
-4.192545393095954698e-02 -1.118395319014077877e-01 -3.113320874229205115e-01
-3.498866238912863580e-02 1.133170396630498594e-01 2.833397279966099469e-01
