2.191047370842061082e-01 4.917289257222139831e+00 -2.839453479604804598e-02
-2.433953953597454700e-01 1.656966821305338733e-01 2.809712644968033191e-01
-2.195818927033558465e-01 -1.193953264867439329e-01 -2.968815747303842345e-01
1.710654500862145710e-01 4.212317595430696560e-02 8.900379388198134678e-02
3.222552624772260232e-01 -4.627972113529160020e-02 -7.095363018564122826e-02
2.522513541549987193e-01 -6.358013616373192969e-03 1.109303886143298522e-02
9.591649735824313294e-02 -1.594260826641012707e-02 6.160055542077786522e-02
2.675264385990154259e-01 5.043943429429265796e-02 -1.793389295178595411e-01
1.404150839948785090e-01 -7.015211649284061601e-02 1.861954816637966803e-01
-6.245749662639535349e-03 5.498654627449339749e-02 2.540906568528843255e-03
-2.879505382403118596e-01 8.162777396848180933e-02 9.735446817967906286e-02
3.016704875189967286e-02 2.818644675697496143e-03 -1.965454377134117636e-01
4.687173026842954560e-01 5.024148227725660359e-02 -1.357819752595680329e-01
3.584412232779439749e-03 1.028207534814651603e-01 -3.431661811866096312e-01
2.882667263173361097e-02 3.097694709190581489e-03 3.388871188283295588e-01
2.620830706150904799e-02 5.195009780471823019e-02 -5.056106173329773246e-02
3.000082887312008340e-01 -7.114862572323862877e-02 -7.639554029240405164e-01
2.554169328679951542e-02 8.980601365178828011e-02 5.238192995883230729e-01
5.551451681767579638e-01 -7.300833768166702376e-01 2.953985894375426788e-02
1.498112005960891280e-01 5.683423808924201737e-01 -1.043156268366116912e-01
1.813298332537145729e-01 -3.054731698225903180e-01 -3.862104804743188291e-02
3.244171583434630746e-01 2.096268582019408522e-01 3.132334637620480533e-02
-1.584891511437988287e-01 -1.427541216674660662e-01 -2.972307065756827904e-01
-2.060587659015965523e-01 1.300062229711391737e-01 3.271111535280190608e-01
