3.623375454485497915e-01 4.405202828744376298e+00 -5.505470307377779982e-01
-7.114931976259895041e-01 3.427231944462676844e-02 3.198655718741950649e-01
-9.867920670340012412e-01 1.797079830418363278e-02 -4.588273158637358184e-01
6.728872148366091821e-01 2.352519487945062965e-02 1.545808941575906870e-01
1.159199668824222318e+00 -8.032980904736081174e-02 -1.710431094382904582e-01
7.665686744931584640e-01 9.518103411767030175e-02 3.469608350413854597e-02
-4.756944125730728362e-02 3.256029167572729865e-02 7.786468722132337816e-02
2.463759598957662028e-02 4.218110454046095081e-02 -4.429427249398531878e-03
4.653962791006227562e-02 6.093242349177699357e-02 3.081958344456026677e-01
4.946438840923011830e-03 9.905745800709669924e-02 5.042704380523151814e-02
-2.773239153332250906e-01 1.741670651986636786e-01 -3.639841553170428731e-03
-1.709094369568298355e-01 -7.254597861901301847e-02 -5.012130760975953558e-01
5.475590047344873756e-01 5.240164081945274804e-02 -1.565553421102032217e-01
-9.870404244126680660e-02 4.422376248062325627e-02 -1.818644001676507360e-01
-5.694701289921320908e-02 2.002227827763143897e-01 2.007369949511175200e-01
4.322055874702163819e-02 1.110988966112342186e-01 9.901413602902917055e-02
1.471916055718865135e-01 2.867447778542057263e-02 -6.240587029168406241e-01
-1.747439961317575063e-01 4.089547988102831266e-01 4.308207049694186552e-01
3.955119711289157847e-01 -2.089723006466755739e-01 1.862211939222954138e-01
5.485964971264431500e-02 9.154362084987224257e-01 -1.397516549930468699e-01
1.099698421447060370e-01 -1.886909962487562653e-01 -3.284717024038014827e-02
2.156786611271778731e-01 2.783430781972514589e-01 -4.510261649721523762e-03
2.356740164364031637e-02 -5.345227179205298829e-02 -5.936329964347992344e-02
-1.116056418585414794e-01 -2.255655581275616689e-02 1.614693983350058981e-01
