1.172442544265001330e-01 -1.738624988089275902e+00 -2.371692935423573914e-02
-1.986183536222704826e-01 2.199985079149377742e-01 4.196249867995697769e-01
-2.108281140928168207e-01 -5.307108956307696884e-02 -1.376081214891995974e-01
1.660415207350416922e-01 -2.818893154931591608e-02 1.227930995352194410e-02
3.963879095650584272e-01 5.144871986113606910e-02 -1.355682174268987676e-03
3.137392196045201698e-01 9.032625385877499080e-02 4.625088623727500320e-02
-1.862559869869668009e-03 -7.672831418048711716e-02 8.688148017988985006e-02
2.122302508474915583e-01 1.970563477118338624e-01 -1.226101517789898870e-01
-7.301845384058545940e-02 -9.149122985264457331e-02 1.246565288899015439e-01
4.112356645277580325e-02 -3.250583267818041300e-02 3.289901116574153045e-02
-3.361873656175076719e-01 1.057474623088019566e-01 6.562211642801753231e-02
4.672017186584637161e-02 -4.142732474398963527e-02 -2.167660338004012144e-01
2.793476341350102921e-01 9.485435914328615992e-02 9.161755474825519774e-02
-5.549011273696393548e-02 1.947315704804227499e-01 -1.441244053058942931e-01
-7.223963095543420310e-02 -2.294521148256191412e-01 1.373481473678452303e-01
-6.534191145938142431e-02 1.464758223804790531e-02 8.747589307601387476e-02
7.620864472531099776e-02 -1.402153549540557376e-01 -6.562271063069448074e-01
-3.683790023307223493e-02 -2.899961794126335382e-03 6.079770830912080148e-01
3.501529508347892561e-01 -9.341015653188036172e-01 2.718185601461886036e-01
1.141830209390322926e-01 8.051180993557660592e-01 -3.305963183515829851e-01
1.336794002456423158e-01 -2.088625092958950880e-01 -3.893016189595663312e-02
1.000186769128578179e-01 1.286969265479041280e-01 4.736898303006319144e-02
-1.207323729638070386e-01 -1.107098101555571840e-01 -2.878112595142652830e-01
-9.732550383166389818e-02 1.175707890671341405e-01 3.329398654831814963e-01
