4.259220257048375834e-03 4.974679872474880860e+00 3.745669812127667281e-02
-1.827573361424431053e-01 9.641700579476922273e-02 3.460820187660631486e-01
-3.133804350419523987e-01 -1.239428159026219889e-01 -2.414783409822935378e-01
1.554575298604098654e-01 4.060002569736992362e-02 1.250240048718608173e-02
3.320838936539151631e-01 -2.208525741616783333e-01 4.012381430629364935e-04
6.516232604007258233e-01 -7.730522737643033548e-02 7.774196297373681119e-02
7.405724219268859654e-02 2.968348845851048745e-02 3.284172314863843117e-02
2.567244261231838576e-01 9.962886534149996420e-02 -1.575640153207636396e-01
7.085536636350049829e-03 -1.175616600602976819e-01 1.095631708314222796e-01
-3.624385252010250275e-02 5.905985593803730893e-02 -1.061477389153886279e-02
-2.859119471305096583e-01 7.283875029623594621e-02 1.333878196834319407e-01
-1.464215901187273551e-02 -8.988685054022034840e-03 -1.509032957292906207e-01
3.276556565102357044e-01 2.844636060762952695e-02 -6.519251140113463405e-02
-4.267346645120550369e-02 1.680154502252058368e-01 -3.314759617812389481e-01
1.721218072364338186e-02 4.308303553495503729e-02 3.650368071647129842e-01
5.991918649846699613e-02 -2.914162148792841245e-02 -1.433461971643345753e-02
2.222881759156330461e-01 -6.091363153536020342e-02 -6.610243534806627963e-01
1.182961665160883746e-02 1.833654502595212232e-01 4.945051790387489654e-01
3.330608219567340877e-01 -5.876232766194704471e-01 8.538008725102529117e-02
1.196501830348410123e-01 5.767527077932504964e-01 -1.212415713446632348e-01
2.121980448005555964e-01 -2.598293968955717737e-01 3.320859717521054688e-02
2.381385265939802987e-01 2.329196490258292895e-01 -3.219939258748494987e-02
-8.487428674712911569e-02 -1.122058970501493835e-01 -2.577583357134382580e-01
-5.867933156097950020e-02 9.569910696298923602e-02 2.704611059631238934e-01
