-1.800536365859724541e-01 2.363444263443759130e+00 -2.422604166053834718e-01
-3.340300388171328905e-01 2.561388226165821694e-02 2.683346742289444697e-01
-5.446222107605069862e-01 9.059610796663128407e-02 -1.787964014277762526e-01
3.526998854275831818e-01 -1.388975616113475864e-01 7.324215604716638461e-02
6.995780465561046713e-01 -2.100665723826181108e-01 -7.508078906304350986e-02
1.248328568193219468e+00 1.684053888251398345e-01 1.254193600106659305e-02
-7.611067538829438539e-02 -1.982424344662888360e-01 -1.068501897051939292e-01
5.813116475176337561e-01 1.257554831974170562e-01 -2.461866094049483811e-01
1.846079341206588453e-02 -1.629562066549701815e-01 1.904511548643611774e-01
8.481838346835428311e-02 -5.891937522769604557e-02 -3.681975206317713439e-02
-5.023212355242556715e-01 1.149444401926812687e-01 2.482236750429518135e-01
-1.658970688982458752e-01 -5.018248212225949467e-02 -6.050049495525006149e-01
5.586185513698888050e-01 9.550568563529401866e-02 -3.968825050647470931e-01
-9.412697619162613272e-02 -3.661454246180082528e-01 -3.709646476152327343e-01
-1.855524293716221684e-01 -1.786404242510119533e-01 -1.080699745302549364e-01
-4.047366597367807461e-02 5.699676146602579152e-01 2.381556104267681107e-01
1.222037577955753518e-01 -2.915150217482470052e-01 -6.322954693760171052e-01
-1.219160900243559109e-01 -2.973843770747536808e-01 4.606754090276657387e-01
4.624680689137432577e-01 -7.854364736004728620e-01 2.416182234747948077e-01
2.739559207531743618e-02 1.423649126604960680e+00 -3.543207348288847092e-01
-1.264270969367957062e-02 -2.951669506184269043e-01 1.214707209895129038e-03
-1.000993875705308150e-01 3.158950215826883401e-01 1.599252333743453880e-01
1.065496938219725499e-02 -1.881575488511456895e-01 -4.669577600810166929e-01
-1.465013734866717765e-01 1.787728468648106250e-01 6.358109549751242984e-01
