1.530320799674287913e-01 -1.926066632573233184e+00 9.750088613877780364e-02
-5.933362935642614300e-01 1.706628660033684131e-01 3.584642021891193964e-01
-6.708804506738266227e-01 7.798908987870561971e-02 -4.584600747512655727e-02
5.075604979584859011e-01 -1.069519035169987919e-01 3.388330522321118810e-02
8.522199592162618131e-01 7.408142413437013296e-02 -1.194802183510561278e-01
7.021844568052801883e-01 1.981924255764003495e-01 8.777359909165445562e-02
-2.436403747631708111e-02 -2.001882788937601743e-01 1.348694634955500404e-01
-2.498033054975239142e-01 2.404347114869205548e-01 8.206875573999487458e-03
-5.331573868079054757e-01 -1.487156640745085912e-01 -1.162077691487960751e-01
-9.009552349027327711e-02 -1.132410241065806428e-01 9.244608376750342027e-02
-2.431486281476882561e-01 1.527605997952781181e-01 2.480709867541014066e-02
1.934137782127237637e-01 1.434991987024945327e-02 -2.200217992959434959e-02
1.132398432184934245e-01 3.195882336701611481e-01 -1.259614841690734344e-01
-6.691710566352306044e-02 -3.254205372070428370e-01 -3.045070033046196611e-01
-7.512282388937091548e-02 -5.750153728073380960e-02 3.581874052297430722e-01
-8.355668079743225340e-02 2.023967045919982943e-01 9.617881907083426773e-02
-1.799463661165791317e-02 -6.097639195100185150e-01 -3.587997531134433093e-01
1.024178040226736003e-01 -1.987195574035129086e-01 6.405442155169086549e-01
3.253750049717361592e-01 -7.891073082975091912e-01 3.088803853809925226e-02
1.059275381581521874e-01 2.860243707218704801e-01 -1.955406750497938884e-01
2.479348640789981739e-01 -2.166377147421611193e-01 9.769763766917584358e-02
8.303818855882699745e-02 4.810751581832282964e-02 -6.321009456181710118e-02
-1.781486952004427138e-01 -1.759988604174407834e-01 -3.331513909826750997e-01
-1.233381020378239296e-01 2.294560635226426670e-01 4.578812564956423192e-01
