1.684417178440042184e-01 -1.740272642237584710e+00 4.548521593560206355e-02
-8.260827404276280816e-01 -4.100758942466493223e-02 3.295591778042492037e-01
-8.428809335442500883e-01 7.436893250028045466e-02 -1.105971052523156833e-01
5.545707271290398754e-01 -1.116454772839638523e-02 3.135022799994587051e-02
1.295166920134088739e+00 -7.320059263419195772e-02 -1.439916428037929241e-01
1.213992753700217531e+00 5.385707992163099589e-02 1.519050808889721993e-01
-9.689780557552432616e-02 -7.547816549449047618e-02 1.407915853412774476e-01
-3.005131244940953406e-01 2.431024753714894349e-01 1.266404183113709059e-01
-6.495953606009005066e-01 -1.424837801344791266e-01 -8.713465046158690164e-02
-7.918481528945937875e-02 -1.990351811798280260e-02 1.163146061794045477e-01
-2.302141694772916469e-01 2.044483855351680590e-01 -1.232506052203657769e-02
1.109841964739501086e-01 -6.736383791119401887e-02 -1.346108349848506580e-01
1.050274018910616752e-01 2.938910405757109157e-01 -1.004618487808691535e-01
-5.040621312921764186e-02 -1.319158161808506036e-01 -2.885207738835659508e-01
-7.730940440042018136e-02 8.026438966998832025e-02 3.774817255736493959e-01
-1.560990317447559783e-01 2.140305117010260771e-01 1.284137630313079981e-01
1.161711051270132994e-01 -1.962018845739107453e-01 -5.945534312143697653e-01
-2.885939926911676792e-02 4.485038669901996594e-02 6.534968750517894387e-01
4.136198123181739628e-01 -2.965258483931188516e-01 2.813618443837543129e-02
-5.489889017000875587e-02 6.390104067992358194e-01 -2.541013608196656115e-01
1.628888752733341494e-01 -1.611893231589780762e-01 -5.429412354961875992e-02
-7.054920968595503050e-02 1.882741704613331846e-01 -1.012496731060852778e-01
-1.009897495187691147e-01 -9.159393869186893689e-02 -2.303426060477311299e-01
-2.749448894127059714e-02 6.118516261532913614e-02 4.092507805084688588e-01
