5.413765258893602494e-01 -1.049475785467548938e+00 1.698584207373976251e-01
-9.997195251346902012e-01 -1.440635752893703637e-02 4.110446680717211865e-01
-8.646270843392906968e-01 -4.512553539011060488e-02 -5.687543323746385021e-02
8.065866905150325117e-01 1.377438062226679985e-02 -1.034787882376864143e-01
1.088749642583528798e+00 -5.264590932863396494e-02 -1.583733874774734818e-01
1.119528308769423885e+00 -1.737653487450808165e-01 1.165507339465042397e-01
1.879655295580468788e-01 -7.993206565516618178e-02 1.798621572912908473e-01
4.661833242064741811e-01 1.795307654418809573e-01 -1.729633140921289225e-01
-4.525288301967445026e-02 -3.390257958607595379e-01 -1.261410638596184020e-01
-6.411586726802270819e-02 -5.361240756182898692e-02 8.831281093224097045e-02
-3.823411588868947386e-01 8.361824552968233348e-02 2.543788833292191520e-01
2.124950966717841644e-02 9.559281641288527864e-02 -1.266003023432991925e-01
3.129162438694074178e-01 -3.785666563495613257e-01 1.569999087026253959e-01
1.706673455075293777e-01 1.006686314091288226e-01 -5.007097564953177926e-01
9.575016890283949422e-02 8.805775038630690721e-02 7.627509674605323919e-01
3.135340860240210525e-01 -4.033863867784637791e-01 2.388621147645809129e-01
2.161764173728129013e-01 -1.778330817298998945e-01 -5.456832797671852253e-01
4.298518735876745711e-01 2.935027780674226081e-02 8.311565834514645923e-01
4.117519865669477808e-01 -3.102933037151880402e-01 -3.394379486704526827e-01
4.897760082124136827e-01 1.465988078946730555e-01 2.777870562529003440e-01
3.213625876413056526e-01 -3.008213842552445727e-02 3.783968596190816908e-02
2.134180789434465264e-01 3.201852770631697515e-02 -1.453731859588651421e-02
-5.422374122512822747e-02 -1.550280875715832341e-01 -2.814162267506258863e-01
3.199689242228282576e-02 1.590904385782441199e-01 2.304936300046395159e-01
