1.787701985486765954e-01 -1.544944759815413571e+00 3.483366884641502653e-02
-8.491604872159415063e-01 6.668763628914899100e-02 5.507504510372362994e-01
-9.451373384228487495e-01 4.571998841082979687e-02 -2.433335885696361611e-01
6.455479822492943276e-01 -8.416723412760784839e-03 3.231545180233308390e-02
1.110585058102434797e+00 -2.570076537442842618e-02 -7.537075988815471195e-02
1.201434748954774312e+00 5.817534720094279244e-02 1.239393914576507327e-01
-7.376869833142066235e-02 -1.106557935506809545e-02 8.224355425604591707e-02
-1.947572706101387274e-01 2.150268639621949196e-01 3.763720339806782278e-02
-5.375878149340495016e-01 -6.412931348390910058e-02 -1.152322724905902561e-02
-1.232219189738509302e-01 1.833306739505215568e-02 6.593203250401684368e-02
-2.250982066734993903e-01 1.624560409363563496e-01 4.748954523482342566e-02
4.861669273268306307e-02 -5.590855383302605758e-02 -2.073706455807812765e-01
-4.130319005362814017e-02 1.521869712507205041e-01 -2.301636827961843490e-02
-7.287473417571296852e-02 1.456257399100732881e-02 -4.710469286458131011e-01
-2.614144953933296087e-02 1.013565875746195027e-01 5.181714122576900339e-01
-1.345231497938456922e-01 3.180330699652971632e-02 9.745968570678217868e-02
2.553640198854764676e-01 -1.064345574317403786e-01 -7.183507960423317629e-01
6.502594390214135739e-03 1.522691180239099662e-01 6.220898756855247624e-01
3.461330114787851131e-01 -4.589319960792800912e-01 9.209865521345660111e-02
-8.890773562496042184e-03 5.523357302433860028e-01 -1.678365648319362080e-01
1.512409013035500294e-01 -1.717517363301501454e-01 3.884631205010031368e-02
2.141415574640404690e-02 1.695717716281661125e-01 -1.204191724310319650e-01
-4.654721828448576959e-02 -1.114911387942022075e-01 -2.213121110198462138e-01
3.816935362297461595e-03 8.463609563655202783e-02 3.079292630324590996e-01
