7.397355256007186464e-01 -8.113606422401583584e-01 2.400553550694003169e-01
-1.567933498723543817e+00 5.212011513726641856e-04 5.221416889086751834e-01
-1.085354874010900250e+00 1.314870997347534348e-02 2.738492957973576516e-02
9.704028163555177278e-01 -6.622227979523251200e-03 -2.191386850192633684e-02
1.177274351402752828e+00 6.476989516894458843e-02 -1.962076642422815875e-01
1.003734059655775557e+00 -5.214030796470725537e-02 1.019301743959265816e-01
-4.756480299048716082e-02 -1.614051667815181723e-01 6.685626837577000880e-02
5.628804714977880819e-01 1.095082340920789654e-01 -2.946199026380552644e-01
-5.113363497804301883e-01 -4.123031882460267417e-01 -2.684942582960392343e-01
-7.794682156756824187e-02 -7.671921894093668148e-02 9.667694674778352926e-02
-3.788902700646277211e-01 9.014056804975675852e-02 2.618159873960920758e-01
2.451637925779384386e-01 1.426171669051048974e-01 -1.243684170815761852e-01
2.275613908818557574e-01 -3.723739376806430856e-01 4.694873387618985101e-03
6.019399554894962201e-02 -2.251200845657459759e-01 -5.002726284318408378e-01
5.289656994596106387e-02 1.647052345836288456e-01 5.262197685135019398e-01
3.004641183502734236e-01 -2.866828931667692593e-01 2.989991865054107967e-01
1.346628974598121087e-01 -3.930444761175234114e-01 -4.109712856364242106e-01
3.089493674966366510e-01 -1.030685776250254704e-01 5.439349448215349270e-01
3.083896547282212741e-01 -4.410289429010721407e-01 -3.048493452443233886e-01
5.543771166641118242e-01 2.806954044012630739e-02 2.941065315414680970e-01
2.513282655061246373e-01 -4.934922362389707051e-02 1.033809639080305598e-01
2.889097002372966183e-01 -9.307127039456750475e-03 -6.257090815342898626e-02
-2.374180811802017663e-02 -2.380221955954220647e-01 -3.280847941332581397e-01
-8.116771308707014521e-02 2.857058470493405444e-01 2.969918588001045356e-01
