5.436793351545207015e-02 -1.617553065830275472e+00 -9.880571794573798569e-03
-1.053568518191662362e-02 1.104039323573517556e-01 2.015592768947178648e-01
-4.782137996743559410e-02 -5.616097846706565033e-02 -1.006154571092376659e-01
2.184101487471179232e-03 -3.246997238646297333e-03 -8.365259023010275866e-03
5.502334200666203490e-02 -2.560600919135468806e-02 -2.680427600996988270e-03
9.840298844752505547e-02 7.348577968038180752e-02 2.767035305373567386e-02
-6.247311426975302520e-03 -6.449552309764886027e-02 5.587522455534542354e-02
4.655156343709900696e-02 1.532525161105769140e-01 -1.069788038432004235e-01
-5.586824577021440308e-02 -1.635661801145195382e-01 1.026998845404939881e-01
-7.010106342685459846e-02 -2.731878181817198881e-02 -2.775877782582687834e-03
-1.573778505006555584e-01 8.712430295213216547e-02 1.537006991058308958e-01
6.974040462328522094e-02 1.037811660151720244e-01 -1.258776408689863402e-01
-3.075182699484054274e-02 1.225332431577838381e-02 1.071781373404248061e-01
-4.552775274736999001e-02 3.116716740110171691e-02 -4.399469060727427827e-01
-4.179450835199434444e-02 8.036877769178017716e-03 4.954712081379594735e-01
3.104021423618128495e-01 -2.993798727161249909e-02 -9.786809392773653058e-04
2.451490945396380960e-01 -2.725063450392503639e-01 -7.673585906749844643e-01
2.159776614457887822e-01 2.208178489495111474e-01 6.924984479832143602e-01
1.814184729662528806e-01 -3.475010708970462936e-01 6.436406007251883887e-02
3.570105676034342201e-02 2.813377762371800372e-01 -1.025272954456288022e-01
2.158828540175315169e-01 -8.085965341616291324e-02 5.467708978848816181e-02
2.167026340781871563e-01 1.748808524680776910e-02 1.425069429979728547e-02
-1.491426533575280766e-01 -1.282778055993322175e-01 -2.211700183978836665e-01
-1.321543270666852288e-01 1.598599765711450349e-01 2.448730086448925869e-01
