2.609481761146477674e-01 -1.451398373607514891e+00 3.449164831286149341e-02
-1.565746663817703943e-01 1.016115407332738307e-01 2.848288555874159411e-01
-1.173807529647631132e+00 -2.504132912423363486e-02 6.040400439284401846e-02
6.902479418673085343e-01 -9.781368561520999150e-02 -1.219146647786714943e-01
9.747545938291938272e-01 -1.674831790092311257e-01 -7.632672628515130286e-02
9.082638311971629186e-01 -3.044291529612293545e-01 3.252712890895584907e-01
3.388460547859153404e-01 2.040199088206799335e-02 1.974526848961348502e-01
8.312181416725053507e-02 2.756583900402224119e-01 -9.497145408651587462e-02
-7.943730966466525101e-02 -1.753775805422738698e-01 -1.835334489469910568e-01
-1.050929671111400093e-01 -6.422759038270341170e-02 7.964196881756668844e-02
-2.801587695113583187e-01 1.396727361326137729e-01 1.795813850540206313e-01
5.145210846472802330e-03 5.718023555392891429e-04 9.971696365464059741e-02
5.434237447387085806e-01 -1.689621622691998559e-01 1.133602398234042630e-01
1.890982607992186190e-02 9.173112377688774632e-02 -2.095540346578523561e-01
7.021707547950496731e-02 2.000711565266689307e-01 6.234636869946627025e-01
1.680521866829964850e-01 -5.390805457973666392e-01 1.096375066743991294e-01
-2.021621825860223931e-01 -4.210190364719957334e-01 -1.318453074931833779e-01
2.941626132676617988e-01 1.434892669677773069e-01 6.646753178203982371e-01
-1.442463730750776774e-01 -4.227907221205629007e-01 6.144815215544657816e-02
4.198259125082480225e-01 2.402579433040299417e-01 1.080243195037323134e-01
6.393537352524344408e-01 -6.272052526045389376e-02 1.443750658104845930e-01
3.171691503975536675e-01 1.081197245238550708e-01 1.307266342611787709e-02
-2.202151925377560104e-01 -4.767580260439792383e-02 -1.084026447874467947e-01
9.501089637381757158e-02 3.879360035876965040e-02 8.159245380284256555e-02
