2.240153474852291937e-01 4.561191340081907519e+00 -2.763508992332115444e-01
-8.253295857055735762e-01 -1.487301261582177478e-03 3.258134760222265447e-01
-1.146931489141148619e+00 5.804689849940290053e-02 -3.507481218520650534e-01
6.775780684550515298e-01 1.191573489496357968e-02 1.348655115739887944e-01
1.220881184003594244e+00 -1.405929725928093885e-03 -1.383516311451543634e-01
1.300839626826588935e+00 3.958591639769908771e-02 1.077319145576443732e-01
-5.111024810402444579e-02 4.593585304107148520e-02 4.359968311710905875e-02
-2.671253390427149980e-03 1.749455090331176188e-01 3.506724337963732212e-03
-1.396524746500092395e-01 -1.639746188656702672e-02 1.680276529244428829e-01
-7.235497127039859644e-02 1.049021027961999086e-01 2.796277898552516905e-02
-3.017899651696323016e-01 1.334169366699620163e-01 9.004185909167579382e-02
-1.002436719963284845e-01 5.508467453909459896e-03 -4.009551641782813092e-01
4.112691693410162053e-01 7.863337414240047230e-02 -1.972026511774777613e-01
-1.227591797018352388e-01 1.169869044565905684e-03 -3.324649059104099469e-01
-3.290685164755786235e-02 1.741739487184776614e-01 3.122878439640185411e-01
1.211859666327748941e-01 1.824104392835024513e-01 6.750155963483935040e-02
2.342326046637249193e-01 -2.008718655046383694e-01 -7.538560077471730958e-01
-1.287475746699456580e-01 3.921440446487673981e-01 4.170322856294131353e-01
4.141328969962453921e-01 -4.904082690575545245e-01 1.481641716459287939e-01
-9.108535778443742695e-03 5.356861701012105570e-01 -1.658340680654085408e-01
9.455481440778462643e-02 -1.664095036083932944e-01 -2.663092649331987374e-02
2.597415221584787881e-01 1.771784343277608975e-01 -2.398070213706855747e-02
-3.738918603762456105e-02 -1.263195424446282300e-01 -2.051433112148592086e-01
-1.341415021339816827e-01 9.254871892324159632e-02 2.907764124505188286e-01
