6.249561490528469238e-02 1.711803279908092890e+00 2.665129720251084855e-01
-5.102659827038821261e-01 -5.057685228676588041e-02 1.588389922912804564e-01
-3.298557497486173107e-01 -4.460439085555145677e-02 -6.867497010680491398e-02
2.419632241559765695e-01 7.616337013667874578e-02 -3.691632977139613914e-02
1.240090869064615520e+00 -4.819636894109807085e-02 -1.807702979979063929e-01
7.439269973941149416e-01 9.985173471697766923e-02 1.494777842934230105e-01
9.813296316860795065e-02 -6.770583450428495353e-02 2.076397563455321393e-01
1.393459375722953530e-01 2.987447073585381419e-01 -6.878095902905741188e-02
3.124974462624249827e-01 -1.164539074249063416e-01 6.555927336514467962e-02
-1.068462610096703597e-01 2.696692093667455228e-02 1.045284540094568865e-01
-3.171471668796327914e-01 3.271561372781114918e-02 2.229947232916933142e-01
-2.337918584848326098e-01 5.635818897512011316e-02 -7.745131153006153124e-02
3.525711505229858211e-01 -3.977747161995100478e-01 2.846153218276167296e-01
-3.935110387463946341e-02 -1.272419845764469482e-01 -5.211001576405101948e-02
-4.385185438071048658e-02 3.645318063043075929e-01 1.835747758942129770e-01
9.032701215213757850e-02 -3.646117393688210750e-01 3.358419081169708442e-01
-2.673652433791875449e-01 -3.421636195981418438e-01 1.267412043470692862e-01
-1.566237079452069414e-01 3.632739347352202386e-01 3.254392874178873435e-02
6.058173675802557001e-02 -4.656730307609324715e-01 6.314854381626509860e-02
2.622479438432879228e-01 3.638388531131776515e-01 2.511416987898033859e-02
4.469008283144572102e-01 -1.484761900194937478e-01 9.581075138822166271e-02
4.878955136598346898e-01 1.375688567010797669e-01 -4.468399866557151712e-02
-4.045123037114522341e-02 -1.081688577874406337e-01 -1.515520103623154979e-01
1.498032222330939736e-03 8.440201442054394432e-02 1.193036572371937165e-01
