-7.292700604315455193e-02 2.874189568454706745e+00 -3.634128714984281028e-01
-3.369495232856797307e-01 1.691407747160708630e-01 3.197445391949786941e-01
-5.865048893510713679e-01 8.147721191564338827e-02 -2.818416785608127695e-01
4.376728533074371041e-01 -1.611685327929780198e-01 1.513357773364516212e-01
6.491231695424133363e-01 -7.302264748463128952e-02 -9.120208108329773411e-02
6.462412200698615106e-01 2.980002185486878563e-01 -4.790907490376607181e-02
-7.242271524590336573e-02 -2.292863768734204888e-01 -1.128968304788727228e-01
6.248060662005651134e-01 6.553654249335802429e-02 -2.992728208634171660e-01
8.338362382022869446e-02 -6.703401317207743904e-02 2.993012921054074016e-01
1.233194224920437509e-01 -5.924576272804141924e-02 -2.408870617070413278e-02
-5.163967206452666492e-01 1.253064487069104338e-01 1.583450413217082908e-01
-1.428473635324426505e-01 -5.757894604320770715e-02 -7.200057689420809037e-01
5.864124048385971344e-01 6.167427182848366635e-02 -4.164273807691507567e-01
-6.566109253265187129e-02 -4.990836605183322505e-01 -3.600772345108610994e-01
-1.598580668395427618e-01 -1.296814481783009898e-01 -2.014177794592179049e-01
-9.314000143278075572e-02 5.636206588501170289e-01 2.677560023212266493e-01
8.340565646587468074e-02 -2.541164465163004982e-01 -6.187319054095780091e-01
-2.265268240267715727e-01 -3.833225497356003708e-01 4.431960962518781688e-01
4.746433834942618835e-01 -7.708903746232770304e-01 2.662843656618441579e-01
1.687914199041769259e-02 1.460081965304008245e+00 -3.597863477762399675e-01
-4.008047429611410334e-02 -3.072283653117701685e-01 4.609938473402337006e-02
1.080998009695513344e-02 3.007208204699043375e-01 1.294127595099480443e-01
-1.143321814009464442e-02 -1.962849150184087232e-01 -4.147307057227190286e-01
-2.608282311459859670e-01 1.776283610669066315e-01 6.015009796791147556e-01
