7.219002718503499949e-01 -8.905824579660995832e-01 2.464730121154503073e-01
-1.479796949671007944e+00 -1.309674483125294539e-02 5.081577683560186687e-01
-1.053595213161190758e+00 1.093244209079522085e-02 4.097681878739474134e-03
9.216958551145513212e-01 -3.878660331792648831e-03 -3.814283284347103065e-02
1.204260828161314745e+00 3.976888343269112391e-02 -1.917125526750954601e-01
1.035390075719764047e+00 -7.529332669398115796e-02 1.057259996753290715e-01
3.707370423129033310e-03 -1.439836846731384623e-01 1.024915074730558817e-01
5.331026630265902622e-01 1.158846743485285880e-01 -2.584688056388608768e-01
-4.230221725653809384e-01 -3.808331618848121991e-01 -2.636326221969269024e-01
-9.214667129609524499e-02 -8.425386065251762313e-02 9.090475612261940397e-02
-3.667433414861454022e-01 9.816946814278387778e-02 2.544759366481286755e-01
2.121056050262691839e-01 1.121348645946470268e-01 -8.203846659423863485e-02
2.397373244265079972e-01 -3.768313712069109589e-01 2.819219140245377703e-02
9.289668024307751182e-02 -1.143319979468419706e-01 -5.700062290806680032e-01
5.629000573086447717e-02 9.090258901229437971e-02 6.619791492637742136e-01
3.298871691540204987e-01 -3.193041195106496866e-01 2.492181862621099531e-01
1.981380913604935956e-01 -3.102177597387651420e-01 -4.374197235183685528e-01
3.953508058850064288e-01 -1.266458589631484222e-01 6.306922766668734415e-01
3.641002893322163314e-01 -3.646201935822857010e-01 -3.224339522155452720e-01
5.705148390692268423e-01 9.184841446812380683e-02 2.979105868791639411e-01
2.985656443271246241e-01 -5.421358234332258885e-02 1.218044733974835564e-01
2.908450632058867114e-01 1.156474009187356128e-02 -8.105107193216819217e-02
-4.946210207056356799e-03 -2.182953682879309742e-01 -3.025438592838443075e-01
-4.449078072595935573e-02 2.575939565357713845e-01 2.916600520708175215e-01
