1.291867691202870372e-01 4.577822497871767204e+00 -2.705730827299924757e-01
-7.950264648189395711e-01 -1.289013733961830686e-02 3.323588490522216832e-01
-1.148039324213519841e+00 6.097176965570051677e-02 -3.166017747644180313e-01
6.254722466248775481e-01 1.092374387762175617e-02 1.095688188413085074e-01
1.167532812837356770e+00 -7.956885105828304799e-03 -1.056684858337063188e-01
1.313396542274554601e+00 1.387709821998627836e-02 1.171127269853252523e-01
-3.856238691521362422e-02 5.311642121764634239e-02 2.889369922543800345e-02
-4.271445816390773143e-02 2.020900330503626607e-01 2.095036920379332937e-02
-1.521289300153381152e-01 -2.663120687781755577e-02 1.329919662181235640e-01
-1.011046678966314033e-01 1.065154400023075598e-01 1.351425962446698575e-02
-2.690764476673600525e-01 1.323408219695207388e-01 8.543080960597693174e-02
-6.944234418056872971e-02 4.159801043298903822e-03 -3.390626423882736051e-01
3.689005994926519705e-01 7.162575405238745530e-02 -1.967266659061324696e-01
-1.151684588735612941e-01 3.324251144273877856e-03 -4.148141569575124477e-01
-1.684885187337490167e-02 1.733627655468331641e-01 3.706760323881637675e-01
1.450233883512205557e-01 1.896793433209199020e-01 5.827155761094596209e-02
3.041366900624188907e-01 -2.009841113727637851e-01 -8.091530301502016798e-01
-1.065572924762628049e-01 3.909350390976693013e-01 4.133440382966507842e-01
4.206144929901654561e-01 -4.955545073555944757e-01 9.543130800771951194e-02
-1.623268870296697836e-02 4.597540238789540878e-01 -1.453065814165965253e-01
1.041932822974264983e-01 -1.616803219053208340e-01 -4.723998836942147617e-02
2.800146451090771427e-01 1.623117997866670159e-01 -2.578627300975984762e-02
-5.005230220770514465e-02 -1.325899238691395920e-01 -2.225122403626719203e-01
-1.261491635691008584e-01 1.021878368108245921e-01 3.127874373829710453e-01
