6.305398159491937271e-01 -3.497789630383950632e-01 1.631530620811086629e-01
-1.399689724566133497e+00 -1.095336477751924012e-02 2.989379096446538875e-01
-8.022286303142811548e-01 -7.078187627451054675e-02 4.365572727504915540e-02
8.981613599392925806e-01 6.910837975485735474e-02 2.744922343493358743e-02
7.208038229550081111e-01 2.924749964173891867e-02 -1.704544504413401940e-01
6.186090476292155360e-01 -4.808228671716089503e-02 9.939357938077707233e-02
2.929702582560591434e-02 -1.587157826346332068e-01 4.267619197801971603e-02
5.878779816459847041e-01 1.212467965544575255e-01 -3.363120653675785166e-01
-4.446137742383156066e-01 -4.401728274926607343e-01 -2.325258912307647252e-01
-7.643798258705082616e-02 -2.493524862021250302e-02 1.239858690834149263e-01
-2.989575103412867585e-01 4.759280902344832642e-02 3.229449637071015178e-01
2.420156756833254097e-01 1.887307492969369227e-01 -8.529676019280492405e-02
1.004606645567612394e-01 -3.143160732913926614e-01 4.053689616076733976e-02
3.330117971868466753e-02 -4.211217143022554232e-01 -4.781874737122576713e-01
8.694374764337362005e-02 3.833275428610473656e-01 4.180144474204304794e-01
1.287412241154839709e-01 -1.941389525006534389e-01 3.710013526842285692e-01
4.194206545030416543e-04 -3.928888990420096317e-01 -1.910426535125372693e-01
9.804460120128330458e-02 -8.482789317460054379e-02 2.573403924854895108e-01
1.284462087008060305e-01 -5.117155663248804665e-01 -2.347052121912389100e-01
3.628419273781363641e-01 7.543981185011391921e-02 2.321993846941586559e-01
3.551999765037406886e-01 -9.462212340489703499e-02 1.173798457696475644e-01
4.405503314915587554e-01 2.322319057032743578e-02 -5.194368190441435440e-02
-1.386099422482898469e-01 -2.918754456348656712e-01 -3.731803961428294403e-01
-2.037420876592921648e-01 3.182487491057870432e-01 2.840518252707363578e-01
