1.072856473723658027e-02 -1.580804973058933527e+00 8.613949508324574011e-02
1.389356663705111350e-01 8.856955981398961786e-02 1.212504096518504937e-01
-9.605415689492298181e-01 1.089583663983977463e-01 1.627466381848944044e-01
4.549211273872928452e-01 -1.582009743060472373e-01 -8.915601999745530193e-02
9.665802938580304593e-01 -1.885563703064780106e-01 -4.159843116469093965e-02
6.147639742708308486e-01 -7.638230486665734120e-02 1.925354397573635079e-01
3.198683253150214068e-01 -7.914803405099971045e-02 1.269341867289477677e-01
-2.000732806295123928e-02 3.227161960473544644e-01 -7.632141030319293529e-02
-2.451979993234084387e-01 -2.444265108421109778e-01 -2.528733578548235106e-01
-1.535775560941044782e-01 -9.996591434013203659e-02 3.129487709276792401e-02
-3.215246032407773069e-01 1.420896546226972645e-01 1.715891124780936638e-01
8.410258413444544889e-02 4.603545934167399545e-02 1.182620894658682198e-01
5.252835850552717289e-01 -5.254532328790964546e-02 -1.327862110320397193e-01
-3.403573783612620640e-02 -2.652204239455644985e-01 -2.948362040513741733e-01
5.988662386513477973e-03 2.270943516522210548e-01 5.778383646672643481e-01
2.525470744966680781e-01 -2.740739887989223078e-01 8.314413929388686508e-02
-2.014149612795431699e-01 -7.575810022990996373e-01 -6.133698552645615309e-02
3.661703274902753935e-01 4.762419581591991607e-02 7.099988500842031591e-01
-6.685157519238865698e-02 -4.880967002065631499e-01 8.866418958598156624e-03
4.063853625307873307e-01 2.933286538381840169e-01 6.754239376406440121e-02
6.408781596066345232e-01 -1.148274689111169616e-01 9.129576455519429479e-02
2.815894923452559873e-01 1.055234319087896139e-01 8.138235155323741976e-02
-2.356178342401114012e-01 -1.123089190363789763e-01 -2.089127725257792223e-01
2.982166646979208385e-02 1.338528066618854540e-01 2.704380998199057418e-01
