7.063400063531038997e-01 -6.821186289702950711e-01 2.221201314707807462e-01
-1.560011101737641681e+00 -2.295930265214618862e-02 4.437648494147920508e-01
-1.024112926579776373e+00 -2.012757715119808249e-02 1.914676096074921854e-02
9.756500869508649698e-01 1.403917556904498744e-02 8.109919870189363431e-03
1.095397531267729541e+00 3.483918680842436333e-02 -1.945639391949643138e-01
9.250886387717561776e-01 -5.344404189063461236e-02 9.878495398346737177e-02
-1.337151364269389964e-02 -1.809075884402056023e-01 6.399070663310234275e-02
5.265561345293312545e-01 1.188642515785746506e-01 -2.857357514618046324e-01
-5.349787027006200901e-01 -4.352970386959916227e-01 -2.680299486385159802e-01
-6.312449712006323876e-02 -6.874068701059278530e-02 1.201619430557490792e-01
-3.390529287244821721e-01 9.210631772742487733e-02 2.499999810293733193e-01
2.680039172938897263e-01 1.533902339717295171e-01 -1.157420697161457152e-01
2.327520125729414524e-01 -3.850929864771692746e-01 -1.494550245768606032e-02
7.050721020844498421e-02 -3.730277082384479970e-01 -4.981198950097536771e-01
7.229228768761879198e-02 2.719764996321824557e-01 4.538136548740501763e-01
2.014662058291031843e-01 -2.373299126779248591e-01 3.474261826393344466e-01
4.287039587613823699e-02 -3.848579706601149564e-01 -3.421366777768415357e-01
1.722582967696709433e-01 -1.458351649160551378e-01 4.072549086407119545e-01
2.218958622699979122e-01 -4.737335664183764949e-01 -2.545188798006416953e-01
4.791015928255044076e-01 5.030109711331898388e-03 2.341445156717344156e-01
3.110629035566222500e-01 -3.184934764476034935e-02 8.541408537351824481e-02
4.025812549334451540e-01 -2.696670558526963191e-02 -3.196832782030177567e-02
-8.741698238541471822e-02 -2.715470655857029070e-01 -3.754673795567979866e-01
-1.602295865927000906e-01 3.099854128982748036e-01 3.328312206611666602e-01
