-1.593406196533610764e-01 3.660512011280387501e+00 -9.820753130222570348e-01
-5.945889682568504808e-01 2.854233206882266990e-02 2.509240404353815235e-01
-9.735372217713738063e-01 -9.001949813828280522e-02 -4.260371937288289224e-01
5.590407824916576729e-01 6.997505266448154904e-02 1.187815526921816439e-01
5.669111419381753780e-01 -1.517636918912944888e-01 -5.085487743536350885e-02
9.543019870800046878e-01 -1.759601393206925712e-01 9.600875714801351823e-02
3.367191130743983629e-02 9.810511609269691180e-02 8.010152543614780518e-02
-2.024145984113430441e-01 1.551548491938851693e-01 6.749029968174954930e-02
-2.253596373521807028e-01 -8.640086738223472229e-02 1.090480761262746234e-01
-7.860613249973187611e-02 1.468093237029705067e-01 4.640872708344016828e-02
-9.924906382102428523e-03 1.492354148452891272e-01 3.642853519923824196e-02
3.357430009156718576e-02 -7.941923042075035855e-02 -1.530257677629018598e-01
4.489117024438402104e-01 6.660824899322972947e-02 -3.680150512126718204e-02
-7.523231170469664442e-02 7.629545300127185681e-02 -4.451842340925849517e-01
1.286441863169306837e-02 3.239483946543531001e-01 4.320484855900124654e-01
1.636783318347613536e-01 1.713254124042697113e-01 6.631981458862605538e-02
3.686433322396575063e-01 1.933374501114418220e-02 -8.004593744670960298e-01
-1.711846102125714753e-01 5.638760145958261472e-01 2.932620476481980765e-01
3.772411238500913977e-01 8.947232284329749430e-02 -1.412484845695291813e-01
-1.279915008223971584e-01 4.932260076327782961e-01 8.497896612886504664e-02
1.466701254415117006e-01 -1.210250847234979887e-01 -1.283520395220156818e-01
2.387689985416545091e-01 2.364085056460861201e-01 -2.283374865016492977e-02
-8.024010585876646673e-02 -8.846536498254910230e-02 -1.217327954588680455e-01
-1.126578780192058205e-01 -1.142832937740700288e-03 1.711255074894014461e-01
