1.137765601137085969e-01 -1.612965486825743477e+00 6.311054024026398245e-04
-7.356539972712814457e-01 -7.898888202146796267e-02 2.701340626774943465e-01
-7.089417257379547754e-01 3.829011590556963968e-02 -1.403831550720923693e-01
4.790473707126137182e-01 3.355932524884634727e-02 3.467968134513797762e-02
1.233815282281055525e+00 -1.317972589001207839e-01 -1.354908105798945939e-01
1.198419114418513010e+00 1.172431953854167000e-02 1.329252079664035580e-01
-6.049586219127556230e-02 -2.604031684770844943e-02 1.325408636881908742e-01
-2.831188713510279786e-01 2.393006892525786078e-01 1.236390071214087671e-01
-5.886673406118935192e-01 -1.564347650422237834e-01 -4.636024110365995210e-02
-6.197505440315606573e-02 2.924786771511209832e-02 1.065880663081523183e-01
-2.243921913820811909e-01 1.824605587776498006e-01 2.025033253051117602e-02
6.569049245603149345e-02 -6.145728811854566515e-02 -1.467085261665883322e-01
1.307029242184443163e-01 3.009074029642733183e-01 -7.690143951929744037e-02
-5.344690367399426018e-02 -1.366155619720835039e-02 -2.099712181439334635e-01
-6.377228504278309451e-02 1.172184459894635711e-01 3.140859468071601213e-01
-2.032552441398118859e-01 2.250859467430473271e-01 1.076587371304494056e-01
1.580708170568494164e-01 -7.427537709905900065e-02 -6.008214864734406913e-01
-9.569289557595354878e-02 1.787896338198951274e-01 5.401502961693932514e-01
4.969602875769868477e-01 -4.239105729410779788e-01 6.765275424905506374e-02
-7.973925845094269327e-02 8.061899432325200232e-01 -2.687802167178977020e-01
1.350381599137724653e-01 -1.866466134446669867e-01 -8.596654668411912725e-02
-9.608188960839285364e-02 2.432370654908030394e-01 -8.875288218527793704e-02
-1.163892633873310628e-01 -7.742090065471014804e-02 -2.299145202141217037e-01
-2.201494045334127445e-02 2.516898224096086878e-02 3.767304983298493393e-01
