2.088946109304648246e-01 -1.849694555216033098e+00 2.488651037920150758e-02
-4.679480493510208561e-01 1.789761266584475041e-01 5.099100863977342746e-01
-1.848857774417643762e-01 -7.074430320904835645e-02 -1.412304519099144562e-01
1.711674153033183876e-01 1.410230070918742223e-02 -4.558871037020778560e-02
6.584974230214254431e-01 1.994718813806117472e-02 -5.037450568775931475e-02
4.811503948215228865e-01 4.728574250993568262e-02 3.407622438917166235e-02
-6.432174427441013278e-04 -8.354319057538787952e-02 8.093855467282821958e-02
-1.120773139046790517e-01 2.335116021620429749e-01 -5.337591974568223208e-02
-4.433870134480714653e-01 -1.697037926850476774e-01 -1.181879077485643303e-01
-6.007909767121810685e-02 -4.123470134191888070e-02 7.525148197456874369e-03
-1.305355900198196528e-01 9.944880292675928324e-02 1.033662459120566202e-01
1.946593741002178302e-01 -8.442450367748594031e-02 7.820702194532036522e-02
2.600549811608037221e-01 3.523450014344668008e-02 1.801901673583637120e-01
-4.770776905715402860e-02 2.988051517308286664e-01 -4.777798434885273116e-01
-9.121037216355928900e-02 -2.474575475656137225e-01 4.631747684786191033e-01
9.239712961266617619e-02 -1.669197619603556698e-02 6.919913781883134385e-02
1.524021180653370999e-01 -7.471905923878277567e-02 -4.877203422722749537e-01
-7.320931114612767333e-03 3.696653142835819306e-02 4.616457739039769304e-01
1.431648013743998249e-01 -5.290781564840943973e-01 1.331997716327565084e-01
-5.958869539299312817e-02 5.839858164940759933e-01 -1.866909692821709654e-01
2.032744863293574067e-01 -1.952387806169643969e-01 9.011880003310721032e-02
4.652978462150662159e-02 1.489174125000033433e-01 -1.205831715770825652e-01
-3.235266172458386297e-02 -1.114395762700829545e-01 -2.560412284259309112e-01
4.639688225511766351e-02 1.102372753701732627e-01 2.991917785905028326e-01
