-3.676000001985355037e-01 4.616894347243666985e+00 -1.371957533352563541e-03
-9.512545319664690302e-01 -8.552631517366145186e-02 3.351842509896875155e-01
-7.013939739853631838e-01 -9.644538041249908766e-02 -3.440490331268991064e-01
5.901941817857063732e-01 1.116967576560171649e-01 5.100923905778334544e-02
1.314616159922066707e+00 -1.697056411024603917e-01 -2.253648748808671498e-01
1.318239899595900155e+00 -1.028471683790858071e-01 9.461089012086665306e-02
-3.414639626434723407e-02 2.837185226740208260e-02 3.400675247985318617e-02
-4.698004446539707502e-01 1.597095081395406568e-01 9.616297099200961374e-02
-5.360030973977599755e-01 -1.911207813620808549e-01 -7.731277297622765610e-02
-1.329157149863490206e-01 9.197610857255746064e-02 5.237742379299582807e-02
-5.555982639887627889e-02 1.453872156083577949e-01 9.111095424897193429e-02
-2.503932316931295823e-03 -2.982740457570668552e-02 -5.775329186130276349e-02
3.614512434401737084e-02 -1.730234992287054407e-01 8.734592435759343243e-02
-1.188076409096957692e-01 -9.677300440359679068e-02 -4.446608914067296525e-01
2.486984441094898697e-03 4.632815454977920466e-01 3.899480397629881967e-01
-1.808758933396148183e-01 -1.910479063722822779e-01 1.525469086613671366e-01
8.687398511469801576e-02 -4.636032082743624799e-02 -4.642650324174735776e-01
-8.870151946646427643e-02 3.073329034628392020e-01 2.306869669252349375e-01
-4.998299105826043559e-02 -4.130840132506892193e-01 2.258547674788807802e-01
2.397362632175927544e-01 7.540764060335929386e-01 -5.084854663838216104e-02
2.988107003055031075e-01 -1.744723616521694776e-01 7.896552934680392544e-02
2.893134862069447477e-01 2.638635539025415699e-01 -9.666676549454047973e-02
-4.192574836820097545e-02 -1.250788833041599213e-01 -1.892942651649736907e-01
2.306372953780960744e-02 9.211759879008434015e-02 1.526153765184906919e-01
