3.593596333463255910e-01 -1.270935206459989475e+00 1.493686196217256477e-02
-4.412102689532318434e-01 7.918783078617078197e-02 3.667838923555782893e-01
-9.304045287195471525e-01 -8.757425395324638928e-02 -6.662967799107205602e-02
7.595349429535125374e-01 -1.896034676814370781e-02 -1.070631203157818706e-01
9.353354541831148117e-01 -1.683115421135786827e-01 -1.170753505209331802e-01
1.306225082767512813e+00 -3.027669320666400710e-01 2.245820976479095399e-01
3.552060791270859608e-01 1.674976978403223266e-02 1.911585047297597317e-01
3.421763496282509420e-01 2.548974105846487648e-01 -1.784460603504464116e-01
-1.130098701620244200e-01 -3.008757155084604284e-01 -1.657185700393018490e-01
-6.766546623052832610e-02 -2.826771227100898995e-02 8.006251497359460900e-02
-3.685971807061494965e-01 6.771735642056911364e-02 3.194843101608544900e-01
-3.771418306772884171e-02 7.021598016695421163e-02 -3.034135829133977058e-02
4.338006722619122124e-01 -2.834956265742645809e-01 2.289993020587103578e-01
1.042158793567438124e-01 1.891275220607212537e-01 -3.626342176825005925e-01
1.148399318056442658e-01 1.819822628229401384e-01 7.233861597602138094e-01
2.262094949808675370e-01 -5.107777810254987561e-01 1.615586639646457712e-01
-2.637245891563655062e-02 -2.620509633974575370e-01 -3.562269484175359935e-01
3.552690403531488239e-01 1.501723421724384944e-01 7.508336363881049635e-01
7.609691862152441477e-02 -4.328652656792890130e-01 -1.015755518720989903e-01
4.275276887224986888e-01 2.061922662996019950e-01 2.165639767750978106e-01
5.001201929699891080e-01 -4.190935026026848531e-02 1.355105789582244646e-01
2.254615704495153694e-01 9.563903322926919914e-02 1.152113261748712730e-02
-1.582787212843051183e-01 -1.157952701792352712e-01 -2.498548527064635982e-01
9.952725040053737871e-02 1.015331197575709971e-01 1.262420125870091503e-01
