6.716053793093576529e-02 4.592503967760363182e+00 -2.350463551429189113e-01
-7.245521081647342543e-01 1.162994465432371557e-03 3.358277428510177409e-01
-1.084784421223019324e+00 4.887222451486144398e-02 -2.916849341037140997e-01
5.685744050999410604e-01 1.158485142688147132e-02 9.644431075460611902e-02
1.058729588545698208e+00 -3.539961103938744219e-03 -7.870028769256932899e-02
1.247879682769718723e+00 -7.814023062178499998e-03 1.178449399326265551e-01
-2.147176116911800672e-02 6.071664043903499119e-02 2.048134213161514547e-02
-6.258228518712652400e-02 2.070906292921873559e-01 3.067744150265457742e-02
-1.522900020172678337e-01 -2.845465333467012831e-02 1.165318570899459005e-01
-1.080986905920943014e-01 1.066246513763219189e-01 3.064458899831698242e-03
-2.426453657896023575e-01 1.348483957395781030e-01 6.666433782571884459e-02
-3.473455326462063925e-02 -1.483850575900566484e-03 -2.851310090056767277e-01
3.458565694036590532e-01 7.309949055152338560e-02 -1.872193270330407000e-01
-1.059346275752729299e-01 2.934902529107707991e-02 -4.390490075254852576e-01
1.297065913015731618e-03 1.639382423564478275e-01 3.915151561544171765e-01
1.416414442922110106e-01 1.720356397770849421e-01 2.853344666568548293e-02
3.417446376208201908e-01 -1.635821557865959064e-01 -8.674320511699724623e-01
-8.922225270863319568e-02 3.795486527111723296e-01 4.207807851917274022e-01
4.160499267376771004e-01 -5.231794497885874362e-01 9.364335442058807635e-02
7.493986316331194102e-03 4.409714198182423384e-01 -1.484207998668024275e-01
1.122115381219900287e-01 -1.552335549884314159e-01 -8.135058853113019683e-02
3.064707235667174512e-01 1.497808720407025618e-01 -8.510428399293310658e-03
-7.075221775960786885e-02 -1.336887666829717769e-01 -2.272310750720940298e-01
-1.306905692045039480e-01 1.026449949542710821e-01 3.168148286582407880e-01
