1.767465819072596422e-01 -1.932646835465897217e+00 9.448190172313920832e-02
-7.731605042835497654e-01 1.077855138460367956e-01 3.994631755945985963e-01
-8.599694079940131131e-01 1.052080944913325183e-01 -4.361172337639141611e-02
6.376620967019890340e-01 -9.858283701036768543e-02 2.553214721396989545e-02
1.138485306490642834e+00 3.437479533456654079e-02 -1.459942342652850722e-01
9.947599560515797412e-01 1.659545294358308887e-01 1.331711618229708682e-01
-6.022335370023208789e-02 -1.708263039202912170e-01 1.352743321843778712e-01
-3.196813911512706441e-01 2.644343093933489985e-01 4.135480046914626756e-02
-6.304127942364600168e-01 -1.419602677347107378e-01 -1.561238163184174299e-01
-1.012056054368077607e-01 -1.083057291482106832e-01 1.059546670348566200e-01
-2.294833841673999952e-01 1.643310430770929809e-01 4.902220968014885799e-02
1.574169829964097989e-01 -1.227954631210665531e-02 -3.076320804552945889e-02
8.524952597273736943e-02 3.858809000207272244e-01 -1.449534482718186912e-01
-9.560003516530700407e-02 -2.876920694749156016e-01 -3.147693836915819721e-01
-8.721600074004026704e-02 -4.201224332983703041e-02 4.097563752785015057e-01
-1.360462318809716464e-01 2.113209132284566416e-01 9.663826057148687532e-02
-8.065774500868240493e-02 -5.657864361655905450e-01 -2.885804216008427958e-01
9.084787351478385009e-02 -1.860322165714786147e-01 6.386040146102024417e-01
2.009885963998050973e-01 -5.985927268266596490e-01 1.165101797160581626e-01
8.157028828248505392e-02 3.470924113746949313e-01 -2.174834998471498471e-01
2.915609000028007713e-01 -1.875021638705706428e-01 1.537267803878880346e-01
3.286709372241716776e-02 7.787761986938909753e-02 -1.002290257774568899e-01
-1.264264982204387211e-01 -1.498787273264738928e-01 -2.838205343349095022e-01
-5.239436683901620845e-02 1.960568097383312558e-01 4.332090534466300769e-01
