1.009414575985139173e-01 -1.761444082035994674e+00 -8.399762980500579887e-03
-1.592859121251729293e-01 2.012667843822021074e-01 3.818689928293313995e-01
-1.378136609538184176e-01 -6.903011106528614271e-02 -1.395712049533865684e-01
9.906154334372956061e-02 -1.620276264713371370e-02 3.568045290294129170e-03
3.482599316583804283e-01 5.188474497813026082e-02 -6.353852848421639478e-03
3.053625814783809678e-01 6.667035846907652663e-02 3.624546464168260096e-02
-8.163253723540325399e-03 -7.886695286034574315e-02 7.573365405691458163e-02
2.160847580808382129e-01 1.827928736771435581e-01 -1.178629325717109044e-01
-1.639969455714674479e-02 -1.038386070408593709e-01 1.555186003084994273e-01
4.173997127265680757e-02 -1.977278994297132497e-02 2.171912720970221172e-02
-3.481445755890353322e-01 1.060610344964334345e-01 7.168764881327840954e-02
2.686977481507716453e-02 -2.735808681568685508e-02 -2.548187886795554302e-01
2.731166800064563915e-01 6.464783655382506933e-02 1.007416672593523937e-01
-6.782545014266481986e-02 1.849211290907449012e-01 -1.193096975756785527e-01
-8.524245634058666421e-02 -2.057044393870804122e-01 9.889646058185498634e-02
-1.708505016023165526e-02 2.064396548211862997e-02 9.639331983344806565e-02
8.272978140292586158e-02 -1.971848513931967195e-01 -7.119471537022864505e-01
-5.528949970863216573e-02 7.506883339749251260e-02 6.352747822705955283e-01
3.454246209448276206e-01 -1.096664711261039038e+00 3.327237095939485356e-01
6.515066203015362767e-02 8.957360884758827080e-01 -3.862089366281951652e-01
8.038169408908506230e-02 -2.034828527832622247e-01 -7.758035530138285285e-02
5.129726007895407669e-02 1.181975828836810821e-01 7.923003791176583266e-02
-1.398245003553134913e-01 -1.204277907533235076e-01 -3.255879300078393657e-01
-1.090759483980535682e-01 1.333999829115432856e-01 3.485141574507631956e-01
