1.236147382949930040e-01 4.952243383987156022e+00 2.462429951034452585e-02
-2.120622627622591183e-01 1.399435943233791613e-01 3.266325573955999317e-01
-2.358902180956446437e-01 -1.287634512948977461e-01 -2.624487303023655960e-01
1.392870193201339313e-01 4.983155639479495969e-02 6.215502331429365729e-02
3.436497123897879202e-01 -9.552836192131558546e-02 -8.800653626419303877e-03
4.267274320806742072e-01 -4.483386300873291180e-02 4.937549339059740111e-02
8.387869667548870922e-02 1.113164914134693283e-02 6.197228556235865465e-02
3.520326844338070860e-01 9.734759842426306264e-02 -1.862448865654074970e-01
9.668489066841982893e-02 -9.590524575754802439e-02 1.473170968358477051e-01
-1.072168835841417860e-02 5.405294908179150010e-02 2.252798277115098530e-03
-3.281407839490659284e-01 6.602156093581262875e-02 1.188683461381181000e-01
1.483450908270834111e-02 8.901394387989786106e-03 -1.690210505973672728e-01
4.232372247105293250e-01 6.388999733010830573e-02 -1.120528926767020983e-01
-1.083774752343579298e-02 1.623441954727919134e-01 -3.016470131497339113e-01
3.163872908401026834e-02 -1.457497306697277430e-02 3.435428718688997574e-01
6.406813856468877855e-02 1.178039463926292170e-02 -5.863205023378650904e-02
2.492057878132905857e-01 -6.916588263368697587e-02 -7.064851580195758984e-01
4.008570163337651232e-02 9.963576290384590362e-02 5.159155244093410753e-01
4.732911527605618285e-01 -7.117254871991312015e-01 3.718037026696213027e-02
1.642158727203940072e-01 5.679625101116215768e-01 -1.009826262132962615e-01
1.619031007824772161e-01 -2.901270340186606900e-01 9.393599932668993124e-03
2.859067192226290577e-01 2.136600879143720766e-01 -5.176495972707020540e-03
-1.178067951557788123e-01 -1.300305693195452084e-01 -2.958947760193778032e-01
-1.519802266516488976e-01 1.215052410437328506e-01 3.235173036930486523e-01
