-2.946232877908037118e-01 4.484482881022062273e+00 1.254443555793700316e-01
-8.608634041511664670e-01 -4.705687260016078177e-02 3.690702020673732320e-01
-6.740635052589961651e-01 -5.978035387935290434e-02 -2.968353065569808158e-01
5.407897514695582109e-01 7.253815281937303627e-02 3.296129668279960956e-02
1.342829280943503178e+00 -1.434764786136070447e-01 -2.055164345275156679e-01
1.274181239806282839e+00 -3.081761849942662307e-02 9.519050504646534017e-02
-2.540146628998894360e-02 -9.600969526066179330e-03 6.866581870692052558e-02
-4.386552113124134178e-01 2.011377136782092900e-01 8.666836098957800272e-02
-5.241354599533567526e-01 -1.807779991902088434e-01 -8.741985393522953840e-02
-1.312601265640739034e-01 5.568660287887588350e-02 6.434383100878479644e-02
-1.015678405105916726e-01 1.418046506897718273e-01 9.081246142304380542e-02
-9.010184580526601691e-03 -3.773105723572543063e-02 -4.559771172857644828e-02
4.900394010755982493e-02 -1.531092062170761881e-01 1.215571189955895887e-01
-1.100228131337313148e-01 -1.308910092775178724e-01 -3.722573553476069552e-01
-2.511257581957782731e-02 3.956723670291409367e-01 3.408034497258820572e-01
-1.608408694083166279e-01 -1.889543697492361563e-01 1.801971171137262406e-01
2.518658877559871306e-02 -1.235475060887969989e-01 -3.282117250126736496e-01
-9.297265407072329013e-02 2.529789344168920096e-01 2.059573661139871836e-01
3.789734044090362075e-02 -5.130406970284931978e-01 2.200238271071894014e-01
2.600043645545946358e-01 8.034141789373784315e-01 -9.302328825034027193e-02
3.140225214986678837e-01 -1.840145126643704387e-01 1.007011921120693210e-01
2.557132655201498905e-01 2.492458247358922407e-01 -1.097324030840859665e-01
-3.723631632168150629e-02 -1.227076255115963632e-01 -1.938006364050937069e-01
3.665538685007404401e-02 9.245610868953534067e-02 1.820746911247178856e-01
