4.272154512280562644e-02 -1.713412737778275963e+00 7.038990925778453207e-03
-8.025885465891651610e-03 1.368920191448084744e-01 2.091658576494944966e-01
-1.304383581947298754e-01 -3.616366114037768836e-02 -1.107067028408329074e-01
7.887322358394141530e-02 -5.209430189913984849e-02 3.166003473597345610e-04
8.509519878979876495e-02 7.650847127355343835e-03 -2.430054145838114396e-02
1.848274570835120312e-01 9.886108752854078086e-02 3.662924188473690862e-02
-3.526370739766295642e-02 -1.001533709220623902e-01 5.291502517951691964e-02
2.968586742397878731e-02 1.545826467334248944e-01 -1.078551102992153371e-01
-8.617307043482119733e-02 -1.608125681877853319e-01 1.502938948820119192e-01
-1.557042824282360571e-02 -6.817104550923420991e-02 -2.146448106717044075e-03
-1.747613627804403547e-01 1.166655995131771900e-01 1.713244318187807369e-01
2.783691565070816817e-02 1.320513121276708779e-01 -2.314880679474769221e-01
-4.700632841378007271e-02 7.710468040306256432e-02 1.344611722412691612e-01
-2.108184977088152154e-02 -2.957365298486419949e-02 -4.328346068875975061e-01
-6.435308720129430393e-02 -1.298188388939897076e-02 4.408527691141354010e-01
3.093831787304733849e-01 3.490429393424447635e-02 4.307813937856295843e-03
2.137997993230688065e-01 -2.892620972198284846e-01 -8.200740711385205994e-01
1.845235384696807812e-01 2.551694220750900244e-01 7.417501159958482804e-01
2.095148147654032067e-01 -3.269605676817620710e-01 1.960727902554142144e-02
8.671377900681839085e-03 3.629274882791610479e-01 -1.427336144621648983e-01
1.667410061080843997e-01 -1.521260855540060818e-02 8.188182158926665677e-02
1.609308580521781606e-01 -2.825763180881807682e-02 4.018535629046778371e-03
-1.885406381854972946e-01 -1.335084343884636870e-01 -2.499317111255798529e-01
-1.750727979154171332e-01 1.625454053803366550e-01 2.744361846156094797e-01
