-6.313569897744413309e-03 2.081260395008068809e+00 3.438904113372024396e-01
-1.930431936583145158e-01 3.087239650339226524e-02 9.064149832940263107e-02
-1.715098640031011146e-01 -6.764475221100229099e-03 -1.491634050875648501e-02
8.970677353192306469e-02 2.121315400831803519e-02 -2.606777464453726920e-02
1.000284305239305116e+00 6.532138093540885808e-03 -1.433373429802563825e-01
6.273587195898144842e-01 1.871068649384360350e-01 1.471134988607897542e-01
1.445209984981563056e-01 -1.030432668497715532e-01 2.066716044327221447e-01
9.830769659683323558e-02 3.696627525414644677e-01 -4.248573628304198185e-02
3.246742610440966903e-01 -7.997906228240737880e-02 8.503278462136093507e-02
-6.497162175890368319e-02 -2.083477169666192366e-03 8.187535556898435651e-02
-2.843043208077100092e-01 2.409556288538881874e-02 2.041471531883724821e-01
-2.095279906265644920e-01 3.916229536107247028e-02 -4.107465047499710836e-02
4.728729527290421730e-01 -4.196593161170331099e-01 2.720989019363793116e-01
-2.018241514780227258e-02 -1.109712035251527174e-01 -1.291176450973048964e-02
-6.696338898730924694e-02 2.769563180584727613e-01 8.896111168419663928e-02
4.050489521971679246e-02 -3.228083011234503252e-01 3.191789486606557147e-01
-3.056105950445481834e-01 -3.184124910975696943e-01 9.091873884255260996e-02
-2.096389535033317542e-01 3.401434252530821656e-01 3.357835671076994655e-02
5.576747592310428436e-02 -4.521831003165159291e-01 1.048533551652497675e-01
2.251056691678995358e-01 3.328895996449695582e-01 -3.036902943911119757e-02
4.804442239410888771e-01 -1.280029430890135822e-01 4.971079146539601756e-02
4.983376241103222859e-01 1.247289241072206956e-01 -6.234839162375122729e-04
-8.760821173146793317e-02 -9.991669198104949356e-02 -1.527437054177502584e-01
-1.025896281217353843e-02 5.725573593988825261e-02 1.384533867790186945e-01
