2.079269954169951640e-01 1.042681438581690045e+00 1.877392347711437648e-01
-9.193641883895004030e-01 -1.637539327936273770e-01 2.307015305748200407e-01
-5.781399978346790647e-01 -8.386184343690815390e-02 -9.928446729306060481e-02
5.422930960209184637e-01 1.449668323466183906e-01 -7.280435845836234765e-02
1.394065297630960210e+00 -1.622403183644851588e-01 -2.020240704843950519e-01
8.017903529884108371e-01 -9.158435957738658489e-04 1.189503919987694863e-01
4.450635640525293230e-02 -2.167358095345529867e-02 1.653162898898574429e-01
1.479144653477007798e-01 2.309857050207282381e-01 -8.985673720423964506e-02
2.701249485442908660e-01 -2.380802321367236074e-01 7.719613637054158206e-02
-1.244899616415596350e-01 8.444515735897861752e-02 1.336166779791840842e-01
-3.485470711403129140e-01 2.940684451637437871e-02 2.429404788185543229e-01
-2.533394486284317182e-01 1.365372059351672163e-01 -2.131962596575313618e-01
1.020695436903582970e-01 -3.324132541739385771e-01 2.698116678032992932e-01
-7.412059596173439791e-02 -2.139073458293387908e-01 -7.849122230754719542e-02
2.080268777937958197e-02 5.654138973311668703e-01 2.818394486597132764e-01
1.268256407815943898e-01 -3.831270823404454573e-01 4.051864961082791150e-01
-2.295639986433523905e-01 -4.064878400398667102e-01 1.076811267468194416e-01
-1.112844427504034589e-01 4.533698070428872073e-01 1.035879447196609016e-01
8.329262017084962388e-02 -4.830287136871050380e-01 4.580387225274567230e-03
3.541893293869726733e-01 2.422769257725954639e-01 8.696474114630249608e-02
4.774976178004807781e-01 -1.021433395349175821e-01 5.855708428854334430e-02
5.414837177017586267e-01 8.019290308349971697e-02 -3.339166374708372586e-03
-2.640117832052797653e-02 -1.381740671252045249e-01 -1.618133388336082112e-01
-2.680726362425754801e-03 1.457167927449226630e-01 7.541050798065111749e-02
