-8.035835741777072605e-02 -1.775238640151817204e+00 -1.400178990461430628e-01
-1.641892686199737939e-01 7.595223522489109869e-02 1.132482320230975975e-01
-5.871098839529963476e-01 9.833655731664371624e-03 1.661324166369636951e-02
2.903538808204484400e-01 -8.813709572717011442e-02 -3.384541191190162945e-02
6.481917953911758845e-01 -8.882222645259930938e-02 -1.404460634744137959e-01
1.028401754850819083e+00 -7.961535340378592118e-02 2.094332378406342510e-01
7.914632319973302632e-02 -1.085028668934639173e-01 1.769596566976238128e-01
-2.541181534938531938e-01 2.564046571346563774e-01 6.965496612418300981e-02
-4.133297615300786654e-01 -1.795764352255690699e-01 -1.460290355354855463e-01
-6.455074534490271021e-02 -7.088415709128559339e-02 7.057010673027111491e-02
-1.311044489219859721e-01 1.814002525717031411e-01 1.086940389629108134e-01
1.085294147622127142e-01 -6.019742154505930420e-02 9.147519085675764883e-02
4.184191509878390502e-01 -5.175161517370986675e-02 9.064165704391966005e-02
-6.669535934537383637e-02 -5.023088736520316816e-02 -1.616351575725128997e-01
-1.375196308640226628e-01 9.172538235322102995e-02 3.382653700415149123e-01
7.075855510399427228e-02 -1.221245084116351076e-01 1.198356531073334480e-01
-1.131556987675045034e-01 -4.012912305606405883e-01 -2.727380653008402156e-01
5.553518935754840624e-02 2.176872366878684073e-01 5.172694417683251222e-01
9.406900056764760931e-02 -6.093904185079762614e-01 2.469837230669084949e-01
9.699398430634360857e-02 8.273750669998281015e-01 -2.681457886792575351e-01
4.154744920373825146e-01 -1.218319557855054303e-01 1.315446534784821958e-02
5.139049914115389334e-02 1.811079305522113880e-01 -3.168021881655899014e-02
-2.104472537660190545e-01 -9.882984563233224162e-02 -2.300632712610321262e-01
2.075681884102494393e-02 5.555640451507602023e-02 2.705803052727470126e-01
