-1.807587986565696858e-01 5.111520198081382915e-01 -3.127446834331504971e-02
-2.119644228105365402e-01 -1.245145305535926145e-01 1.250454450169064370e-03
-1.986649816069685492e-01 -8.538057971823373449e-02 2.918753196289386106e-02
6.983248645454685766e-02 6.344706802851211858e-02 -3.476029083763812477e-02
4.048487634046454842e-01 -2.582668779215990806e-01 -1.167825838075807476e-01
9.730998324003767852e-01 -2.076755870643914037e-01 1.549391009795633989e-01
-4.243354249901375164e-02 7.091221579467502610e-03 -8.268742193425690501e-02
4.479431938834044780e-01 8.880698946846835029e-02 -1.819962128752881658e-01
1.710668463936964590e-01 -2.063512981790218415e-01 9.140475751119850334e-02
-4.365671924562291965e-03 6.767336583498170799e-02 -3.149040034340783167e-02
-3.515173643893130806e-01 9.920692935402637691e-02 2.936477124663918192e-01
-1.329861723683732344e-01 -2.501176357744983036e-02 -2.458576163130684611e-01
3.964769993042429608e-01 2.748737556552648953e-01 -1.566751931482981419e-01
-1.972978521996296419e-01 5.501254556367713572e-02 -1.629365741244928056e-01
-1.112243173231277082e-01 -4.745967357282339372e-03 1.436255970476398892e-02
-3.911868536724713921e-03 3.626230484745298077e-01 6.966704183682508045e-02
1.131184199918647687e-01 -2.382824973206843777e-01 -6.333118817672649392e-01
-3.360267342244570299e-02 1.938048725860692101e-01 4.525228019103513244e-01
1.171428616152022928e-01 -7.378789224098120103e-01 3.487067936372329480e-01
1.845011398656339063e-02 1.217278421118220377e+00 -3.315144194444678560e-01
1.281056636443918817e-01 -2.808007909496118559e-01 -1.368329766935675873e-01
-1.242312263786624071e-02 3.278751657907501005e-01 1.672851332076434883e-01
-1.103108397266460705e-01 -1.103720676643069887e-01 -3.286013373157796735e-01
-6.686741208710951512e-02 1.152513852148943224e-01 3.867441051587895418e-01
