-7.671745790848830127e-02 4.978338268055312987e+00 1.639060815973906460e-01
-2.316953243457180456e-01 7.825418246286049151e-02 3.427084420860760927e-01
-3.452369183548107956e-01 -1.082659806189568696e-01 -2.361114317686872632e-01
1.743596151126015625e-01 4.348828799378617188e-02 2.028576279053440762e-03
4.264614672763878400e-01 -2.346985849164579807e-01 -1.979902517092447731e-02
7.020027010007157120e-01 -7.208665479233800077e-02 6.176779811033022288e-02
6.736602562564038277e-02 3.556545991921679362e-02 4.345804289459204162e-02
-1.279549545003615396e-01 1.377449767197432839e-01 -2.656672499727922090e-02
-2.783090225177628496e-01 -1.464514963820551796e-01 4.845399078585273939e-03
-7.981771067330918623e-02 6.298712706124519334e-02 -9.249271954228090523e-03
-1.350906083097292432e-01 1.019573560464221429e-01 6.760151757683105500e-02
8.651618357526441594e-02 -3.165126843564161629e-02 -1.243786287767715886e-03
2.533057041810035659e-01 7.524595442775020016e-03 1.070702701768321864e-02
-6.381901608270924842e-02 1.966245185763406400e-01 -3.665441486851667152e-01
1.040320593107182945e-02 9.796457112142561985e-02 4.241748529734081230e-01
6.718370829088254892e-02 -7.648766449398665401e-02 -2.978563759576497230e-02
2.048741817959205680e-01 -4.549672596086275916e-02 -6.366464369339968066e-01
-4.472490283307534870e-02 2.957793015457447217e-01 4.189760169584754168e-01
2.370717037885402834e-01 -5.389133540248891574e-01 1.649533395349206955e-01
8.210445063242155506e-02 5.328056329081163334e-01 -1.797580753559852584e-01
2.908238783197426569e-01 -2.191535056291049333e-01 4.980575647451251226e-02
2.741336356851352685e-01 2.191099604139384316e-01 -1.058377984031614316e-01
-8.691495073004922023e-02 -1.031388475435693897e-01 -2.058060576982884693e-01
-3.948403395047358691e-05 7.636909546374157087e-02 2.147933246963041332e-01
