2.756762564929348680e-01 -1.365181719063845556e+00 3.536226889713636810e-04
-2.439931525346719365e-01 9.704130926098365750e-02 2.964328081085009781e-01
-1.042275384256152293e+00 -8.455853345478299421e-02 -4.650541620469533788e-02
7.625841301776107306e-01 -6.058922646125130401e-02 -8.884308629104871458e-02
9.250208213332605789e-01 -2.124804427006811713e-01 -1.070178006561492839e-01
1.185307868064654269e+00 -3.230371828623310182e-01 2.674764214463847267e-01
3.496571334945472453e-01 1.802187895567779891e-02 1.883870734548679926e-01
2.543362840999648933e-01 2.660559673937814007e-01 -1.621870335904479765e-01
-1.030328219637251103e-01 -2.838730263108870111e-01 -1.529326272961758493e-01
-4.976056467192672972e-02 -3.865307573675472869e-02 8.370325004072375064e-02
-3.576205372312470931e-01 8.191895682639496745e-02 2.792798978230232043e-01
-4.404278718281159216e-02 6.241969030129714685e-02 -3.499562366430180455e-02
4.769332440913552351e-01 -2.630648591633996669e-01 1.469669418680941975e-01
7.257994608416616644e-02 1.173378445896090527e-01 -2.652785921701941718e-01
9.175217180160717689e-02 2.231029120278352762e-01 6.382986118893000382e-01
1.761715771205132064e-01 -5.086519546491250487e-01 1.446153683444773852e-01
-1.535100045786959300e-01 -3.313377467596107517e-01 -2.735761550551750187e-01
2.738416212907141545e-01 1.468274255904168102e-01 6.947889204972093058e-01
-7.563607902308602804e-02 -3.911332396528389710e-01 -2.691191782521440076e-02
3.596294389558656324e-01 2.063653928317424613e-01 1.679551992357941337e-01
5.320376787332862234e-01 -2.349664814471597724e-02 1.182043119395795178e-01
2.564795290553422147e-01 8.941920146789925083e-02 4.396089265957640185e-02
-1.984787592148450075e-01 -9.596755719715770183e-02 -2.068000376653772454e-01
7.488498184623115783e-02 7.778033487045818428e-02 1.118306039824479153e-01
