-2.930634219852282785e-01 4.946127184251292164e+00 1.415368345160340213e-01
-1.945330792851198143e-01 1.082907798003122923e-01 3.280505306001721411e-01
-2.629107200033499736e-01 -1.530318579204086316e-01 -2.232402126404507692e-01
1.781708951129348795e-01 7.732508948535808668e-02 7.280453743578662283e-03
1.775914571535399389e-01 -2.400055679939776809e-01 -1.612756501250139918e-02
4.221096834546407273e-01 -9.361704466978325312e-02 8.170978507076931407e-02
4.612000940223383305e-02 5.359188844785744976e-02 4.216179246691816040e-02
-1.038892910854606784e-02 1.124249044795069818e-01 -8.873716780434653950e-02
-2.313952111858378069e-01 -1.652408781640095914e-01 6.672094306564867183e-02
-4.184425243323925542e-02 8.394994069350274202e-02 8.113806178828333535e-03
-1.538559138732378817e-01 6.695617316445023892e-02 8.846163760967319656e-02
9.498549180471073383e-02 1.635575765201075643e-02 -6.785402523145411813e-02
1.869687589532262051e-01 1.903134828152708291e-02 -2.717243125095791193e-03
-6.847722163342198631e-02 2.026805736501995914e-01 -2.465523835406339404e-01
2.578927291051329174e-02 1.837285138156692921e-01 3.846387237626371358e-01
5.475093574421770887e-02 -1.380051120069434312e-01 -3.884985815997807346e-02
1.477436575273534392e-01 -2.844943895682661497e-02 -6.184359377513028999e-01
-4.371151209054456588e-02 3.483741437273697450e-01 4.353939847278821551e-01
1.795825597516269578e-01 -5.174631773912544697e-01 1.250867593641277198e-01
1.022391616849917806e-01 5.363767810136697012e-01 -1.027079180188368718e-01
2.636725066355228297e-01 -2.217637836491965775e-01 9.023627631579886690e-03
2.638824012770477623e-01 2.255846561513666915e-01 -6.269320982762389971e-02
-1.127641263592633752e-01 -9.005605383959462695e-02 -1.698198800486024895e-01
-2.003137579858361300e-02 6.024073222259406640e-02 1.409978889815257375e-01
