1.607269609560563195e-01 4.137580568721221930e+00 -7.121805007860692038e-01
-3.941146887997753478e-01 -3.001452200597099201e-03 2.173941817526710008e-01
-8.592084348553562512e-01 -4.099295411879139844e-02 -4.738115998493790393e-01
5.244167103826156140e-01 3.271506884037716362e-02 1.391089056548580893e-01
6.329863762196055177e-01 -2.881640309911364106e-01 -9.631330972794022172e-02
1.286910816941282620e+00 -9.681678837025260720e-02 6.511019677521455440e-02
1.417546382044306170e-02 8.872995498688977800e-02 9.944892876761811384e-02
1.633105727418481812e-01 6.942840806882792648e-02 -3.734958989987580656e-03
-1.332802369230088047e-01 -7.712943584878133307e-02 2.650943423291730050e-01
5.032429745779342517e-02 1.284341772757390809e-01 4.439382221057861649e-02
-2.672582968745137455e-01 1.527797871305609512e-01 7.522968144104942578e-02
-1.468797600723583952e-01 -5.896490473607112620e-02 -4.633266159487257618e-01
5.921475757294651920e-01 3.909094804175183846e-02 -8.017047159093068642e-02
-3.986662620501697091e-02 2.281003716381435897e-01 -1.681146068570174013e-01
-2.117458849579305358e-02 2.305981757366943885e-01 2.849317270336226837e-01
1.110796205394514180e-01 1.188682019252306349e-01 8.159918169920253594e-02
2.495465827848756812e-01 2.263041894141161470e-01 -8.204954333809230116e-01
-5.296066769331755908e-02 5.399742935826870038e-01 5.959639535189976689e-01
4.895461746700938699e-01 -5.795656895802032277e-02 7.713527042336958128e-02
9.252790606870023304e-02 1.059013608728480715e+00 -5.098003276665365180e-02
9.841376227465070681e-02 -1.321490153858478067e-01 -1.655401762122366838e-01
3.993915780268397775e-02 3.499752492000778314e-01 9.675313789295163225e-02
-2.561629130182942540e-02 -5.538719569208889332e-02 -1.382310242379826692e-01
-4.388966427966196904e-02 -7.217244455628926691e-02 1.573905448494698212e-01
