1.659426419373283834e-01 -1.913009682873473505e+00 -1.316721513501570122e-02
-4.252873703728772270e-01 1.865628749925911378e-01 5.607237263217779155e-01
-2.480046673546210945e-01 -5.427626935455518581e-02 -1.390195188280881344e-01
1.663935102981060343e-01 1.221595677983247641e-02 -3.409749440980315571e-02
6.642931253947700343e-01 2.763712186706369575e-02 -2.704303632388966108e-02
6.448988628197264150e-01 2.707097361597799248e-02 8.390044318978912008e-02
1.803169506628873528e-02 -5.259350269479715762e-02 4.998084353119165019e-02
-8.111495603841298307e-02 2.076071129398569803e-01 -5.430957797038862833e-02
-5.708473354577838776e-01 -1.007587626750382354e-01 -1.201796021718176538e-01
-8.351575334997027311e-02 -1.984043978744658501e-02 -3.800182142762323270e-03
-1.796726715871540259e-01 1.456275084641313888e-01 9.190118254163558154e-02
2.058068067196467676e-01 -1.161318236427363870e-01 4.054980942089313201e-02
2.624869797127730164e-01 8.961820005541924761e-02 1.792173697315359582e-01
-8.342779736298772120e-02 2.411480671680456822e-01 -4.851829333055274751e-01
-7.050840075786123096e-02 -1.435657383551794952e-01 4.455311544796301537e-01
9.503432483728330160e-02 -1.496505147789048591e-02 4.350708348783962481e-02
1.958049388081975484e-01 -1.382343280414445874e-01 -7.045329471498527063e-01
2.061205440728602553e-02 1.435794687210719400e-01 5.801169595453765648e-01
1.621058514336788381e-01 -6.301917200088683613e-01 2.556349474390134380e-01
9.132628333080063804e-03 6.644187769981826364e-01 -2.562630150966776488e-01
2.313216685596486966e-01 -1.819331885505633128e-01 5.215088161647814247e-02
6.715519284279840295e-02 1.612008755689197936e-01 -7.376670283755280833e-02
-7.676886539480795579e-02 -1.156619612083487486e-01 -2.852862838220803776e-01
3.026328239381343224e-02 1.117152081097277094e-01 3.145935436501103299e-01
