7.087922176299323029e-02 -1.798062473811435691e+00 3.393838443403363048e-02
-1.425566659769777755e-01 1.712999038124662365e-01 3.321806397778074849e-01
-2.516045234513180490e-02 -8.647827818305910130e-02 -1.445698880193532765e-01
2.882567338759687084e-02 6.539398315731944147e-03 -1.330446111849717047e-02
2.582340635331684120e-01 5.288309798461588579e-02 -1.513878866836538759e-02
2.031123890946570365e-01 3.608209089856546925e-02 -1.408850400454702070e-02
-3.390886043830927676e-02 -8.604983606083255188e-02 4.330456039342618635e-02
2.046501622758675476e-01 1.525366410773195958e-01 -1.103468893161533432e-01
4.453688776080749062e-02 -1.389842762836118739e-01 1.949039388500521941e-01
3.363518867358665509e-02 -1.750386292624552236e-03 1.832573863446177126e-04
-3.337002290067500598e-01 1.103511002791248280e-01 8.303313363753835052e-02
1.453424812756605976e-02 -1.274402137781191664e-02 -3.150379031598288804e-01
2.327426595917159169e-01 3.237850826423349648e-02 8.298876418296480262e-02
-8.980269869455433096e-02 1.598720657080306418e-01 -1.469044437491412447e-01
-1.065983666994873152e-01 -1.563579117306887756e-01 1.037455478062659087e-01
6.063081549021087646e-02 5.468172335048319260e-02 9.843981357391197451e-02
1.357696711722472804e-01 -2.535367872101779163e-01 -8.342286118833059927e-01
-4.072467141899924203e-02 2.022047310617728633e-01 7.020409870922091899e-01
3.469001934519226338e-01 -1.189660912395112069e+00 4.060467786420710601e-01
4.205666872612599111e-02 1.034716627221440755e+00 -4.299964543480405132e-01
4.873832218310384518e-02 -1.741902028680522296e-01 -1.293476721707443045e-01
2.832767083684144954e-02 1.052494657855105320e-01 1.195789682482676364e-01
-1.430898326938624676e-01 -1.375564719931360591e-01 -3.554557672180949091e-01
-1.226722135030559324e-01 1.583925931226542183e-01 3.626599421373397636e-01
