-1.091580579887769797e-01 3.581781555068664247e+00 -9.318349575183992872e-01
-5.873707613377677772e-01 6.924433041302821557e-02 2.585810550656492124e-01
-1.023089013062181030e+00 -5.976999612779880511e-02 -3.904113859595796376e-01
6.032413904720130837e-01 2.031426934089528707e-02 1.126534253428397858e-01
5.757062732884137279e-01 -1.154617610583344306e-01 -6.995159164275586983e-02
9.363461690413580341e-01 -1.200622718141427098e-01 8.597939246181500461e-02
5.390350825540538623e-04 5.133420656411458172e-02 4.432785448338076584e-02
-1.940873339885719195e-01 1.713486905000537186e-01 4.258272665523785139e-02
-2.341104495067513891e-01 -1.095885200963076372e-01 1.174741789523985336e-01
-5.873041880170357110e-02 1.169363365885667111e-01 3.406545169700694181e-02
-4.289963613308958590e-02 1.364170224932987063e-01 3.926482793490322643e-02
2.108325008005063755e-02 -5.396882107688712182e-02 -2.207119698698200017e-01
4.299942547883517374e-01 7.009756014221972531e-02 -7.847643470495160867e-02
-9.375512404260544219e-02 -3.074875489000679710e-03 -4.031313879064414851e-01
-1.353247342680485507e-02 2.761365244059226787e-01 3.338567413085195001e-01
1.088569038572987091e-01 1.973306950846095142e-01 1.112794276552617756e-01
2.717842177981977247e-01 -8.083744086591497513e-02 -7.343673479485042233e-01
-2.072262063921405384e-01 4.781387532070514035e-01 3.415887009538611796e-01
2.983215447231943873e-01 4.126089259194454240e-02 -8.577707146096769097e-02
-1.616038038608158811e-01 3.920001135523927260e-01 1.254730707357086007e-02
1.528473958434659052e-01 -1.249585230228861255e-01 -1.031346713015021399e-01
2.004433128993849678e-01 2.095189055140194156e-01 -1.977563019180779771e-02
-8.308170209211736268e-02 -9.499121143864736050e-02 -1.268127264002029131e-01
-1.073396185867295932e-01 2.580162444899450000e-02 1.824113088837699126e-01
