-1.734498355840941308e-01 -1.609005915755286731e+00 4.679516207791323962e-02
-4.143720808841118708e-01 -6.828075402883778712e-03 7.035769431013091935e-02
-9.037893292652535715e-01 9.854981340966663395e-02 9.018775610741355808e-02
4.554796940622313772e-01 -1.126514267980427558e-01 2.109917890530099011e-02
1.617956065149075418e+00 -5.871671056586201531e-02 -2.575507798642812651e-01
9.573865390943607778e-01 -8.108977676006340340e-02 1.912906621440167154e-01
1.945084534221991346e-01 -1.505505200555972145e-01 1.021888958386719948e-01
2.556606706396782336e-01 1.709250218112656761e-01 -2.271752411400677074e-01
-4.642632796791809624e-01 -2.819648856191446784e-01 -3.756731325803022159e-01
-2.183958829860190021e-01 -9.040619506687272433e-02 4.344395710511960579e-02
-5.258438302577174150e-01 1.564929698471359543e-01 3.488041229800553644e-01
1.015767387088062773e-01 4.000579909428046699e-02 1.151731804842119969e-02
3.394380437885334834e-01 -1.238733093337902325e-01 -2.069735828967922964e-01
4.677836789993777313e-03 -4.864869443487337408e-01 -6.484817875088133565e-01
-6.611769109085569029e-02 2.689992193768694917e-01 6.939679605276893870e-01
2.966177275256688395e-01 1.581173113197136687e-02 8.359181302858388618e-02
7.891480335473329000e-02 -8.619196892098603957e-01 -4.110085915338873019e-01
3.409159810616604336e-01 3.587349249224718734e-02 6.640081091343638109e-01
2.709380823020189899e-01 -6.502698957899195609e-01 -1.575165859929180540e-02
1.781138709514140661e-01 3.837452531470504358e-01 -2.493768190469251508e-02
5.379963602425654745e-01 -1.167689152355213117e-01 2.664258017144965213e-02
3.191104609289525107e-01 7.167158703784692886e-02 8.418651003771376873e-02
-2.478709988592482927e-01 -2.542923340309838909e-01 -4.338279274138339137e-01
-1.565590276592302710e-01 2.887795952609231165e-01 5.266477135354543648e-01
