1.094915031131747235e-01 -1.888121789680222262e+00 3.485551322470735805e-03
-2.750219079291852942e-01 1.956596456812900175e-01 4.723223666177537305e-01
-1.279562389839850045e-01 -6.212397185501185304e-02 -1.278832018279500715e-01
8.968126212200075442e-02 1.222643795178026196e-02 -2.595438983713716993e-02
4.160620644372848842e-01 6.141219358380232279e-02 -4.006543262757050056e-03
4.478322197968629959e-01 3.017585016559295313e-02 4.102598176576851413e-02
-2.450835566601341099e-03 -5.951582869351269844e-02 3.294855668865270121e-02
5.602555602812987062e-02 1.896463015205113178e-01 -8.370366469468885906e-02
-3.654438430581168351e-01 -1.150378773265297722e-01 4.298259958400575502e-03
-4.769763130461522616e-02 -4.455257868168970535e-03 -1.099853199865195690e-02
-2.471426398842637706e-01 1.311393863671152238e-01 1.037102046969434477e-01
1.438496528063692992e-01 -6.759365263466031448e-02 -1.066311882113148424e-01
2.025417843993312095e-01 8.526213261560902645e-02 1.461985574263761078e-01
-9.379108245418939227e-02 2.035876320872973821e-01 -3.747515708801361090e-01
-7.839397619586233046e-02 -1.155198872329991910e-01 3.353875184375427754e-01
1.063830257442579530e-01 2.204136956185866192e-02 5.151201566875888288e-02
2.066055719342370645e-01 -1.872410866545207164e-01 -8.107228434973088316e-01
2.978237334219204641e-02 2.165899229931989578e-01 6.638916435756441192e-01
2.397562177969848607e-01 -9.201942353658373319e-01 3.334772851087475787e-01
4.768271591484243843e-02 8.974429647480222094e-01 -3.304444843209198845e-01
1.415054286382445015e-01 -1.796495409726578119e-01 -4.211951948097825832e-02
4.286933921902232048e-02 1.462989624872561567e-01 1.651634528181860143e-02
-1.141894958678502658e-01 -1.343250600818438611e-01 -3.313540360220380565e-01
-3.279297177299590055e-02 1.351804871426124655e-01 3.361599584552492637e-01
