1.017866003071963010e-01 3.391353427917170205e+00 -6.634127431815792786e-01
-4.123274829018695464e-01 1.918187674230250328e-01 2.698527413512503137e-01
-8.241043448157423512e-01 -6.478635565692001004e-03 -3.590118458816278224e-01
5.268758721666966238e-01 -1.189017548524532730e-01 1.603410215283777307e-01
4.596690444059567948e-01 -1.454717737059828611e-02 -1.266435880247100687e-01
5.531339418434003674e-01 9.364045976880300270e-02 7.239031749327722032e-02
-8.257034551644051867e-02 -1.532876337184311821e-01 -2.844465108626937147e-02
4.229119845856754711e-01 4.652170988571779908e-02 -1.962671245412793697e-01
1.899575514927555608e-01 -2.544055619787396680e-03 3.439696132149725472e-01
1.084248805930999732e-01 -2.303945701927815476e-02 1.687295491890899307e-02
-3.345299644248861393e-01 1.475397971420527310e-01 7.196435634691104866e-02
-1.276614402271815385e-01 -1.013595887784667915e-01 -6.324333798968149178e-01
5.670452848236349208e-01 6.874385905219192183e-02 -3.590010300143043898e-01
-5.206531675219665950e-02 -3.834123745967851216e-01 -2.944010000514737380e-01
-1.604351821125867827e-01 -9.918147825561073050e-03 -7.335436496298004816e-02
-4.731945478647142656e-02 4.329404851832577283e-01 1.911965638894171371e-01
1.282332940610256822e-01 -1.648298334249829744e-01 -6.896170824152659806e-01
-2.142024813237410619e-01 -1.613178700187190284e-01 4.919518058710058428e-01
4.168310695711163749e-01 -3.099488550619685645e-01 1.055947180993065254e-01
-9.601552095790860664e-02 1.288486291610930534e+00 -2.091219735831424953e-01
-5.089651088151657399e-02 -2.512587306012525334e-01 -2.871357557115080880e-02
-1.631295542701706111e-02 2.906493967925486421e-01 9.021410455194289746e-02
-3.927543058413929949e-02 -1.131225951214536729e-01 -2.247855117828356231e-01
-2.488758992827514449e-01 6.610448904689741889e-02 4.240992098112604247e-01
