5.060550098121509022e-01 1.247635244433461521e-01 1.762371738278249167e-01
-1.263157499117008031e+00 -9.125068106915526500e-02 1.884582607329160497e-01
-6.389398546141850099e-01 -1.677898520343975852e-01 -2.597033992920354945e-02
8.446640500627191628e-01 1.539046965699486236e-01 -1.283298824914877283e-02
5.094937169854163450e-01 -8.619250303267909918e-02 -1.433515096481327022e-01
3.920717781341098163e-01 -1.485352410858086225e-01 7.362901962721844773e-02
9.000970481571889115e-02 -1.047717807495962272e-01 8.150339073882323371e-02
6.642351574514758772e-01 8.725006631890300235e-02 -3.458325221635428770e-01
1.442573426183751395e-01 -4.139124470862404759e-01 -1.485269765609932655e-03
-6.504630829102643619e-02 4.269298124796026828e-02 1.574359834782440570e-01
-2.998069941572159558e-01 2.045870275676016717e-02 3.613871376085908693e-01
-4.241252678561538382e-04 2.048415156680228888e-01 -2.418704766220768354e-01
5.911945447038072926e-02 -2.640938021284987003e-01 1.208604704782014483e-01
-1.486636585899332036e-02 -4.261362763755717209e-01 -3.158335353900956766e-01
8.726442047178560590e-02 5.211338732851332756e-01 3.466564783128203708e-01
4.959124901051222001e-02 -2.266011262033297835e-01 4.499808877255432327e-01
-1.288879926756467953e-01 -4.603247683129876866e-01 -6.850342081115046167e-02
-2.069461651115220985e-02 9.369484198256353147e-02 2.363766981416721424e-01
3.891127158926312862e-02 -5.933327411487850922e-01 -9.117637760844972405e-02
2.525626900893375715e-01 1.620936321940041058e-01 1.458490593499383869e-01
4.077486611461430543e-01 -1.179294184271277302e-01 1.620260752075208255e-01
5.017289780158979973e-01 3.623960515796780663e-02 -3.062061681111923755e-02
-1.292784597619834330e-01 -2.612724054117880890e-01 -3.391414961200852618e-01
-2.050656284685886677e-01 3.038301899449625254e-01 2.016544577772817759e-01
