-7.627197884048872445e-02 -1.577596773201307645e+00 9.028280778342055723e-02
-1.261347565995222519e-01 4.521721309203257516e-02 1.437421126993915499e-01
-1.031545109180547648e+00 1.165174496917865260e-01 1.191136771539329509e-01
4.737307594925709298e-01 -1.587219704454678748e-01 -2.836028824293738981e-02
1.383789924945062477e+00 -1.893500008873175156e-01 -1.507834095677002828e-01
9.429072207457072086e-01 -8.806667609142718178e-02 2.005228310395398283e-01
2.315122620369166051e-01 -1.162812684129548163e-01 1.024157057610565608e-01
2.810133493315264963e-01 2.228030576072939639e-01 -2.407861822716127753e-01
-4.255212012191841309e-01 -2.961184736647293203e-01 -3.586511421104949804e-01
-2.052741025208170977e-01 -1.012609483040727704e-01 3.762850383431656787e-02
-5.209101291506382791e-01 1.355526520317977823e-01 3.274375218054688674e-01
6.876030432417445937e-02 5.515303966324865831e-02 2.700355682215928657e-02
3.890753469364420236e-01 -5.460733310119727374e-02 -2.304656941170263040e-01
-3.127039077697475050e-02 -4.551305223712110992e-01 -4.961382943559741188e-01
-4.233681320537475978e-02 2.798459748277086767e-01 6.791204534225877554e-01
3.222442883657662405e-01 -1.030284994231258772e-01 7.637820277241767764e-02
-1.053047839081482362e-01 -9.247272976624242302e-01 -1.686413796319650438e-01
3.705624776457269731e-01 3.565511260338681543e-02 6.897363134676888219e-01
8.727947945764241711e-02 -4.772192998018373045e-01 -1.763524631233459594e-02
2.757448627608753422e-01 2.773610326205828147e-01 3.021460972449316676e-02
6.292753322368271895e-01 -1.085521254951081205e-01 1.226433998109427020e-01
3.138691257991095829e-01 8.430946178927047063e-02 5.703863877079474315e-02
-2.082818412998748148e-01 -2.050675294601999044e-01 -3.411677027048135580e-01
-5.785132951336043744e-02 2.437096786523015313e-01 4.309565831391840574e-01
