-1.065410846331489164e-01 -1.591379794131120295e+00 7.563623544105275986e-02
-2.482863411808880760e-01 2.795241187143135755e-02 1.432884428618587669e-01
-1.014730888378835294e+00 1.116380461888238362e-01 1.105149707424395167e-01
4.841766385732383382e-01 -1.432576570755303147e-01 -1.205297825165085185e-02
1.487445332737695525e+00 -1.423193833914095929e-01 -1.820778604670981182e-01
9.965102814859193581e-01 -9.221460820597925101e-02 2.096655742892158114e-01
2.172083358044057944e-01 -1.300418164771907081e-01 9.997602879827340028e-02
3.326441113698709873e-01 2.133800213633710863e-01 -2.623179504132588380e-01
-4.548586294207207503e-01 -2.932406470004985666e-01 -3.741841830821373005e-01
-2.194788685825984076e-01 -9.711357322353922350e-02 4.252363679728816959e-02
-5.451974977427718194e-01 1.371648022310473225e-01 3.672388593725269268e-01
7.120486995193008040e-02 4.987411666920998909e-02 2.242449156357588535e-04
3.515905030528303499e-01 -7.551921609357044318e-02 -2.398442162691231949e-01
-2.031779096430496104e-02 -5.012902448898958196e-01 -5.702462093284410560e-01
-5.890127470108900976e-02 3.021397772264192150e-01 7.063225279215568086e-01
3.241434707613504718e-01 -5.246190335742339367e-02 7.962394525099256160e-02
-5.405203487934911316e-02 -9.462492696544507753e-01 -2.497239692590782767e-01
3.430855967403578233e-01 5.996855750148093189e-02 6.773916521944318703e-01
1.449882522125161000e-01 -5.139327685793346756e-01 -9.922565569595009558e-03
1.996957560253576625e-01 2.932856702689218276e-01 -1.805528024609056583e-03
6.111068926968903359e-01 -1.003260560365197285e-01 1.171485220400480670e-01
3.234545863399202470e-01 7.096502195450747619e-02 4.757075133997049066e-02
-2.123347729523323846e-01 -2.286540556857891981e-01 -3.824447869696230295e-01
-9.209375193803646942e-02 2.673167370848682500e-01 4.777157046175682376e-01
