-2.839592682250580702e-01 -1.601790614986872585e+00 1.592680952091427796e-03
-3.559692199649527877e-01 1.989793185630291637e-03 -1.354544254760207955e-01
-6.296029953683074387e-01 6.891006624655632296e-02 5.789171541649904690e-02
3.554315831375808865e-01 -1.084915579746530551e-01 6.540458017028155657e-02
1.382721491757725740e+00 1.449745670388484682e-02 -3.188270447502111749e-01
6.404670432443637651e-01 -4.624366193488630913e-03 1.128683195181077459e-01
1.367370386196950227e-01 -1.873599948698286555e-01 9.848154076176132699e-02
1.413732631872685885e-01 1.444672011786897470e-01 -1.576118501410621320e-01
-2.989182057371214674e-01 -2.993774604086459901e-01 -2.711557177888465064e-01
-1.302586703317446803e-01 -1.078398849697095457e-01 2.460360956744023220e-02
-4.614436385568579935e-01 1.309194046386513988e-01 2.676057088634079539e-01
9.140485229512590459e-02 7.782512410804623415e-02 1.035352434437367478e-02
2.975110176935125139e-01 -1.354214641632529026e-01 -1.721896339062096992e-01
2.311484033923383655e-02 -3.198693200290136929e-01 -5.921293047172908608e-01
-6.404864582433354714e-02 3.433325723957638548e-02 5.855230326185038026e-01
2.255672928575505609e-01 1.029701067289355981e-01 7.475865857996355501e-02
1.401095502280001459e-01 -6.557559219116763094e-01 -4.938718375274888106e-01
4.180336776086807649e-01 -1.584210120578306846e-01 7.240853364639360246e-01
3.041183538625772953e-01 -6.597435598880569962e-01 -1.182250843350225733e-02
2.905132696457533581e-01 5.081928205933421427e-01 -1.265000367294218976e-02
4.676724726833170753e-01 -1.446679002251876067e-01 -1.156047998497008837e-02
3.159913174362135591e-01 9.783152076864626290e-02 1.027955248661109322e-01
-2.592237576234077134e-01 -2.549532075046051505e-01 -4.022894865682530852e-01
-2.115994451835059298e-01 2.969823128274118318e-01 5.013116547780624987e-01
