6.703241255116050568e-02 4.678508604551297800e+00 -8.376276848675083542e-02
-4.860460820745282073e-01 1.051669150496746113e-01 3.283563861763723613e-01
-7.311744412443891283e-01 -2.061705891116375269e-02 -2.714480237854620115e-01
3.760981012399516876e-01 1.809716585961386806e-02 8.428282802528010154e-02
6.832865765090443411e-01 6.027391635350471885e-03 -6.209956232068700177e-02
8.590280978742136364e-01 -4.330209393201553403e-02 9.337381927770972700e-02
9.886222363795935109e-02 4.051451250691832234e-02 3.440808643817512558e-02
2.545640287038181127e-02 1.370723742554606217e-01 -5.313867208811148823e-02
-9.706089207736327829e-02 -1.280060014294194873e-02 6.670834532703531772e-02
-1.101559054592661513e-01 8.851552808679086226e-02 -5.949766928199960031e-03
-1.881728676269117106e-01 1.379124227820917870e-01 8.538636713210047413e-02
4.737975221308250023e-02 -5.070849156864693646e-02 -1.048993115103681179e-01
4.405695108953071037e-01 8.315775580271325684e-02 -1.250938783236790752e-01
-5.699881248602346046e-02 2.674693057666280988e-02 -4.986024451062808782e-01
2.918804265997517258e-02 1.416613197482172737e-01 4.337489996307921647e-01
6.835043674922874901e-02 9.956297263934112129e-02 -2.167609708805644936e-02
3.856327111742581804e-01 -1.124066279595982570e-01 -7.921468925198688060e-01
-2.739104102226163143e-02 2.527101148294115252e-01 3.922390732528984181e-01
4.650735163175727105e-01 -5.436686773164137731e-01 6.277636029485233332e-03
4.790168040879844158e-02 5.057333064994640193e-01 -9.463242716109251940e-02
1.766131471928642227e-01 -2.523402663632898779e-01 -6.133682396679080578e-02
3.108196412288546928e-01 2.102390893238298697e-01 -1.944644504398781309e-02
-1.382393865382525178e-01 -1.364086784919442408e-01 -2.545634364573751696e-01
-1.549502755349349836e-01 9.558292453484315554e-02 3.208949143391265912e-01
