-2.138180083014441513e-01 -1.592920650900260915e+00 3.226758566893364599e-02
-4.528868517617399836e-01 -1.312720528682529038e-02 -4.725954117583796091e-03
-8.187589603255621684e-01 8.300970406707276761e-02 6.636711702062324247e-02
4.226770560645329855e-01 -1.045458387924005916e-01 4.158521914104965078e-02
1.626700169559966769e+00 -2.857148562885645712e-02 -3.108754476447221915e-01
8.795098200340918382e-01 -6.375507941719389671e-02 1.666604849249961329e-01
1.736997979633393696e-01 -1.644391222111216133e-01 1.097997851198839886e-01
1.158787836143763961e-01 1.373412117426781598e-01 -1.732355516151900809e-01
-4.325471393355929672e-01 -2.776060645867443055e-01 -3.604184118557590133e-01
-2.020445718207675989e-01 -9.360418185855624851e-02 4.111553924747515798e-02
-4.775282957358706337e-01 1.648002355022487875e-01 2.956819977771031893e-01
1.176352340324703233e-01 4.111032277823190029e-02 5.385913132384029939e-02
3.304862760575354996e-01 -1.380896975250759384e-01 -1.778432671948041721e-01
1.460131466558739835e-02 -4.515448831755890513e-01 -6.584778140045599581e-01
-6.086005329844886708e-02 2.111978941649583219e-01 6.706032046933940727e-01
2.739330975858546569e-01 4.321644034088758385e-02 7.469371101152517956e-02
1.248346856922681047e-01 -7.936255705427368579e-01 -4.568108452262370500e-01
3.611850045711730295e-01 -2.876206830512246029e-02 6.609156650772383124e-01
2.938868955386162440e-01 -6.813457656762846870e-01 -2.164564083286634258e-02
2.216013098304071560e-01 4.092905564482164360e-01 -1.976784282734740661e-02
5.107964864922517334e-01 -1.312562021835135817e-01 -3.879833800390558585e-03
3.355983478085921567e-01 7.515107367820221540e-02 9.129651928219838231e-02
-2.664349295606637247e-01 -2.595194839410830956e-01 -4.311205973125723512e-01
-1.849427730647638934e-01 2.970654381097047603e-01 5.238272327298797437e-01
