-3.354001394763449495e-01 4.950351051537940528e+00 9.162111474196772687e-02
-1.978174981082640171e-01 9.553121663748313785e-02 3.055462830049089362e-01
-2.603531655420823765e-01 -1.855570196041869957e-01 -2.421710750309265803e-01
1.996458996660207541e-01 8.975472867923647846e-02 2.337995326025382303e-03
1.340883505417276023e-01 -2.777738902302938073e-01 -3.106253706338478818e-02
5.110624059783042128e-01 -1.508130691896752140e-01 8.133255743804518323e-02
3.912340887779611198e-02 6.505509965007028050e-02 3.075442851853355322e-02
-3.301733636296659558e-02 1.042476159668639102e-01 -7.995314337487974266e-02
-2.588448296818327554e-01 -2.098920420595549452e-01 6.738316034915314834e-02
-2.498596515266114648e-02 9.460741658363705509e-02 9.918639371577445824e-03
-1.347608691866924724e-01 6.403135699438561312e-02 8.781102297885767793e-02
8.792192544414938193e-02 2.875589686813849119e-02 -7.667904980582350427e-02
1.790515577289960580e-01 1.621368160606620479e-02 -5.623747512880657336e-03
-7.675116872481013708e-02 1.984118820424659591e-01 -2.016625675316033595e-01
3.489154398186451733e-02 2.276274816899669096e-01 3.552929020640709368e-01
1.258485460750453054e-02 -1.608569201362139989e-01 -3.187722466185257536e-02
1.169553399980673980e-01 -1.302841078808701474e-02 -6.066095947797901511e-01
-4.451762341897313319e-02 3.576542438170058347e-01 4.481594192631571660e-01
1.469464317527821862e-01 -4.930077897286835875e-01 1.318132383758555959e-01
1.394254552034282224e-01 5.468511684219939939e-01 -8.537268771426101410e-02
2.869434119889215373e-01 -2.080557346465772006e-01 -1.299920239585587722e-02
2.523807358304352433e-01 2.323757927246497268e-01 -3.518595524433253824e-02
-1.307823155502824963e-01 -8.854531432729947915e-02 -1.687374870178098563e-01
-1.682223282048555049e-02 5.904109849668107840e-02 1.198074638146085780e-01
