-1.926965030124000791e-02 -1.780973073818561847e+00 -1.588843265725824183e-01
-8.988439139250806176e-02 1.446836112091228199e-01 2.156123009976572136e-01
-4.157394132855060653e-01 -5.030955676469896914e-02 -1.033530438081640412e-01
2.309370149118261106e-01 -7.631008477656303635e-02 3.681351756515990285e-03
3.346320694404903429e-01 -1.398131487795779559e-01 -7.619531597985140792e-02
1.106970803234812450e+00 -3.390419826127989700e-02 1.504599762465684276e-01
8.611886849460967733e-03 -1.041051395182309158e-01 1.454421738530317365e-01
-1.254748375931014808e-03 2.659479281959234442e-01 -5.051536333262832829e-02
-3.618183115720939869e-01 -2.178714403415885348e-01 -3.468295812586566496e-02
1.451317726300789188e-02 -4.570509735287044129e-02 6.634107156795941707e-02
-1.935907673818917651e-01 1.024232908468826753e-01 1.824402789644684886e-01
4.728469948362792885e-02 -2.474181633236322356e-02 -7.291554487450550848e-02
4.459209679156549977e-01 -7.288909087769131212e-02 7.984160206863114007e-02
-9.345545181142390911e-02 9.752329028966539790e-03 -4.055718467876835015e-02
-1.661472239470454526e-01 2.779613664461620323e-02 1.446624277870864617e-01
2.281751415011432083e-02 -7.141340399904529124e-02 1.433013485269098719e-01
-2.079058912411815285e-01 -3.484504555857272923e-01 -2.326517253248070460e-01
-1.478188974522793298e-01 2.302587531859530412e-01 3.396837224070232697e-01
9.500146213726386180e-02 -6.343490545507498579e-01 2.861691001371474141e-01
-3.052139419117656446e-02 7.750148049579269616e-01 -3.214183205848383240e-01
3.262291620825844007e-01 -1.314397311827831816e-01 2.730302572061797314e-02
5.435969821202436131e-02 1.730118093227597520e-01 -8.037307845190988856e-03
-1.523669109078331085e-01 -1.226253438777142463e-01 -2.788262053815806496e-01
-9.559469838317633320e-03 7.737568954642776164e-02 2.770041997889163832e-01
