4.294818088926581900e-01 3.383073576615475142e-01 1.595823985055759842e-01
-1.253530828551421505e+00 -1.325263432790998175e-01 2.194622439220492993e-01
-6.471287844620310370e-01 -1.500461899471492166e-01 -2.667154399867324027e-02
8.151486445347678744e-01 1.758987157972287108e-01 -4.048982038932324307e-02
7.468266327478407796e-01 -1.207820896775904790e-01 -1.490075545608579022e-01
4.462468658400721710e-01 -1.219075223853734874e-01 8.615486568075617080e-02
8.614945757928160752e-02 -5.993420100140309931e-02 1.135701230244171717e-01
5.341422822053658592e-01 9.928022645527487255e-02 -2.793655259703928806e-01
1.927069785270824898e-01 -3.639472416443259029e-01 1.961434568567794329e-02
-9.671124743820018466e-02 7.277422419429550871e-02 1.654735386722435142e-01
-3.128370123601525443e-01 3.014396020295534440e-02 3.197970952167846215e-01
-5.752461544074127103e-02 1.953182748253657897e-01 -2.225031090179811488e-01
4.006888116812737377e-02 -2.539143430655954048e-01 1.719394454555496221e-01
-4.100994649228873606e-02 -3.607598120558400123e-01 -1.986383404295367638e-01
8.677063035661426726e-02 5.805906847706635565e-01 3.320517746951806015e-01
6.976973010338731462e-02 -3.154604620182777652e-01 4.264893659821237248e-01
-1.640393503019088595e-01 -4.743746128233095605e-01 -1.124198677853652066e-02
-6.497475237036705320e-02 2.511814259265752747e-01 1.801020179736042837e-01
5.457467228846743512e-02 -6.032561127453085481e-01 -5.569191380931425017e-02
2.628684515214257944e-01 1.108110625474254124e-01 9.988705248477502963e-02
4.186222522088141051e-01 -1.213283504194176410e-01 1.695980971158534689e-01
5.315449198885511262e-01 4.055283751779108214e-02 -8.300957525467476950e-02
-9.795315644375239550e-02 -2.195960879628691409e-01 -2.698695151821785543e-01
-1.475587092793042843e-01 2.582792061441259168e-01 1.393272618366399873e-01
