-1.466808931417853956e-01 3.747565266083594970e+00 -9.712281262582976860e-01
-5.270225931583782941e-01 1.113678835536517468e-02 2.359182589488904858e-01
-8.793602909831974568e-01 -9.396248022505412911e-02 -4.395153846219529981e-01
5.112420046731970258e-01 8.642124173895922301e-02 1.154086824590782184e-01
5.106037313011604351e-01 -1.905913073391833634e-01 -3.879306761531554210e-02
9.677795535424832396e-01 -1.838879425340273210e-01 7.697400001389362312e-02
6.253260915484813720e-02 1.112099551867709174e-01 9.736448547218805316e-02
-1.305562615217653877e-01 1.307451320380237092e-01 6.976659715668009909e-02
-2.017572713698365661e-01 -8.843530845610378388e-02 1.514095246428580899e-01
-5.793496346752165932e-02 1.636006131334303559e-01 4.533142763569916051e-02
-4.691462241217889129e-02 1.479822011740046239e-01 3.620070658320152096e-02
1.534247674882106664e-02 -7.071589148545653902e-02 -2.052855560719161476e-01
4.606740891642143731e-01 8.318129731286713624e-02 -4.547413893795553691e-02
-3.487449965006671898e-02 1.547419369574336845e-01 -4.011831582722157896e-01
2.943500465451852344e-02 3.520024386903899405e-01 4.702981432719605115e-01
1.921331414113814640e-01 1.638039650125782398e-01 3.785935175334956965e-02
4.047438190517818057e-01 1.506569020445719109e-01 -8.745775487914808632e-01
-1.579999453517143548e-01 6.537640873774563932e-01 3.726555928166551679e-01
4.485493147341602649e-01 8.525969366304106400e-02 -1.512986261904396557e-01
-1.630297132930981496e-01 6.319120835987039886e-01 5.906309816780633964e-02
8.798388102257505283e-02 -1.178412104895500689e-01 -2.106353963040896449e-01
1.562503186867023330e-01 2.665019397209680285e-01 1.438089578524982121e-02
-8.347645439592650540e-02 -7.579822260425905789e-02 -1.286512627137161024e-01
-9.480873658810369531e-02 -4.478415836815560769e-02 1.629927958987045788e-01
