5.754963751950074036e-01 -1.138304047793139012e-01 1.488025092012459916e-01
-1.390609584030320534e+00 -4.411179352895987921e-02 2.499925901665731864e-01
-6.808667214473086426e-01 -1.018340428052428165e-01 3.426230343305854131e-02
8.532275257189596562e-01 1.143300921795981639e-01 3.259896357015325263e-02
6.180606586666125279e-01 1.716899685136892909e-02 -1.644939260070813480e-01
4.432969535855454390e-01 -6.862209547724763825e-02 8.737596695898679211e-02
4.603040014768048499e-02 -1.450175003197893830e-01 5.381577967644638610e-02
7.761184435176196050e-01 7.113108870802654915e-02 -4.008782808783289409e-01
-2.270166526300038679e-01 -4.149057776071697901e-01 -1.445110937396835715e-01
-6.506735983439564108e-02 3.713240161039840347e-03 1.385170614011191070e-01
-3.485680246167370822e-01 4.175577284133228512e-02 3.680544754095497195e-01
1.590799759320279949e-01 1.915285775545364222e-01 -1.713994724031049910e-01
1.056342262115552155e-01 -2.686244797304086496e-01 6.807108830643493480e-02
3.676234539228048510e-03 -4.055310551359163074e-01 -3.950870884039843767e-01
7.544665345914729204e-02 4.299256213202970467e-01 3.696046276196544023e-01
9.261030055632719915e-02 -1.876902711418859393e-01 3.941758180526843680e-01
-4.780860619712724163e-02 -4.117594899772498707e-01 -1.777468400110947533e-01
6.564673412570412592e-02 3.971283516169959137e-03 2.770585223081591386e-01
8.929044806834590675e-02 -5.550148604106460715e-01 -1.620944848252342807e-01
3.061557082916749328e-01 1.423214140313635856e-01 1.982216019004519325e-01
3.516687441257748126e-01 -1.065292921414499744e-01 1.141322598673975008e-01
4.568953048729525457e-01 3.468814188520540076e-02 -2.030553581114069236e-02
-1.314345726895554400e-01 -2.847070750153475327e-01 -3.709696096257694697e-01
-2.297188889780817089e-01 3.183153812049701603e-01 2.569091550709709515e-01
