4.544966789683857478e-02 -1.823847567747292953e+00 2.740330260815165495e-02
-5.220080246452242501e-02 1.493000282934842937e-01 2.236220910991848776e-01
-2.050886354107770426e-01 -1.200806239929076528e-02 -1.068362650434865752e-01
1.712228283349833680e-01 -8.792155246783404932e-02 5.091150909390579349e-03
1.847841597958906068e-01 2.897115620992881183e-02 -4.852734182773243976e-02
2.359136095786039389e-01 1.211153476582526867e-01 4.102432323391245333e-02
-3.868003610659175029e-02 -1.367125954016691902e-01 6.237480600526934538e-02
-2.095023074196900731e-02 1.677845086981706590e-01 -8.800295734096519329e-02
-1.453847594849571878e-01 -1.492199751151257470e-01 1.237765768932845289e-01
-1.071127157708431921e-02 -1.041250317639460243e-01 5.884404750198915339e-03
-1.781585166902734108e-01 1.115780739252164588e-01 1.602815639505613121e-01
3.887027204747439679e-02 1.270901017990963278e-01 -2.228433863240860402e-01
-4.767444899476663833e-02 1.274741297198334067e-01 1.229179432752531415e-01
-3.168272707525541382e-02 -1.122841507076500212e-01 -4.599428402184340126e-01
-4.003858734965665828e-02 -4.160229522015185255e-02 4.347419284873008105e-01
3.107890213138295166e-01 1.203800487095844918e-01 1.067502510341358617e-02
2.031641395649495252e-01 -3.757536405339606533e-01 -8.109669596165520744e-01
1.995953458338668163e-01 1.718828050976371202e-01 7.293369678640392317e-01
2.272522865233948253e-01 -4.120072195893051403e-01 -2.807303839495434682e-03
-2.960747556947492670e-02 3.138802839240091291e-01 -1.576791323203421136e-01
1.449942446265462814e-01 -1.017602507986862040e-02 1.352439627879098438e-01
1.071317827712075371e-01 -4.624016680318012579e-02 1.723342691530258680e-02
-1.836288488235504890e-01 -1.417910452443102154e-01 -2.747732750194997742e-01
-1.800916450812042324e-01 1.775376478554928361e-01 2.925588206056331519e-01
