-3.886214601257734214e-02 -1.208712215593644279e+00 -5.720489932978389119e-02
-3.980717040400206241e-01 -1.251297400485484879e-01 1.410695257075820497e-01
-2.452218727931830267e-01 -8.375554324570658182e-02 -1.705636204507376408e-01
2.312439083624509284e-01 1.243757376150129990e-01 2.269732709219581673e-02
8.536799198399910305e-01 -2.907199049483594755e-01 -8.689718734204653072e-02
9.374439413750973449e-01 -7.953807292458948963e-02 6.721877222426604626e-02
-3.664120219097004305e-02 4.792138915304421098e-02 1.146869733649618500e-01
-1.252232375456135971e-01 1.936320133909493202e-01 6.262356151701241325e-02
-3.037463451859900299e-01 -2.190375901598729247e-01 8.258735302201958284e-02
1.207294013976909636e-02 9.856021001576618923e-02 8.768178553054431501e-02
-2.615435429162248360e-01 1.319696296539309976e-01 9.059838625153905645e-02
-3.672836980520130523e-02 -3.249286722307919567e-02 -2.076470417484758135e-01
2.207841159536673703e-01 3.088261381854013887e-01 -2.022913512427464144e-02
-1.204956178099790692e-01 2.180462540404048966e-01 4.541777387465226190e-02
-8.354990942737225423e-02 7.122427054005792124e-02 1.104649781925659824e-01
-2.082743100474296061e-01 2.001722811883242525e-01 5.077115925128801444e-02
3.227636903239386457e-02 -3.400516049784048367e-02 -5.380541487240056986e-01
-2.221890623737666215e-01 3.537167330601296844e-01 3.861096541879702748e-01
4.357453782935561959e-01 -7.411898733397804806e-01 3.146036871756546227e-01
-5.751124299969506692e-02 1.101819569219674833e+00 -4.512082998526851241e-01
1.786673417484280213e-01 -2.120874767825410290e-01 -9.669281713903903064e-02
2.792386345048261317e-02 2.827659583681401134e-01 -4.317748019294923717e-02
-1.223303528733879347e-01 -7.020112388308362428e-02 -2.494434839876006060e-01
-4.212579205024274964e-02 2.782616998540971345e-02 3.216995974812315584e-01
