1.009315183229888002e-01 -1.736989445056747794e+00 -5.243335953431108032e-02
-2.746131115951137569e-01 1.861974899729130772e-01 3.695214962260597313e-01
-1.343825593809255814e-01 -1.364825252555376400e-01 -2.524645762690173045e-01
1.643289581939078314e-01 -1.015742484709143169e-02 -3.425518235483945070e-03
4.728350699483855335e-01 -7.429667020680430500e-02 -8.739246999510150160e-02
5.891989548298109947e-01 3.914513096994590852e-02 -1.992517355423791274e-05
-4.781250144515353240e-02 -1.144000404648852082e-01 1.180676874637382329e-01
1.638848842729513644e-01 2.355809277215978603e-01 -1.523594655249580487e-01
-1.567167774762829452e-02 -2.418508426679374101e-01 7.996544001264289936e-02
5.078828196769511610e-02 -4.426077032816797679e-02 4.280188179814357896e-02
-2.424939986047795204e-01 7.065607226490511032e-03 1.865240735629554447e-01
-3.036653673036551759e-02 1.696230398895918427e-03 -1.701297033358930011e-01
3.671663155462184247e-01 -6.688955074913295606e-02 8.898157033415650397e-02
-5.964567208204133580e-02 2.100932593188031827e-01 -1.398462851319094702e-01
-1.568559564282050178e-01 -2.408724755749706847e-01 1.636447725065985626e-01
3.489735457919386497e-02 -5.124054020710167370e-03 1.274950067268806053e-01
-1.461868183969390056e-01 -1.716500114181561398e-01 -2.030921797461677503e-01
-2.110203270331424685e-01 2.101947533361972487e-02 2.552686258998237978e-01
1.002057092715568920e-01 -5.389289320451784437e-01 1.793173208566335997e-01
-1.357934107734145579e-01 5.669763452116298730e-01 -2.287485667421632340e-01
1.869140712732664800e-01 -1.841438963835140552e-01 1.136194985427374377e-01
1.198388319360647880e-01 1.264279838726018457e-01 -5.043533260992894007e-02
3.252143557739947417e-03 -1.201762551791665939e-01 -2.476970498956128086e-01
-2.387129517958719652e-02 1.263541676699826144e-01 2.753472125153830774e-01
