8.485340971985880221e-02 -1.844561131733048143e+00 3.190143411135427931e-02
-2.133150599710994799e-01 1.881137578705863178e-01 4.005372666144349503e-01
-5.413300394121181580e-02 -7.575133680083873111e-02 -1.302183555367918966e-01
4.815049612195130418e-02 1.229030742889975283e-02 -2.515353303528921822e-02
2.908711899958876246e-01 7.218873645148433937e-02 -7.932729830328928353e-03
2.932500956916474499e-01 2.574968106934262188e-02 1.447770118712680878e-03
-2.418747220655064964e-02 -7.409707725800676603e-02 2.607685721673738688e-02
1.235740087791430825e-01 1.695973115052012703e-01 -9.712914071523062742e-02
-1.906534668889889594e-01 -1.392854167800227361e-01 8.917975724713887720e-02
-1.643421566079079216e-02 -1.733351770224087580e-03 -1.338597991973549534e-02
-2.766174776972037397e-01 1.211409034576732963e-01 9.963828896708544491e-02
9.611181439398400195e-02 -3.730091141955386991e-02 -2.034149336983766820e-01
1.910936663001341629e-01 5.830730133715360947e-02 1.205389927217821594e-01
-9.679521291140037731e-02 1.857101148196651785e-01 -2.920411434219403746e-01
-9.406678320257333414e-02 -1.318643355230758596e-01 2.464255939855560518e-01
1.048875474102397842e-01 4.133500754962916857e-02 7.039642274927097876e-02
1.933639037366505498e-01 -2.222706625498609145e-01 -8.411887577432829444e-01
1.784875815748864294e-02 2.292012563357281318e-01 7.087033870854566597e-01
2.914276771977503677e-01 -1.085810615584350547e+00 3.949958501058658533e-01
5.806566998086612474e-02 1.006383954106925938e+00 -3.904665396489667706e-01
1.034074777772278908e-01 -1.772088042188516566e-01 -7.592449495897157785e-02
3.650481034001365477e-02 1.285445467181826340e-01 5.676710054007010064e-02
-1.274974160083287567e-01 -1.427018825050178630e-01 -3.485108833603076661e-01
-7.279576060223444389e-02 1.552391040178473236e-01 3.478842749528118783e-01
