-6.411595814726849252e-01 4.942033533406064549e+00 -1.759731020728214634e-01
-6.120540492903840946e-01 -5.737950111377521784e-02 2.785737597909568319e-01
-4.076620815936872200e-01 -2.309042664813061307e-01 -2.944946443018125470e-01
4.113767119988318011e-01 1.566373332596192047e-01 -4.237223918134025435e-02
5.977543244193126437e-01 -3.001678341305065723e-01 -1.524268358848279159e-01
9.965451278143631075e-01 -2.787468308166699549e-01 1.089167222354147924e-01
4.923719967864908023e-03 9.642930939957984615e-02 -1.642536600301653217e-03
-3.531763493775442186e-01 8.424245458323627311e-02 6.944954310494932948e-02
-2.349426154210977891e-01 -2.300625966990420546e-01 4.022207287431977391e-02
-6.500765319185303204e-02 1.286074549277420043e-01 1.692776739179853440e-02
9.705784809499715809e-03 1.121602957964316083e-01 4.994423439867082259e-02
-1.140644193131109228e-02 -1.315858026784692825e-02 -4.329603487350604241e-02
7.566862879531485730e-02 -7.333272524844609841e-02 4.514281453254773840e-02
-1.121337569866819595e-01 1.517119649915293633e-01 -2.299584073178181365e-01
3.816283046717804800e-02 3.779200749824009331e-01 3.176102040119523351e-01
-2.058526173518983315e-01 -2.513626970165162011e-01 4.102261520101936620e-02
1.314081142461797636e-01 8.365285398109499615e-02 -5.542786763987314069e-01
-1.027400174366601415e-01 3.999122192083236493e-01 3.284899670074784561e-01
2.028620434456979496e-02 -3.942975042964457777e-01 1.751633054948740775e-01
1.809086491766200289e-01 6.579973383021103794e-01 -8.137208582190405548e-02
3.080777262277065720e-01 -1.858453063515559112e-01 -4.340427037333671745e-02
2.127022140562169206e-01 2.642625585630432594e-01 -4.826599056227002388e-02
-1.151223201956655812e-01 -6.179024791255793153e-02 -1.171070313894452680e-01
3.785333661784453380e-02 2.891420041804902696e-02 6.169966897397757138e-02
