6.981239735195152174e-02 -1.815468528409681870e+00 4.225571367556735930e-02
-1.673693093147761435e-01 1.754335527592404409e-01 3.484043942559827967e-01
-1.604508465822157212e-02 -8.502001753233116854e-02 -1.380399505705018626e-01
2.760494431474240506e-02 1.234177391484832069e-02 -2.030369718719840857e-02
2.430808597936967297e-01 6.416923806132479591e-02 -1.303319562275013534e-02
2.060457513358243120e-01 2.733326804165615159e-02 -1.923727075704266196e-02
-3.427058130838709499e-02 -8.269221484169100855e-02 2.957138231259362829e-02
1.713752652279842414e-01 1.556486613728732260e-01 -1.066855130089370690e-01
-4.068736855587517381e-02 -1.482990530387900963e-01 1.586184879587383412e-01
1.367832017276885033e-02 6.010497550923020373e-04 -9.246418259536252904e-03
-3.077904686184330108e-01 1.129389114150022577e-01 9.379501519101136886e-02
4.768140878470505245e-02 -1.587156084367958089e-02 -2.798968726478923141e-01
2.064151826120152744e-01 3.893657641321387336e-02 9.448318043349007711e-02
-9.733201867416736708e-02 1.690335384869428303e-01 -2.085934676860610182e-01
-1.044906741230233888e-01 -1.430219779526057944e-01 1.611373646140160931e-01
8.766976422811403880e-02 5.354989760240530527e-02 8.724302489074234335e-02
1.637861793972348601e-01 -2.532847363369309379e-01 -8.520696763622398473e-01
-1.045823832710023396e-02 2.280321857869633539e-01 7.209045610332524001e-01
3.166259299247006220e-01 -1.187146994348015072e+00 4.231969206401549610e-01
4.726979718151391036e-02 1.051487877136391580e+00 -4.232437109301060429e-01
6.047800603535558039e-02 -1.777487679173489765e-01 -9.741097570144720275e-02
2.364814064119987250e-02 1.156815340111878171e-01 8.802897718890778656e-02
-1.356198370944929621e-01 -1.424843404723832585e-01 -3.587769206951361145e-01
-1.025591782570954152e-01 1.635977695162754986e-01 3.570581083467135874e-01
