1.659752464457245336e-01 -1.936255001055331659e+00 9.576760136822753955e-02
-6.925978736948628089e-01 1.425459378238710384e-01 3.833635427402409812e-01
-7.748301241312892662e-01 9.402715140697094631e-02 -4.159840925656249633e-02
5.913975088378259359e-01 -1.056441269813984674e-01 3.040484016344562057e-02
1.006324631657929292e+00 5.636572704396763944e-02 -1.337879364947524019e-01
8.536419732140088090e-01 1.860636525560673549e-01 1.111260942372213900e-01
-3.971925426099135598e-02 -1.895978367155787270e-01 1.385123203948929460e-01
-2.932052557631415479e-01 2.567192758229797089e-01 2.189120952534188633e-02
-5.903002686590376191e-01 -1.475224134563826728e-01 -1.401124874820163513e-01
-9.441169858703707396e-02 -1.152391309095892324e-01 1.025215514027791874e-01
-2.354239009598549093e-01 1.572509844243071830e-01 4.363958913331384554e-02
1.760081450318845830e-01 3.947173921536607441e-03 -2.455604605531360937e-02
1.089846959144013666e-01 3.602660931573948844e-01 -1.458224211107032042e-01
-8.599651931895846424e-02 -3.154828986525897161e-01 -2.926268274994941465e-01
-8.452122520082193391e-02 -5.208408425828149613e-02 3.764833358816662701e-01
-1.264343415812373139e-01 1.991571509921473415e-01 9.491056841977534020e-02
-7.179514635831803215e-02 -6.146200748560372018e-01 -2.878555479230782699e-01
9.973082580523813523e-02 -2.043277879780702744e-01 6.299985409195817398e-01
2.614650238005076233e-01 -7.178816073173531764e-01 7.284549747551509469e-02
1.077832867162260011e-01 3.136104499606697238e-01 -2.024250090855126416e-01
2.844929581464084034e-01 -2.074841921979441450e-01 1.287707626579483455e-01
5.635604378769171197e-02 6.242599885039153140e-02 -7.407456577903687167e-02
-1.585680503728912061e-01 -1.639071093492013576e-01 -3.113569806486036207e-01
-8.888130777909684921e-02 2.170221170985703052e-01 4.459541353889099335e-01
