4.751962659463227628e-02 -1.644702682141508943e+00 -5.295043606457127718e-03
-6.687209662463590443e-03 1.212811915146839864e-01 2.030783402635055745e-01
-8.251867820010151677e-02 -5.116795998473400164e-02 -1.047536496093450786e-01
2.800637089819015685e-02 -2.039903642096182676e-02 -6.969284548844275652e-03
6.248250981924334535e-02 -1.189140965295291084e-02 -7.720272406934747429e-03
1.443151028883032649e-01 8.173678399537530337e-02 3.091110394684428234e-02
-1.847777133840656366e-02 -7.667194656557627108e-02 5.469412884060193686e-02
4.188173727676518243e-02 1.543085429024592392e-01 -1.095648650013908570e-01
-6.447124877601190240e-02 -1.681561631159313730e-01 1.333176494192244155e-01
-4.558103772823098726e-02 -4.108703665717475251e-02 -2.515169048297569761e-03
-1.651805508432223346e-01 1.009342947801152440e-01 1.666755188441766955e-01
4.516392287244418158e-02 1.249649809499642494e-01 -1.865302660127702850e-01
-4.291173551807337533e-02 4.254375496633586856e-02 1.226237758824888363e-01
-3.245450137262609336e-02 8.386644828098187635e-03 -4.288001889151359936e-01
-5.798451893688590097e-02 5.998880127557922395e-03 4.697169521505205059e-01
3.108056160314469629e-01 -7.346586401392880307e-03 7.595104202182611456e-04
2.370502857316297007e-01 -2.662876607171981158e-01 -7.883545635732615020e-01
1.981136894154836847e-01 2.505164322052118586e-01 7.166071101605808735e-01
1.989602200921237463e-01 -3.296629698787091334e-01 3.414798305408967699e-02
2.492569743308220218e-02 3.290791105599594757e-01 -1.168187087620718989e-01
1.984893103246143931e-01 -4.642852235511295972e-02 6.157744002334980538e-02
1.979350247755860825e-01 -3.469401326003993761e-03 9.038419845910451722e-03
-1.720653704607227608e-01 -1.327963745489917635e-01 -2.363919774145551989e-01
-1.553508270448081818e-01 1.603749789810501036e-01 2.608292956493654668e-01
