-1.363545618420712036e-01 -1.609875920611788525e+00 5.954910301047746518e-02
-3.384238316326803053e-01 9.425540245624770136e-03 1.223097860023540512e-01
-9.706868024406194451e-01 1.098466466691602472e-01 1.084713401900671420e-01
4.769507630819072586e-01 -1.277839329996459106e-01 4.467554706411981311e-03
1.566217029352367618e+00 -9.510449816600924366e-02 -2.102564488211692839e-01
9.982420669367115806e-01 -9.008994577785973956e-02 2.065725032235275205e-01
2.056227954333871011e-01 -1.387770660037577208e-01 9.655756490744732412e-02
3.614239992838428339e-01 1.974333046099035205e-01 -2.687154344134060624e-01
-4.696197166846526327e-01 -2.889326470780473888e-01 -3.777456507809898723e-01
-2.210011425008898689e-01 -9.212285460964116102e-02 4.359350787563973095e-02
-5.635060392710927735e-01 1.452919663538246864e-01 3.805913897372090737e-01
8.039889940331951257e-02 4.437146874880425196e-02 -1.985253534524719990e-02
3.425302364322742044e-01 -1.005028973893661998e-01 -2.330235306012261587e-01
-9.418803970693206268e-03 -5.034747649137462089e-01 -6.117110219466902477e-01
-6.899998766260197203e-02 2.965375123595108131e-01 7.002106123086492273e-01
3.103984798407704027e-01 -1.554856300357895620e-02 8.534647799967014226e-02
1.507379826651162463e-02 -9.192772950929882780e-01 -3.455026580740920283e-01
3.377445142408396772e-01 6.561943089687134745e-02 6.796284850879409367e-01
2.235072154869029160e-01 -5.901590317750327053e-01 -7.397710172868539845e-03
1.706498077584062134e-01 3.514728571592558581e-01 -2.392625665206673038e-02
5.704937697790978257e-01 -1.064625999518840904e-01 7.527726623095386260e-02
3.105481371534607460e-01 7.208881631926110367e-02 6.435244420510057017e-02
-2.258830601763478219e-01 -2.438147764734514555e-01 -4.181359489059708334e-01
-1.256790602276045554e-01 2.791933681684438673e-01 5.134190544846432003e-01
