1.365617066130626056e-01 -1.905138680051017275e+00 9.771747331852753682e-02
-4.760569116037560722e-01 1.870857239577831399e-01 3.229399652424798650e-01
-5.542500245192409913e-01 5.904325822123742545e-02 -5.569094647043298235e-02
3.932467364102454899e-01 -1.033940103086205264e-01 3.350940556712051627e-02
6.842647161535376776e-01 7.831519215788232402e-02 -1.016020970485726066e-01
5.542959124931323700e-01 1.998453911953723960e-01 6.520978070725916287e-02
-2.308169603879465202e-03 -2.038045005054734127e-01 1.236999791142823490e-01
-2.037198934749420431e-01 2.247172354335990607e-01 -1.615758995973502797e-03
-4.633649833031291965e-01 -1.448279047711556466e-01 -9.285050720630912136e-02
-9.463583767342093056e-02 -1.072441743478444315e-01 7.419591933043824528e-02
-2.320486046630694799e-01 1.492243885454368202e-01 1.025028503609024845e-02
2.036603719204959362e-01 1.207405602856698526e-02 -1.502838178893030167e-02
1.085070118972518011e-01 2.553723916167676133e-01 -9.132996832774348261e-02
-4.652135763181779876e-02 -3.279407688797972842e-01 -3.685860913817215478e-01
-6.639305953263688331e-02 -6.042518716027631825e-02 3.678936237906337281e-01
-2.582202051648930380e-02 2.100155153427572807e-01 9.952227208147859661e-02
7.145686844028494022e-02 -5.714273296012842840e-01 -4.663772239818532173e-01
1.000023281798101682e-01 -1.833797200336704514e-01 6.518072535633778752e-01
3.900946254701122551e-01 -7.656994425915238933e-01 5.809629153140507402e-03
6.341914184142738442e-02 2.561355274856633724e-01 -2.015460173279894907e-01
2.513822179742124518e-01 -2.068432890197377250e-01 8.030408372660326199e-02
1.190299735500990469e-01 3.884637046530443200e-02 -6.409431946846524952e-02
-1.918152487300437969e-01 -1.891611536973665519e-01 -3.462763980381037832e-01
-1.544651234679332297e-01 2.358213878255717433e-01 4.703543261922482621e-01
