-9.722005202917864686e-02 -9.246481063804425915e-01 -2.785529531338655149e-02
-2.528576146293152194e-01 -1.381101830982607859e-01 9.456130283024720418e-02
-2.654629030893445110e-02 -1.390218980449238195e-01 -1.554588630824578765e-01
1.046207861997409394e-01 1.532192266743856446e-01 -7.865544599115047858e-03
5.726540236873943757e-01 -3.568406874341681356e-01 -7.176756012316620748e-02
7.308401221856866137e-01 -1.282870868899429195e-01 3.014756501188512253e-02
-4.643194740186069869e-02 6.121009944555610288e-02 7.013107814211758106e-02
9.679509393729138211e-02 1.314183025627806145e-01 -4.230541392030082171e-02
-1.584739773941402571e-02 -2.551648079218967746e-01 1.520824903028338559e-01
2.338655938677901974e-02 1.178288653011076853e-01 5.331039849692709859e-02
-3.152538162783650177e-01 8.648469060821305232e-02 1.877879667976594946e-01
-1.274087817636666009e-01 5.459730955944763764e-03 -2.671602319599420405e-01
2.016577643461339442e-01 3.037046979197662311e-01 2.849012623917323780e-02
-1.783220185422638160e-01 3.066380973162912693e-01 7.951174205215348623e-02
-9.591756713524060562e-02 3.940168838210433844e-02 6.661436883216755034e-02
-8.020889869711653186e-02 2.086924614139199219e-01 4.528687789499897393e-02
-5.062600444096326813e-02 -1.150459527840948376e-01 -5.213592541012956882e-01
-2.118249026408322577e-01 4.693596418074234555e-01 3.963706639425224054e-01
1.666151292037117149e-01 -8.566827375465780881e-01 4.683791462128236160e-01
-7.425658288191423761e-02 1.154759197115476033e+00 -4.990578260862502114e-01
1.311390996777620221e-01 -1.962105965475592628e-01 -7.449375726280781096e-02
6.456977932545733545e-02 2.524592660000234967e-01 1.626924257944644889e-02
-6.929043975376121545e-02 -8.239226113530484508e-02 -2.703824637226595606e-01
-2.185103474862291201e-02 7.488782965277342163e-02 2.725817688693579766e-01
