8.310805812244358159e-02 -1.780802585049370945e+00 1.394677651379321731e-02
-1.405392599740657444e-01 1.814831628814901343e-01 3.479864319609022871e-01
-7.342610559411112681e-02 -8.231139983008535499e-02 -1.448688507920334045e-01
5.154792623704201188e-02 -4.141023966299115996e-03 -7.137144731335785981e-03
3.010515720933082395e-01 5.018478347473398493e-02 -1.253554106989083865e-02
2.590770337291555814e-01 4.495784387591229836e-02 1.159267701536668971e-02
-2.096813932295185992e-02 -8.384224864954099854e-02 6.129513686887701901e-02
2.168201790035909626e-01 1.654533134528997085e-01 -1.130182730310008155e-01
4.964395093408099924e-02 -1.207521843961604224e-01 1.885808579550264930e-01
4.019689788677751480e-02 -9.278985251096591447e-03 1.049558023405212231e-02
-3.458015615251890384e-01 1.076516042578315319e-01 7.778943978009925098e-02
6.809930179085668667e-03 -1.957063576070581373e-02 -2.961791711875643718e-01
2.563931900291643862e-01 3.968855583384821306e-02 9.191480455965078677e-02
-7.757699943301203660e-02 1.664531124969014786e-01 -1.209188488612361195e-01
-9.891097886876783207e-02 -1.777164663454038618e-01 8.828140354165409098e-02
2.909115171072404471e-02 3.918965744679983598e-02 1.010215358312625267e-01
1.077057772358656074e-01 -2.337958429849793240e-01 -7.721090234742331582e-01
-5.812688632885613937e-02 1.499199965927310862e-01 6.623303111151704892e-01
3.616104594987377685e-01 -1.170383742349307088e+00 3.746383327390793716e-01
5.173934730502473961e-02 9.923937810631299206e-01 -4.201938535561550725e-01
6.084975572908386809e-02 -1.883217544219993322e-01 -1.086480148025510961e-01
4.436789440851699601e-02 1.104971838621703478e-01 1.008140360654495998e-01
-1.430784677685624229e-01 -1.291627918435333533e-01 -3.433452157232662616e-01
-1.201635075949263193e-01 1.460831013682481472e-01 3.589942734598795537e-01
