1.253819263654413485e-01 1.361375381527684114e+00 2.257591469290073094e-01
-7.269659483849817416e-01 -1.211699667814023773e-01 1.943611727716170468e-01
-4.660762285126134330e-01 -6.540522403794608863e-02 -9.872128373131434931e-02
4.213731968645183512e-01 1.184193510574365199e-01 -4.194233195697646271e-02
1.357926018757344977e+00 -1.260702039933038199e-01 -1.900315776328322659e-01
8.089331755606321561e-01 7.122939335581318643e-02 1.381936496630190303e-01
5.882248640559782638e-02 -3.879526168899099375e-02 1.828408255267556792e-01
1.673476301905819086e-01 2.728345980460400444e-01 -8.780211176318890309e-02
2.886275610853350493e-01 -1.831643660223813697e-01 9.599205503921617866e-02
-1.122465433953344222e-01 6.232323767556027794e-02 1.193965968907584191e-01
-3.726486016737617923e-01 1.192708892563941470e-02 2.502987846320194887e-01
-2.729770266624318431e-01 1.221291454256191733e-01 -2.028582349132360130e-01
1.752106388173967078e-01 -3.831145469936793613e-01 2.726294643897610448e-01
-5.964949219415732751e-02 -1.644067511531985826e-01 -5.027673244286436777e-02
-1.180927104065139857e-02 4.727082491752776505e-01 2.212782485639472330e-01
1.351566261480765807e-01 -3.742562206666609215e-01 3.750320487055874841e-01
-2.562974798879371074e-01 -3.787998770668229986e-01 1.109649040723931501e-01
-1.387430132052768772e-01 4.180909385673272638e-01 6.039625504687505531e-02
8.523928087015228416e-02 -4.918344428160719706e-01 2.871241494744632833e-02
3.040517672394442150e-01 3.007902046999372803e-01 6.893313400000475322e-02
4.514330556388396198e-01 -1.248731722705871683e-01 6.931526505009290295e-02
5.106345180722756671e-01 1.106228617587188268e-01 -6.649587020660336495e-03
-2.242703417478206923e-02 -1.292905429222082347e-01 -1.577501964674349055e-01
-1.017239770109563870e-03 1.220509363193627017e-01 8.937915101069252022e-02
