-2.121137935127455909e-01 4.142224103763798126e+00 3.482251653993186924e-01
-4.676420682760462078e-01 1.097030341008514293e-01 4.440410052416342013e-01
-4.564582878290262546e-01 -8.420612213845119626e-03 -1.782083986546913190e-01
3.254951483211556140e-01 -3.402587678696836204e-02 -2.197079050088933741e-02
1.146518990029414375e+00 -5.373583473027689766e-02 -1.447691262728202088e-01
9.603186116346044132e-01 1.088263876830952159e-01 8.798495693412328178e-02
-3.748834470084268927e-02 -1.122294338944543751e-01 1.262705664265062477e-01
-2.932462512654616105e-01 2.519121744203460800e-01 3.883851348384378954e-02
-3.933111350479515100e-01 -1.204227756598004739e-01 -5.449741943915484971e-02
-6.924406947856071026e-02 -3.359936917915565951e-02 7.577812126837731033e-02
-1.722559567276701065e-01 1.581459214510305133e-01 5.898236726980425615e-02
-1.412678138980153104e-02 -1.009130768412990903e-01 -3.728524949080024020e-02
2.550091261456252090e-01 -1.631915285566050422e-01 1.817882930071479664e-01
-1.067700449752814196e-01 -1.874467031947675555e-01 -1.346137178502393450e-01
-1.308003951958152389e-01 2.416037681412748772e-01 1.205127486831721328e-01
-1.375945482525641472e-01 -2.114033820804823438e-01 2.310109881455373881e-01
-1.555959722714974347e-01 -2.738303055800470620e-01 -1.356070770302035544e-01
-1.646316777145827026e-01 2.291837537882708276e-01 1.812281969470838083e-01
9.614845138752500797e-02 -5.377442623246533326e-01 2.271271957097060756e-01
2.704846818656365670e-01 8.647136070313234946e-01 -2.044109950815111709e-01
3.044652966009340767e-01 -1.688796334445817893e-01 8.007872872726433389e-02
2.020757030752266259e-01 1.989282917842822018e-01 -9.032617119538513539e-02
-2.543597736306123236e-02 -8.370749904848882872e-02 -1.725055544363240656e-01
5.654282459495246077e-02 4.646783829780129493e-02 2.125249757930174899e-01
