5.008519884525994281e-02 -1.627166577514014945e+00 -7.805014955559267872e-03
-8.480491417853452951e-03 1.159222378279501225e-01 2.020285601993169478e-01
-6.555379142250557234e-02 -5.465761492311922709e-02 -1.024896561606810919e-01
1.501630199135028931e-02 -1.125145588116582655e-02 -8.259312574501324541e-03
5.916658583087284345e-02 -1.928309224265805158e-02 -4.574249845942227576e-03
1.250898932556172571e-01 7.763666092419882481e-02 2.871710854859510151e-02
-1.391664090924422427e-02 -7.049610436342371167e-02 5.494202043493408988e-02
4.363988663519872274e-02 1.542067230728671745e-01 -1.087197102788576286e-01
-6.101955916667101132e-02 -1.686091842165026999e-01 1.210090416524420842e-01
-5.700129786383279634e-02 -3.405727453885470934e-02 -2.748757913621062161e-03
-1.615999073538942343e-01 9.421463452179963671e-02 1.620795415498620384e-01
5.509214136568864328e-02 1.176521528173330444e-01 -1.622720825537626865e-01
-4.060037940667989703e-02 2.949253709585239816e-02 1.170502291977350562e-01
-3.785272316471381682e-02 1.972421911412526249e-02 -4.333711113607114918e-01
-5.240316469867090099e-02 7.582715783827499723e-03 4.815857445330021247e-01
3.117299831121618792e-01 -1.696029546759087597e-02 1.976914989905730112e-04
2.438795318090159481e-01 -2.649776598636939817e-01 -7.771157783493366500e-01
2.064269403236398959e-01 2.393504164059859218e-01 7.063211001778013642e-01
1.939929367494181711e-01 -3.322089470521152887e-01 4.480231510431739034e-02
3.057731062676427927e-02 3.086019211369849802e-01 -1.084455498140680652e-01
2.081652513088468603e-01 -6.007368508398904655e-02 5.833241430036016639e-02
2.072512707073518035e-01 5.625583469874941879e-03 1.079991877069259344e-02
-1.627624103545576018e-01 -1.317458831772172212e-01 -2.302771935266036407e-01
-1.453970281025902256e-01 1.605428292358390685e-01 2.544350459587548241e-01
