-6.557494879880365612e-01 4.909861901582348587e+00 -2.413833971633727038e-01
-7.716059244604567269e-01 -8.588714485731709092e-02 2.746666738445849854e-01
-4.885892615505972869e-01 -2.253037001148728291e-01 -3.173601188965668451e-01
4.998189654819793493e-01 1.656133776212087849e-01 -1.582247580848181179e-02
7.939567843150876492e-01 -2.743713936849999091e-01 -1.909550548013715099e-01
1.069793849575891409e+00 -2.836659237032506664e-01 1.053327497816879399e-01
-2.264556437121482621e-02 9.312917926755369391e-02 -1.907948287593767833e-02
-4.062483402915422759e-01 8.283713069141510066e-02 8.000067708423878876e-02
-3.405454995390701511e-01 -2.479286138804116524e-01 4.200131679397544476e-03
-7.921497509231059664e-02 1.360085683384952560e-01 1.916246457375244197e-02
2.291136582802919680e-02 1.225746838512256076e-01 5.796803062964670655e-02
1.386118806322651428e-03 -1.729424680361011865e-02 -5.519049886480670297e-02
5.056746225466868944e-02 -1.185156049386072857e-01 3.703903922803618298e-02
-1.209918824961899453e-01 1.103412941525765273e-01 -2.824233393741896747e-01
3.266922289551624226e-02 4.268044236814297343e-01 3.138707409099413259e-01
-2.424979788081907395e-01 -2.438570317525452780e-01 6.188006157187084938e-02
1.448642159689675357e-01 9.607874344926159438e-02 -5.752783817586923920e-01
-1.322485489207717857e-01 4.077760275948071333e-01 2.793807618979896601e-01
-4.102944869634454587e-03 -3.503755374189047034e-01 1.906654119455289398e-01
1.714128049078961213e-01 6.647082929391078254e-01 -7.398708111917239039e-02
3.131906504224098442e-01 -1.708075958157582175e-01 -5.318180308616962670e-02
2.362874127706009741e-01 2.656950593073216238e-01 -4.683493312743666759e-02
-1.093206421397884265e-01 -7.538275912855628424e-02 -1.197135926829157176e-01
2.197622636668770252e-02 4.022582274303641153e-02 6.557015591480451489e-02
