7.995123767812876980e-02 4.959487372582557008e+00 3.465388014947910073e-02
-1.955885812003495261e-01 1.220708042774945740e-01 3.379468198882541463e-01
-2.691219545986975881e-01 -1.293203732556689467e-01 -2.543550442297188297e-01
1.392730600953751841e-01 4.654813729358003166e-02 4.279411561146090337e-02
3.328914072653253453e-01 -1.387395420235667809e-01 -5.097105583336722888e-04
5.424664456893248943e-01 -6.443633936214190894e-02 7.227673898351635873e-02
7.650002547518242046e-02 2.165242012759237972e-02 5.600831375298793990e-02
3.654273193502595163e-01 9.661621606573514431e-02 -1.844139909450745740e-01
1.110441307730237748e-01 -9.149470253495795014e-02 1.488258896172728607e-01
-1.684074111642863344e-02 5.479876844546464204e-02 -9.700747372913323934e-04
-3.311143411616255805e-01 6.678750033459165958e-02 1.293931581989294088e-01
-1.533220079200536649e-02 1.395095479523662807e-03 -1.760175876420120855e-01
3.966930913576123263e-01 5.924867537022952824e-02 -1.003687316949737063e-01
-2.326557898870450225e-02 1.751997726058520388e-01 -2.984016490831947199e-01
2.492596906338308271e-02 -7.192145231460246417e-03 3.482998091182707978e-01
7.024831009093354672e-02 -3.136743296586929058e-03 -4.941256361415710674e-02
2.365265958369068833e-01 -6.705116958142733063e-02 -6.976899614877557498e-01
4.035759604753651891e-02 1.242896293055775897e-01 5.199121970677910154e-01
4.253529886133516347e-01 -6.578330226249947676e-01 5.381488649955334241e-02
1.551263609521231213e-01 5.712390836422700513e-01 -1.078824972962047490e-01
1.729301419478089241e-01 -2.783532875142136764e-01 1.192742902497543646e-02
2.683485179020881906e-01 2.191228875238603602e-01 -2.559518729284038317e-03
-1.005006654165727792e-01 -1.207276776435892846e-01 -2.817060499807712559e-01
-1.205706839759741744e-01 1.106191893859334863e-01 3.076117009012280246e-01
