2.006376464364270917e-01 -1.808786836954161981e+00 3.364551667137524044e-02
-4.024558709143698509e-01 1.795542710826142641e-01 4.455122953573383837e-01
-1.288733881791992997e-01 -9.212917973148622430e-02 -1.698969220440367800e-01
1.428430927614229573e-01 1.185052647037639593e-02 -4.011125326306523575e-02
5.619201953046703002e-01 1.565362898116767765e-02 -5.980152968674189162e-02
3.993480376850426783e-01 5.699741302660116249e-02 6.825555064160944430e-03
-2.044562465150594893e-02 -9.712040072151054138e-02 9.388023038060694381e-02
-5.565068280723965005e-02 2.385862075829218165e-01 -6.081671627437311434e-02
-2.377147415289746490e-01 -1.833242307306569008e-01 -2.477883532548288276e-02
-1.350401551306045639e-02 -4.738365765476133112e-02 1.503309172951053894e-02
-1.456795221121684747e-01 6.718872247967465350e-02 9.890343742908221103e-02
1.203578772631146848e-01 -5.215691200218202511e-02 1.439161349187907755e-04
2.787834774805848514e-01 8.286263166818269577e-03 1.520372314788869805e-01
-4.351160270970015620e-02 3.051901934609845823e-01 -3.750052301344390382e-01
-1.053336515148598357e-01 -2.884359537897870918e-01 3.768322638152175608e-01
7.673753061824886701e-02 -6.922434007578320662e-03 8.320083933824953815e-02
8.450360668892417659e-02 -6.863065329341727638e-02 -4.379860394025013592e-01
-4.118826759120206710e-02 1.982728298600295539e-03 4.436741308772765291e-01
1.375817263209818397e-01 -5.151534467188458866e-01 1.425011668279089760e-01
-6.090218805220367487e-02 5.660553188095366339e-01 -1.839733769926957252e-01
1.883031637836049266e-01 -1.967988470453855832e-01 1.054344700787192557e-01
7.169140676023837144e-02 1.397445888647547707e-01 -1.070425444759022099e-01
-1.265993641163443324e-02 -1.041305946137744687e-01 -2.320184264113119010e-01
2.638795968032860498e-02 1.104663751766661040e-01 2.814213067901074061e-01
