-9.136020672954901778e-03 3.527529016429811648e+00 -9.098704341604940682e-01
-5.633951891141980584e-01 1.027630209274034839e-01 2.269519846674923347e-01
-1.020936846235990236e+00 -3.709039423791220952e-02 -3.897051107734960662e-01
6.075197668829646069e-01 -3.144241040458048420e-02 1.476593598832014742e-01
5.467100139415459470e-01 -7.330282767503294716e-02 -8.822283378637826856e-02
8.708947399710197379e-01 -6.059483554340332895e-02 5.757131132804697154e-02
-7.092773861337874075e-02 -1.937341567042868973e-02 2.113783243111379620e-02
-1.113333192216116874e-01 1.426236651650339970e-01 2.569490167632018304e-02
-2.250271301532354995e-01 -1.215851984193407759e-01 1.721746834423627248e-01
-1.196768978437094504e-02 7.315170287796640691e-02 3.785029017297186771e-02
-1.000110435357177141e-01 1.602309793675159577e-01 -1.383241272413580740e-02
3.231120224130766549e-02 -5.631171212085626931e-02 -3.548233514385863430e-01
4.352380923729601836e-01 8.961484983280139371e-02 -2.361800061055873701e-01
-8.639353992531005610e-02 -1.704236278469815624e-01 -3.443221011130929154e-01
-6.477581235649926272e-02 1.968027560548350485e-01 2.031585096584337946e-01
2.373595913520400516e-02 2.852515923639811213e-01 1.104175042962703829e-01
1.855957278033078250e-01 -1.258798634396271487e-01 -7.566778177830341123e-01
-2.739128840329197456e-01 2.545091313234038588e-01 4.124841152022573620e-01
3.224279052933160528e-01 3.433085171026124122e-02 4.790210430742665969e-03
-2.423917993072019772e-01 5.645464991226714080e-01 -1.995602922625154818e-01
1.324539986535638036e-01 -1.256930808422896673e-01 -1.456485610209385662e-01
1.600711843593645156e-01 1.942281118550885644e-01 5.160667029743432402e-03
-1.128254590374468957e-01 -1.215983406480661971e-01 -1.664594028471237663e-01
-2.020651823794513413e-01 5.481719527397944242e-02 3.013397472212067663e-01
