-2.684696803832885559e-01 4.337790438461648357e+00 2.193124040103443806e-01
-7.099188624863825847e-01 1.138595911905237318e-02 4.051378238238680374e-01
-5.930399468372925531e-01 -3.579022862648185282e-02 -2.463712849402879268e-01
4.259682456344612844e-01 2.412870461254778415e-02 1.060858629132010664e-02
1.291192626659340759e+00 -1.007692951543143339e-01 -1.763910621814398783e-01
1.148444525597041244e+00 2.275054992285547098e-02 9.562514219141167449e-02
-3.330934592217905943e-02 -6.207955051056691931e-02 1.050396942252112692e-01
-3.950729915647326340e-01 2.210094476405650155e-01 8.072800832289783735e-02
-4.834928492576221482e-01 -1.467732480045330357e-01 -9.734848849138519333e-02
-1.170109989723798899e-01 8.475405365962947538e-03 7.288107594279465140e-02
-1.172645581264663422e-01 1.675612296570764270e-01 5.683976973987138470e-02
7.089719353977971469e-03 -8.429123367207305706e-02 1.780474806089784538e-03
1.748558934231810580e-01 -1.546503165449940875e-01 1.535857987979858397e-01
-1.139883220709211331e-01 -1.738077474717892590e-01 -2.786599438837772391e-01
-7.753901785290238935e-02 3.208003725201757916e-01 2.516993860295358432e-01
-1.420118786978041836e-01 -1.981022042769965685e-01 2.005297156167977490e-01
-5.201720486912735780e-02 -2.035436849072931043e-01 -2.066275271667466218e-01
-1.037792531737724011e-01 2.184244053228228677e-01 1.790950056170834137e-01
8.484355476876338786e-02 -5.469134104270476637e-01 2.283740937424015571e-01
3.094124963083534352e-01 8.505717281038142064e-01 -1.451832020671565970e-01
3.376900492575099499e-01 -1.778919648673387977e-01 9.577863527633768970e-02
2.595376729763569923e-01 2.246472543495262320e-01 -9.719317884045067246e-02
-3.469161377958097925e-02 -1.098477834317300034e-01 -1.926358169631476325e-01
3.488401095528873008e-02 8.018934866528787397e-02 2.140883733553419765e-01
