-3.706082402180663204e-01 4.959857012411569954e+00 5.359977179341024467e-02
-2.351132139520960007e-01 5.896134907263032854e-02 2.864683901747480665e-01
-2.680120223882156982e-01 -1.981267630722932105e-01 -2.640444120808140283e-01
2.285152183422084482e-01 1.042907431659626655e-01 -8.722805131492528813e-03
1.774219221788868317e-01 -3.174757438235227269e-01 -5.716870407372674073e-02
6.913995409384920965e-01 -1.700017981772424802e-01 9.255999181605452375e-02
4.684138588737608855e-02 7.676690256726435846e-02 2.459990657589758434e-02
-1.050218389059155571e-01 9.176634091262209081e-02 -3.950322537647239091e-02
-2.322672589015102873e-01 -1.977366176397007125e-01 8.522522609498785207e-02
-2.245929775154253266e-02 1.051966150311897802e-01 9.299902112690350622e-03
-1.055802934509655344e-01 7.444029959013528930e-02 7.480877169260594095e-02
4.310829000315290899e-02 2.167667653162540578e-02 -7.938035586204267302e-02
1.752494964886795181e-01 2.742527872927760270e-03 6.606987255271755920e-03
-8.641584161892429394e-02 1.903499759127158519e-01 -1.841106769156479195e-01
4.242882219196986160e-02 2.676912556954741951e-01 3.340139678844322724e-01
-4.782458472964239149e-02 -1.891185309894669320e-01 -1.612330386358439005e-02
1.048458894840593042e-01 1.964926311403159681e-02 -5.919664854427002521e-01
-4.987396385590884412e-02 3.615129032831574385e-01 4.427976312965846706e-01
1.145506220011840021e-01 -4.676740041525388469e-01 1.534832902943194244e-01
1.691344315876218973e-01 5.773225566608926052e-01 -8.400195772515162140e-02
3.069233578097183557e-01 -2.117952032225595693e-01 -1.270783248641859514e-02
2.399408660287265238e-01 2.557261424630990487e-01 -2.956575828991724053e-02
-1.317622976209481822e-01 -7.782992053583742686e-02 -1.563145161349500933e-01
4.451644296580321326e-03 4.398186710726410820e-02 9.668692336756562478e-02
