1.843469148974559157e-01 4.774095844766130803e+00 -1.216318736054093110e-02
-3.388912723080044764e-01 1.577825502460521445e-01 2.968933934539524366e-01
-4.726152168989397051e-01 -7.674225480010096745e-02 -2.907518729308147254e-01
2.920257395995425886e-01 2.148784849499170424e-02 9.451726471678599528e-02
4.520589873785184065e-01 -2.088499631558752775e-02 -7.856317099942883297e-02
5.581479269339331140e-01 -3.496814619433678134e-02 6.100776358162772472e-02
1.311385388923693995e-01 5.800157434339938377e-03 4.147910074418429544e-02
1.668236690120973864e-01 8.195502536494930768e-02 -1.468620964554568642e-01
1.875503977010945997e-02 -3.345972712402780352e-02 1.130297855310562066e-01
-6.125793909519412772e-02 7.099952745754034567e-02 -5.083825705937855197e-03
-2.269365332561850968e-01 1.059124805722571616e-01 1.317897767658909869e-01
3.635359707751491948e-02 -3.372259795258000792e-02 -1.406226944458188188e-01
4.565370522412059429e-01 4.888190814786370908e-02 -1.285799660227260055e-01
-1.807422089491754133e-02 2.767525676144609939e-02 -4.818599220238922731e-01
2.708610924609613710e-02 1.066885111363952282e-01 4.162233366593806050e-01
1.941993154008771552e-02 7.911927142326949380e-02 -3.218362595331009102e-02
3.525022223265715238e-01 -9.252686612112584474e-02 -7.735761666856652008e-01
-1.294233877243090511e-02 1.711241505754405590e-01 4.308737113640433991e-01
4.780917740669687888e-01 -6.028667355399910388e-01 1.040810553496021411e-02
5.109522668337004164e-02 5.426496831486835593e-01 -8.558207869594532113e-02
1.946764780222749180e-01 -2.885140473628228230e-01 -3.058721834313839205e-02
3.179071624879625246e-01 2.236419933795117387e-01 7.855270316728850746e-04
-1.609873170800183162e-01 -1.476297299839628152e-01 -2.869651211835129168e-01
-1.839485342402673584e-01 1.115449422910285149e-01 3.221286101957849812e-01
