-2.943896982246545502e-01 -1.632277534170250899e+00 -1.605598745187135010e-02
-2.884006710134486284e-01 -8.975435016213064452e-04 -1.664097133610545898e-01
-5.551925523327247980e-01 7.165888367595657504e-02 7.663560624789318709e-02
3.363145219118576223e-01 -9.948622830129151551e-02 5.393424683974376577e-02
1.240364471507613420e+00 3.018818865813366250e-03 -2.899476243419909505e-01
5.057887715113190685e-01 2.537261940558651827e-02 1.024272936117315014e-01
1.480437167658126552e-01 -1.824483394705006256e-01 1.068720042560147854e-01
1.074984001734115430e-01 1.741768443542940914e-01 -1.335999071156600548e-01
-2.385742373271231564e-01 -2.987024929860240263e-01 -2.281953823767302325e-01
-1.114117850695680728e-01 -1.049176229883589800e-01 2.509434257828487697e-02
-4.332324892092087598e-01 1.117292277802846429e-01 2.607106595246870828e-01
8.158731861027354593e-02 9.652471274026072634e-02 3.652602559137727890e-03
2.665984386485973356e-01 -1.173638830014840234e-01 -1.585784177733438050e-01
2.266850939758860775e-02 -2.513418582626013031e-01 -5.483336163717511536e-01
-5.914121228070604724e-02 3.358455457118425785e-03 5.830923554708099532e-01
2.177182415814932492e-01 9.579850086732961956e-02 7.296200248383377662e-02
1.204063910993087155e-01 -6.118094181569042611e-01 -4.740841031041233555e-01
4.213455001539411215e-01 -1.449330651820881222e-01 7.327070077474041598e-01
2.671300648351499496e-01 -6.566417692463614175e-01 -1.154865327445439918e-02
2.806311735126043039e-01 5.255435924074374210e-01 -5.802622117579980809e-03
4.566665231312152518e-01 -1.467436824461149925e-01 -3.991062550747740897e-03
2.968078733343278430e-01 1.053782806525710575e-01 9.233458601904380447e-02
-2.526492813657993386e-01 -2.377927451638686684e-01 -3.735706497146837335e-01
-1.889434938926843333e-01 2.765280797222771092e-01 4.648212455545034927e-01
