4.209100984282415636e-01 4.503257190221985340e+00 -4.137953660705694370e-01
-7.904843966941880185e-01 3.789738684038698041e-02 3.193416326337422673e-01
-1.042290651468621432e+00 1.412119275343668053e-02 -4.625168537051702611e-01
7.139152632304237578e-01 1.349218997550788099e-02 1.662288175194894246e-01
1.210197686626156788e+00 -6.652667415798846351e-02 -2.123003520592597060e-01
1.036905541843964773e+00 8.151808086708095535e-02 6.479504696027973965e-02
-6.013985390491887600e-02 2.354891606412025384e-02 7.309571107556511738e-02
9.568402812192193865e-03 3.595829299213438440e-02 -1.447661563019912376e-02
-5.176020025627332821e-02 3.493192214667622392e-02 2.651871208999296292e-01
-8.974194108503641409e-03 9.489979275196075426e-02 5.120587627907201983e-02
-3.010858369535028833e-01 1.648391887259813837e-01 2.506522646836381596e-02
-1.529597424954620699e-01 -4.176303657850205520e-02 -4.879079286346642563e-01
5.059067767839148244e-01 6.160185095108156733e-02 -1.775678435877219297e-01
-1.051971900423222667e-01 1.825801944787145163e-03 -1.957071119426096462e-01
-5.439182464479717233e-02 1.925116470274091107e-01 2.050574180525065460e-01
4.237651283259504659e-02 1.308080839066092793e-01 8.342564173490144008e-02
1.388842863286142149e-01 -6.579901699342567689e-02 -6.419433496526413263e-01
-1.799955454294746293e-01 3.694321127375282954e-01 4.180410751236215972e-01
3.997687113543574311e-01 -3.206211697845566810e-01 1.854666642232434548e-01
6.497609332737847368e-03 7.756185537572978239e-01 -1.707968401048742257e-01
1.013283556821500120e-01 -1.848042495996709556e-01 -4.417827215957617626e-02
2.027563913087473690e-01 2.405506208774735588e-01 7.268757498285832556e-03
-1.985173781433114890e-02 -8.954185705904463277e-02 -1.214940155564745161e-01
-1.430574355134251463e-01 2.784699433270459643e-02 2.072301907899462003e-01
