4.318722501849524970e-02 -1.764692823982475733e+00 1.616359584597935189e-02
-2.068389268863828068e-02 1.447220588349224790e-01 2.152220128221417617e-01
-1.618521190823563050e-01 -2.543462720917542830e-02 -1.105259872310035557e-01
1.193140678295813162e-01 -7.078693703501955092e-02 3.442984151664708198e-03
1.197231222899755032e-01 1.820826632372338910e-02 -3.599265001869488695e-02
2.054481030694101096e-01 1.119344159947232437e-01 3.930844079488138298e-02
-4.183742116134252231e-02 -1.168110697790253477e-01 5.505411843872545785e-02
1.020124809302769275e-02 1.602275070920964051e-01 -1.020608858482234815e-01
-1.098300533766133347e-01 -1.564333960370991039e-01 1.459680979014465196e-01
-6.877702603705669084e-03 -8.602835662851623932e-02 3.673473346947611282e-04
-1.786486306362483067e-01 1.163029366323965891e-01 1.701545838249325371e-01
2.736876187984286016e-02 1.328853117094785929e-01 -2.386163329279384626e-01
-5.061012836874919513e-02 9.751975507666359178e-02 1.356512730077037709e-01
-2.117566313632607972e-02 -6.452844830102452689e-02 -4.450941323700971508e-01
-5.589145733908976177e-02 -2.884864955330404893e-02 4.327237620853046085e-01
3.139647309758269444e-01 7.299825180582708573e-02 8.638406286846056839e-03
2.085574770854242144e-01 -3.250719375730695138e-01 -8.236485911814578342e-01
1.899757860832364809e-01 2.267073553252792750e-01 7.439853437622829802e-01
2.255013067433262741e-01 -3.516774123362594318e-01 3.464735410403049689e-03
-5.835283192643325907e-03 3.401321907710602721e-01 -1.474945965985898499e-01
1.525338213363108542e-01 -7.291305395330590841e-03 1.066093259936213428e-01
1.330744845519871711e-01 -4.286575994462099581e-02 6.467630337037248191e-03
-1.907038652581269922e-01 -1.363090956834243639e-01 -2.599296773973894803e-01
-1.809814090293457023e-01 1.685186749076607593e-01 2.814401723386960041e-01
