5.667804533153103508e-02 -1.622124761984411911e+00 -9.523466366081688797e-03
-9.833473359822257620e-03 1.120116192805167277e-01 2.008276954288228111e-01
-4.804381573034453845e-02 -5.405684092474639241e-02 -9.850822226090601152e-02
-1.676937434475689673e-03 -4.228830993183488839e-03 -8.387879097853481389e-03
5.256356367963058857e-02 -2.358632928970648759e-02 -1.276597034522722763e-03
9.537248709286527681e-02 7.733366663242499661e-02 2.738766207850941783e-02
-3.942444558276164690e-03 -6.551167074338834495e-02 5.794779147199181218e-02
4.728597143491680005e-02 1.560721994702700677e-01 -1.058586118476482485e-01
-5.293546114250862605e-02 -1.618697224255542522e-01 1.029081227548194061e-01
-7.207766721823483103e-02 -2.650535331848116391e-02 -2.514764283941524001e-03
-1.584671132932236881e-01 8.653052417875078950e-02 1.519887017235645454e-01
7.152015516377899229e-02 1.043560109111446449e-01 -1.241206529724197538e-01
-2.752192127808722119e-02 1.031191125114700770e-02 1.049353199874401843e-01
-4.767736704922018176e-02 3.106650836095564347e-02 -4.373531414504794324e-01
-4.086542883054605085e-02 8.640885022424240475e-03 4.969512475756571734e-01
3.124934350741154221e-01 -3.133174109878075070e-02 -1.654315682920766330e-03
2.452187435518913550e-01 -2.757390891343798889e-01 -7.662176809016428836e-01
2.170403040420948171e-01 2.198732777370194236e-01 6.912349504619138552e-01
1.803338428918834779e-01 -3.481321883097804881e-01 6.346780945756284875e-02
3.913808588691441992e-02 2.772913027081057580e-01 -9.808447177203735712e-02
2.215931975942027343e-01 -8.094204252374832820e-02 5.370467784755606627e-02
2.248181894521055491e-01 1.725506286058538577e-02 1.377274707867839031e-02
-1.487040882675161324e-01 -1.302648739704123371e-01 -2.223974342567105189e-01
-1.329149674135972348e-01 1.610510706393948333e-01 2.475459002070982406e-01
