3.415506661076253003e-01 4.546951302938212258e+00 -3.126011268524112041e-01
-8.255848449545160062e-01 3.480057667623937673e-02 3.208400349882675195e-01
-1.100353443988505875e+00 3.316023442723268350e-02 -4.123667807323365686e-01
7.123926164245854009e-01 9.683716277495339406e-03 1.657539728340932106e-01
1.216974534930388874e+00 -4.010688474921524083e-03 -1.888808000281941013e-01
1.210065616134786248e+00 5.974574439220839417e-02 9.048410258730882338e-02
-6.526866439171062628e-02 3.334652550417820105e-02 6.057450201947012919e-02
4.183074110859404116e-02 1.041538093323314679e-01 -2.340012770009862464e-02
-1.084109204446952607e-01 5.676226735618766783e-03 2.194829273800055769e-01
-3.118408378572841769e-02 1.001238894399409107e-01 4.270682075072734091e-02
-3.246976045731848060e-01 1.427676418313720552e-01 7.325141545974457602e-02
-1.272157041763344321e-01 -7.460018774412303065e-03 -4.625083332574941308e-01
4.615886740981404723e-01 7.557157628852201325e-02 -1.953114882788195283e-01
-1.172495389881069855e-01 1.845556649174332929e-03 -2.389772178733426677e-01
-4.716037301011682253e-02 1.768062749477532780e-01 2.417986960294517818e-01
7.605175115049465917e-02 1.592488108081021869e-01 6.406503157698650863e-02
1.723948401490688898e-01 -1.518948462238804142e-01 -7.116506415792600571e-01
-1.578663701870597347e-01 3.799049663648057518e-01 4.204598820835408479e-01
4.194572054845333575e-01 -4.397505435373335048e-01 1.869753017326186151e-01
1.270526423628064823e-03 6.445934739693001125e-01 -1.814259962439571938e-01
9.212666884331661976e-02 -1.743004664125854530e-01 -2.363287717075190572e-02
2.386629066477296557e-01 2.017441871125235098e-01 -1.401364302227722444e-02
-3.579213991747519363e-02 -1.161576068745566875e-01 -1.731211632462856531e-01
-1.558171625591996401e-01 7.031818926529058433e-02 2.542100776045501664e-01
