3.384585527002921812e-01 5.284698717509628274e-01 1.498444583905751415e-01
-1.187771217056852624e+00 -1.658734629521480541e-01 2.519154361364812633e-01
-6.373626807120311710e-01 -1.281283816491426975e-01 -3.717965307350943466e-02
7.587778552288806377e-01 1.819015643991597486e-01 -7.637175604980256383e-02
1.070013936623972262e+00 -1.474411114974206183e-01 -1.685087667824365643e-01
5.810041630815113711e-01 -8.805635502624474531e-02 1.009525963540304355e-01
7.718348254151997934e-02 -2.897641019234520332e-02 1.308127745345757376e-01
3.129409688386075028e-01 1.608075841321283117e-01 -1.845223687054105832e-01
2.038182606260364738e-01 -3.282928888227257258e-01 4.288361364661666397e-02
-1.118378820849889738e-01 8.994009739084357635e-02 1.566550681973547521e-01
-3.212020020940907772e-01 2.597394178081006630e-02 2.910744068077071312e-01
-1.359580225753265481e-01 1.854039144039721643e-01 -2.297469543145989890e-01
5.255356799010551389e-03 -2.456138161749515103e-01 2.200136707714316908e-01
-6.514621712892521010e-02 -2.722193961054538702e-01 -1.219956821894579851e-01
6.905101721368618606e-02 6.018123479806578580e-01 3.251587959384515392e-01
9.404361199800961857e-02 -3.559247050710515614e-01 4.082014751859572854e-01
-2.116908883721641266e-01 -4.642113688992640097e-01 3.229346062882140073e-02
-1.146588296633549164e-01 4.034038886256110512e-01 1.506142789443663532e-01
2.741785335328417519e-02 -6.123214268902735791e-01 -4.279562181166500848e-03
2.605485241365866345e-01 1.342420445392005501e-01 4.566754009915664769e-02
4.306418561209341966e-01 -1.009540836648797207e-01 1.085637323988905417e-01
5.232947110107016853e-01 3.324577930245683349e-02 -6.094174633881431491e-02
-7.091633848430892173e-02 -1.777672379456808893e-01 -2.162255110744361608e-01
-6.531338457266146202e-02 2.089550158254109280e-01 9.076456773070044892e-02
