5.325921161470729970e-02 -1.616233595775229182e+00 -9.792792244936475432e-03
-1.081272227860198901e-02 1.105869055331581696e-01 2.018016638929593654e-01
-4.889747327585778486e-02 -5.670081672849340559e-02 -1.011574203097927865e-01
4.256629871032705653e-03 -3.565518944818367366e-03 -8.326760524195576593e-03
5.615192358344819890e-02 -2.570145149186744624e-02 -3.324823947810748477e-03
1.012498949001716386e-01 7.355307728943440149e-02 2.785173556403445702e-02
-7.725962650654426452e-03 -6.503774717082817791e-02 5.533024695150261241e-02
4.608351563878860385e-02 1.526199616707065443e-01 -1.075048849869791739e-01
-5.731759368957850542e-02 -1.649935925456524066e-01 1.050117432938186129e-01
-6.824698383540050983e-02 -2.822239073245799701e-02 -2.820246079669031566e-03
-1.576000362054092718e-01 8.804524485963513558e-02 1.549890135180860828e-01
6.762147884432169465e-02 1.058894570422146825e-01 -1.311099893871323918e-01
-3.372286571338365541e-02 1.450609763906053618e-02 1.090249454413877300e-01
-4.396162041667341092e-02 2.928233732909840334e-02 -4.403185386111229116e-01
-4.339210094518859695e-02 8.483925454448626099e-03 4.938293723913942390e-01
3.103319774535069908e-01 -2.813562991413390973e-02 -5.916154727768414183e-04
2.449721272054453947e-01 -2.703683319952949193e-01 -7.686221354849158693e-01
2.145049307419052698e-01 2.237096882529132358e-01 6.940821787899827955e-01
1.827609654181793497e-01 -3.421482201145121249e-01 6.141806261802880418e-02
3.445306986627132140e-02 2.845829798601648419e-01 -1.033972053014566017e-01
2.141290394900914051e-01 -7.726174765061093186e-02 5.538289413647499299e-02
2.148594987771578202e-01 1.564836372562864591e-02 1.341469294379396548e-02
-1.509697901134080811e-01 -1.286288257993941087e-01 -2.221208990559344343e-01
-1.337920575860359895e-01 1.599820837841785248e-01 2.458275055262232056e-01
