2.077241464827590256e-01 -1.606413339508597771e+00 3.686516964903738258e-02
-7.908048885650894588e-01 1.061319597255266783e-01 5.640141644998392101e-01
-9.145391987244138043e-01 5.029017974822054537e-02 -2.022940836549456389e-01
6.177020651289385489e-01 -3.310972246943290342e-02 2.491976396797785168e-02
1.030567654254775478e+00 5.616424523763288018e-03 -5.360296437782621076e-02
1.087171657388749990e+00 6.619713383524014616e-02 1.312420415902765813e-01
-6.353906126139505228e-02 -2.922500363502024065e-02 1.031907246898110253e-01
-1.543701176272653519e-01 2.263602906691905281e-01 1.907556518191034362e-02
-4.934399922613451062e-01 -5.101777723014390420e-02 -3.178301850038886545e-02
-1.160051236619238230e-01 -1.742504647259062595e-02 7.126685416614347846e-02
-2.196092104754820695e-01 1.611912936907381744e-01 4.348798446907410631e-02
7.512363802798927015e-02 -7.618433028929003092e-02 -1.483895878322720463e-01
-1.488449603371834462e-02 1.845437230385353622e-01 -1.787123016581038115e-02
-5.536837022568241035e-02 5.560941256013744033e-02 -4.788781389002775279e-01
-3.426216127743089007e-02 -2.202854747797084248e-02 5.349869386716890052e-01
-1.490540899797007102e-01 3.558886450035408239e-02 7.528495675945626187e-02
2.475134642216230696e-01 -8.743536839723638210e-02 -6.639840645033548983e-01
4.687392725813980393e-02 1.772429233371955459e-02 6.207322228715198564e-01
3.698065039509381147e-01 -4.585541493770830535e-01 9.399080235430135044e-02
2.610668881922032641e-02 5.653077427667433374e-01 -1.789279172838262877e-01
1.894137179265958371e-01 -1.951274482392411080e-01 9.373560155841237362e-02
3.390798818443141460e-02 1.769255859943279219e-01 -1.513719712714219068e-01
-4.274386909715900684e-02 -1.067520716586392304e-01 -2.110591460343225201e-01
4.435590602232589857e-03 8.549731438184771104e-02 3.269470821141653993e-01
