6.118551324713789041e-02 4.024786281209734362e+00 -8.029148333810390836e-01
-3.598270010243335149e-01 -5.475386375736494490e-03 2.063309677159625433e-01
-7.760368945725202305e-01 -6.809741667988772340e-02 -4.869484463938771879e-01
4.751237195056522422e-01 5.629417617584847600e-02 1.294773860946162869e-01
4.739334577735765941e-01 -2.970046973470508722e-01 -6.394615234993120123e-02
1.217854701172133680e+00 -1.325653317976824286e-01 4.712678657101698754e-02
6.116827345430483898e-02 9.867072667821995269e-02 1.150190389344795255e-01
1.050922710914388297e-01 6.632151283754617044e-02 2.482591374835349876e-02
-9.758798153429712463e-02 -7.939644342658448706e-02 2.702060707462267675e-01
2.892075728720093497e-02 1.449710850953254970e-01 4.692884975268392378e-02
-2.061170149580586475e-01 1.555938956446070165e-01 5.452368521237417609e-02
-1.129625165821333266e-01 -6.399301617881834880e-02 -4.090030489547468728e-01
5.737794472818406044e-01 5.734890479703973892e-02 -8.213569583192951995e-02
-1.099821963059190687e-02 2.283557375483699359e-01 -2.129746938626424779e-01
5.895144425061772837e-03 2.704723641105670207e-01 3.482667772343652768e-01
1.080285470637671746e-01 1.246524760769894963e-01 4.918879886084114722e-02
3.384670582262383487e-01 2.607650046524480070e-01 -9.001005963990088565e-01
-6.395812489657802524e-02 5.843466083508912501e-01 5.796685336391436127e-01
5.885338601861892505e-01 -5.653085574083797915e-02 -1.998283821007906802e-02
3.448595418994864631e-02 9.861267366861145023e-01 -2.576395121097375604e-02
9.301500493593291286e-02 -1.423323916083155116e-01 -2.413991414022776116e-01
5.632445621095578947e-02 3.416496913494886933e-01 1.162729163398129872e-01
-6.173471714688233414e-02 -5.955190874364110765e-02 -1.539849238273247878e-01
-6.753743304459138008e-02 -7.729569613284428820e-02 1.703545401343704302e-01
