-5.341665101506403585e-02 4.987350704625202802e+00 5.178692917896746822e-02
-2.059303392486776796e-01 8.704137631452003865e-02 3.449249387366564168e-01
-3.375734438333428677e-01 -1.148498816997900462e-01 -2.366032733551661216e-01
1.651498793285086641e-01 3.792044713367426906e-02 6.536705058977976442e-03
3.665931630692410015e-01 -2.328183005633675806e-01 -6.775464488144318509e-03
6.932749121139946125e-01 -7.937256670076772713e-02 7.172184050037573588e-02
6.370517468069879230e-02 3.180770286530818641e-02 3.116332501640498021e-02
7.901691598238816394e-02 1.137076186732730865e-01 -9.941312965469661922e-02
-1.419844034520757470e-01 -1.348408285837971732e-01 5.081819426043887589e-02
-5.816711822465082948e-02 5.902852907999034393e-02 -1.352315379452954415e-02
-2.115019712618041170e-01 9.038323943228915303e-02 1.033385245879868408e-01
3.856149358675602101e-02 -2.419866546406530816e-02 -7.279737281784655345e-02
3.036152041492394260e-01 1.751367775206393723e-02 -3.046684893310275949e-02
-5.895592508099232326e-02 1.821777177398886116e-01 -3.532858326116857239e-01
9.463804933014163465e-03 5.554054519930973904e-02 3.824369527571900851e-01
5.703967695667320342e-02 -4.777237105348954710e-02 -1.524647462631788068e-02
2.264299794296081025e-01 -6.052173792583476902e-02 -6.465031372490006589e-01
-2.594438860607815606e-03 2.192721892216715485e-01 4.587532507429184503e-01
2.881317766208829623e-01 -5.658985773994529289e-01 1.055275969025194771e-01
1.057911827464396298e-01 5.663615259968730609e-01 -1.343203228435825569e-01
2.324310066824725740e-01 -2.508137336720241417e-01 3.765519362466536457e-02
2.269369317637299488e-01 2.344345433714034033e-01 -6.192302439799219488e-02
-8.465013615771260769e-02 -1.070257775657288829e-01 -2.383286836891678750e-01
-2.808954417457185451e-02 8.764588024614987372e-02 2.491178521840090310e-01
