-6.042257972918865794e-02 2.483495301764080843e+00 3.757038020486693219e-01
6.646627319532739248e-03 7.905743262071524002e-02 5.744543373451541091e-02
-1.086079365148913400e-01 3.125945375665271919e-02 4.566423950771948681e-02
8.555982188763944967e-04 -3.063488347537090054e-02 -1.268460801388666959e-02
8.202151130308947824e-01 -4.760014761589489302e-03 -1.062349904199709344e-01
4.287355342152241455e-01 2.656351538236975118e-01 1.342479163819501886e-01
1.032843376976402827e-01 -1.390199193676434908e-01 1.838053242048718616e-01
2.191124116869909433e-01 3.870482130784432262e-01 -1.026991764463378032e-01
3.122831185731260173e-01 -1.068269308625457159e-01 1.132938945159041311e-01
-1.921909631933330781e-02 -2.755480174198352700e-02 6.679904609904056823e-02
-3.524278647198255676e-01 -3.637724259581253360e-03 2.236803584864233974e-01
-1.894472429128239155e-01 6.527215611148805274e-02 -1.212267045095159756e-01
4.655553457159332109e-01 -4.379672289028013754e-01 2.036029374227268929e-01
-1.147388924596451192e-02 -1.174638352644241379e-01 3.711693704928573784e-02
-1.061921311804154971e-01 1.915747762388203823e-01 4.739858901510280386e-04
6.935792022231425380e-02 -2.550645792323706362e-01 3.302210122682535109e-01
-3.331980869281725433e-01 -3.351442228049368310e-01 6.591021081814915639e-02
-2.587860460473348501e-01 3.085188574971818865e-01 4.719436781145752019e-02
8.175334004444376190e-02 -4.607386532045191219e-01 9.005172618527064465e-02
1.477346526425255824e-01 3.595254577939549501e-01 -7.882624401591072083e-02
4.292877799934050054e-01 -1.214194250829083443e-01 -2.490396845559324571e-03
4.574219079933591892e-01 1.126886220152037432e-01 3.372877203436241283e-02
-8.753560086593256684e-02 -1.051990766181448156e-01 -1.627659474189599165e-01
-2.531042131186342706e-02 5.639316427443819696e-02 1.703262249626870950e-01
