5.004882196537940170e-02 -1.562626682924599608e+00 4.422960789430265688e-02
2.022693795916663539e-01 9.862676305812023703e-02 1.337015479175019395e-01
-9.714845556470744770e-01 9.118690645615741552e-02 1.543057274277533086e-01
5.130405709933347769e-01 -1.512852753335109102e-01 -1.192032374164279096e-01
8.898397725332470865e-01 -1.986866313988049360e-01 -1.903139317137532080e-02
5.464807672525037185e-01 -8.947270656369747666e-02 2.155542191758698933e-01
3.799747275004271008e-01 -5.389893520669283150e-02 1.516433856492548915e-01
-7.972310363144381740e-02 3.584342947557263015e-01 -4.050372136158139624e-02
-5.159099687485711044e-02 -1.940681672047803730e-01 -1.671304986850953855e-01
-1.247213485502084440e-01 -9.550858410193625858e-02 3.885444163095535391e-02
-2.668871011887558042e-01 1.274704967556625212e-01 1.574620464133018594e-01
1.291285397894936446e-02 3.958483861341403204e-02 1.008761846719046229e-01
5.719475922635864906e-01 -1.000800090860261005e-01 -7.006398269718121241e-02
-1.539486961067768230e-02 -1.511003577951282040e-01 -2.393450873139278678e-01
3.094865111123912271e-02 2.199497293496199823e-01 5.706173785015559163e-01
1.923084887481751326e-01 -3.755683231198106986e-01 1.049549323437894283e-01
-2.637917035110887154e-01 -6.250648479957986448e-01 5.587523820821289899e-03
3.236506436878005544e-01 7.458170664314762999e-02 6.711265723778478964e-01
-1.750718884069446535e-01 -4.784709512548441235e-01 5.395218778442645302e-02
4.254308471516820567e-01 3.163156426948086075e-01 8.542031163861574239e-02
6.641638824821075593e-01 -1.097269330661861803e-01 1.248113696037860404e-01
3.098699198304907254e-01 1.220491482654405546e-01 7.421087059130992980e-02
-2.249867377955463432e-01 -6.744840021562159560e-02 -1.417365221366755079e-01
8.379282252677495990e-02 7.141117005496400161e-02 1.750783863487373193e-01
