2.201662346803354986e-01 4.871141306217029232e+00 -4.186878625945995164e-02
-2.798725710373371478e-01 1.606986237633752090e-01 2.673388492300980412e-01
-3.069284481052214630e-01 -1.101882235709434887e-01 -3.048672578749736517e-01
2.207660375844272549e-01 3.198358868291294177e-02 9.265702141582674023e-02
3.301428641898779270e-01 -5.060372873467081783e-02 -9.321230288200688108e-02
3.311198745230634066e-01 -2.441922701241963992e-02 2.554026485782635511e-02
1.076304763562338368e-01 -1.623326514856386973e-02 5.410832531009709262e-02
2.314308303358572072e-01 3.634054420196775742e-02 -1.764919625302406592e-01
1.287562411774592352e-01 -5.760084655861579667e-02 1.692738059071335066e-01
-2.521614095530622796e-02 5.792758473106651707e-02 7.441959830539715721e-04
-2.535627569733037157e-01 9.423962163602413178e-02 1.143109974112688082e-01
2.717370321323744897e-02 -1.575446947617396495e-02 -1.861226922801462180e-01
4.651226998234800347e-01 3.027779819811175430e-02 -1.355812975031109313e-01
-4.964017985285447670e-04 5.833347056373040795e-02 -4.106587066391720886e-01
2.033209134979818353e-02 4.118275523028098323e-02 3.682002364032842534e-01
1.514300899710841961e-02 6.599533059902323862e-02 -3.524175177824316607e-02
3.326912588848474073e-01 -8.455027753893146203e-02 -7.798933187268365375e-01
1.170378764943331810e-02 1.099204147526279957e-01 4.942250852933358640e-01
5.388331658709941685e-01 -6.628358449123750162e-01 2.010571520669127143e-02
9.720315533111745232e-02 5.644643986928844503e-01 -9.659536385230996225e-02
1.959074622441252245e-01 -3.050317522586932784e-01 -3.433996711093351140e-02
3.203190910215569231e-01 2.196644086306973331e-01 2.179138004941907902e-02
-1.618839451543591657e-01 -1.461531025245946802e-01 -2.900944230297565207e-01
-2.048804039869525639e-01 1.259143013548602030e-01 3.223951693368500848e-01
