-1.020002115301424199e-02 3.058140966488056112e+00 -4.644574363628214408e-01
-3.353392146399788998e-01 2.167636277277383283e-01 3.331608294543247917e-01
-6.108246095888720806e-01 5.132397327715026991e-02 -3.301334525821399413e-01
4.392564546859322738e-01 -1.480328935084605502e-01 1.711181812444187711e-01
5.572955720269917590e-01 -2.647936358151206648e-02 -9.768797501904777358e-02
4.215236815158379113e-01 2.534406804946802705e-01 -2.764021051361227957e-02
-6.251310923671536679e-02 -2.115491526614981244e-01 -1.017619911573621749e-01
5.988415781162754747e-01 1.998042959706171004e-02 -3.021254955266681197e-01
9.813906584944526168e-02 -4.078813049314805421e-03 3.176574871307481507e-01
1.250610480721419671e-01 -5.267956867977501706e-02 -1.239706577632205403e-02
-4.491343641361969508e-01 1.585599499142426594e-01 1.116078428195201033e-01
-1.013452986678460288e-01 -1.089382785625216538e-01 -6.844829580973222916e-01
6.603336694544653662e-01 7.665660977439095469e-02 -4.156912374783282571e-01
-6.398148011111762234e-02 -5.090249889232011382e-01 -3.851363059088107055e-01
-1.518467692426471172e-01 -9.993179741314352216e-02 -1.748247770207365659e-01
-1.393803406669129885e-01 5.174778753485383964e-01 2.462713388449979668e-01
9.379360237540676493e-02 -2.122434469710375582e-01 -6.373895531017140792e-01
-2.235597415397610754e-01 -4.184283342425280106e-01 4.679110941929012224e-01
4.214230569541436155e-01 -6.325561619206172548e-01 2.589180986417019548e-01
3.036316119958969682e-03 1.537211476211244321e+00 -3.355318517335921236e-01
-2.841423826758343249e-02 -3.400044308420964723e-01 5.613780323593525051e-02
2.184013197933225986e-02 3.412605675949900164e-01 1.132255490942981613e-01
-3.127696058475955970e-02 -1.713341638415351864e-01 -3.647499656133296186e-01
-2.870866653410801828e-01 1.427539452943070997e-01 5.660736062194219320e-01
