1.330042898459383727e-01 -1.717550068207058578e+00 -2.914136404684121440e-02
-2.636572203472341003e-01 2.317695491684753084e-01 4.580049117179927354e-01
-3.017840849312343199e-01 -3.543113211032030557e-02 -1.382236322339201740e-01
2.437920624946252612e-01 -3.704471143563043550e-02 1.293564795126385392e-02
4.593945943248061714e-01 5.617629114856274170e-02 -2.429581339416009723e-03
3.484175563492331040e-01 1.092584200906405734e-01 5.923477953527368084e-02
1.340457361163973314e-02 -7.297344519534171292e-02 1.003200600633030459e-01
1.928286951473119348e-01 2.074347181780350491e-01 -1.205336595204352379e-01
-8.713992351890227639e-02 -6.808663745892441777e-02 1.014822200081707537e-01
2.278670498006876363e-02 -4.204918185763750760e-02 4.205845056661373232e-02
-3.157279980714892686e-01 1.029329669131975045e-01 6.282907673219921552e-02
5.059227085137704694e-02 -5.330797080805991378e-02 -1.771358352733925778e-01
2.663629870119852971e-01 1.238315721710668421e-01 7.718448518595223684e-02
-3.660693119901352321e-02 1.953195142423677366e-01 -1.980666780843679253e-01
-5.470242863708930925e-02 -2.374985631155591415e-01 2.094883885124616818e-01
-9.968075093607992043e-02 1.014889931286377250e-02 7.451819214594086749e-02
9.917570606097320107e-02 -9.423686717228164922e-02 -6.157468463473817488e-01
-1.099610026178074809e-02 -5.664938650501469969e-02 5.888044812353762092e-01
3.694827025763612882e-01 -7.648620668979569936e-01 1.989730049846993865e-01
1.276076746647015758e-01 6.746375390355215940e-01 -2.672335692431277443e-01
1.725526322094708409e-01 -2.224226366816204337e-01 2.962785632812990622e-02
1.249722318835590484e-01 1.428446320131132874e-01 -2.077697137705693600e-02
-9.571437660549671211e-02 -9.938012635014577267e-02 -2.460615538614419617e-01
-7.548863978196544700e-02 1.002774908843364760e-01 3.161813730593249772e-01
