1.805961639524255868e-01 4.944669028904105978e+00 8.132223437560355192e-04
-2.250246540459626410e-01 1.539277171305650782e-01 3.065630775566328681e-01
-2.049435428178408292e-01 -1.232397069315521315e-01 -2.791090402683054084e-01
1.465994193371872589e-01 4.846419510221552929e-02 7.814109382737578768e-02
3.408638203200729522e-01 -6.726830376167336478e-02 -3.395547420039454062e-02
3.089013195058938899e-01 -1.339619955976640089e-02 2.236213580335466231e-02
9.056669432080838300e-02 -5.311854730955264600e-03 6.434996308138003773e-02
3.094739849638534213e-01 7.923072375951900614e-02 -1.815423107629722255e-01
1.065386128253087011e-01 -8.659699744040971758e-02 1.664379630862215520e-01
-5.636345760147949864e-03 5.296461885192258606e-02 3.060930444938859529e-03
-3.139945534539580474e-01 7.165627338780262978e-02 1.032350802256833677e-01
3.017559612795999921e-02 1.094557372857016785e-02 -1.820531732614749654e-01
4.502587315866000695e-01 5.956044065756537637e-02 -1.260159897610124979e-01
-5.981158719705820855e-04 1.384895950897936101e-01 -3.132553292162300607e-01
3.295621505626927794e-02 -1.465844153903672446e-02 3.372564444330710121e-01
4.806975618974750758e-02 3.135841452996920853e-02 -5.716911756778918219e-02
2.695182868904655860e-01 -6.926162165300303597e-02 -7.286269939727995082e-01
3.483674465081187249e-02 8.640605224806917339e-02 5.216281581977088022e-01
5.255428850009007391e-01 -7.478461350631677718e-01 3.311956413872488986e-02
1.660375868815427702e-01 5.692204462465625392e-01 -1.032450683179944734e-01
1.685061696004727938e-01 -2.994126750938915782e-01 -1.538266548369985817e-02
3.058462975863537325e-01 2.088900067662949611e-01 1.524392770556066978e-02
-1.397416061126352527e-01 -1.384050501245966680e-01 -3.027711830772176760e-01
-1.827601723008676071e-01 1.291629136717568904e-01 3.309726819498317596e-01
