4.780306414328088643e-02 4.966072848206968260e+00 3.655390450346039655e-02
-1.835187234457888172e-01 1.038466709576059271e-01 3.429514189348109587e-01
-2.949948648790576278e-01 -1.282329189639497824e-01 -2.502604784534235294e-01
1.458601474706521517e-01 4.398803563680672712e-02 2.257046081525850359e-02
3.270553645155311884e-01 -1.858350575546319772e-01 1.070345025571763564e-03
6.142767623968468094e-01 -7.278001863020014395e-02 8.149256345303509952e-02
7.619078629233426436e-02 2.757922166907666311e-02 4.585212309904442007e-02
3.426998301491714916e-01 9.421872943282552648e-02 -1.778150674283310306e-01
1.218834772372154179e-01 -9.213547433235735884e-02 1.508644021741326058e-01
-2.487782814783598764e-02 5.708392761176527691e-02 -5.991682884930894966e-03
-3.209307894907397207e-01 6.582231506421584721e-02 1.378877840194546456e-01
-4.266447790818253538e-02 -2.302087570355444701e-03 -1.828555201225054161e-01
3.592949241354221335e-01 4.233321561705271491e-02 -8.551217458903759283e-02
-3.187724664439861577e-02 1.738144368954359087e-01 -3.121519089150558979e-01
2.119587009036041220e-02 1.415244195833859769e-02 3.570785189218597111e-01
6.998081453601207036e-02 -1.634946789964416072e-02 -2.915986267718692973e-02
2.285438812497838645e-01 -6.323983577325378858e-02 -6.796054415184418218e-01
2.985003060432946456e-02 1.527512585008599377e-01 5.130996244008592111e-01
3.745287374618422316e-01 -6.220541206051779515e-01 7.103010426470711403e-02
1.365730394559342142e-01 5.779631028791613057e-01 -1.123824193175738395e-01
1.833166754183606917e-01 -2.725165603663805003e-01 2.783254421139707419e-02
2.524374840752116600e-01 2.273984454476216110e-01 -1.343808170740984007e-02
-8.332309059174716759e-02 -1.132608838975350252e-01 -2.671357742249295120e-01
-8.593571365031556220e-02 1.011556920868371678e-01 2.868418341027207386e-01
