-1.308132941695447637e-01 3.357303770057858294e+00 3.967213421106284832e-01
1.212409316320546965e-01 2.174543692584801624e-01 2.420434847157871550e-01
-1.458451960281182125e-01 3.789304130439823115e-02 -4.284137881241681378e-02
1.508701095795447755e-02 -1.211191026967829570e-01 1.544601175400794717e-02
5.795073957145353560e-01 1.555322445083611588e-02 -2.194628097188644836e-02
2.299404653308050328e-01 3.409216708956235298e-01 5.204502953625348566e-02
-5.268991993789312600e-02 -1.988036252461526099e-01 1.182063110311120796e-01
3.787202968672062076e-01 3.542472395476201630e-01 -1.967992472482678890e-01
2.435659899283425245e-01 -1.196818250305754783e-01 2.191010921674385048e-01
5.585073671383965210e-02 -7.280943048851602761e-02 4.410198991516464662e-02
-4.457217094333102980e-01 -1.225384369163648110e-02 2.017396055308775249e-01
-2.006316608495438691e-01 5.195934946515758796e-02 -3.668155479640928807e-01
3.124660061076681705e-01 -3.859421460156348127e-01 5.840496702189360706e-02
-3.973186006259735170e-02 -1.927175860590120970e-01 1.038014500574604149e-01
-1.878846715364891340e-01 7.386395937430467740e-02 -1.595765267065790971e-01
1.677003478033282230e-02 -1.477489344202715937e-01 3.105752498553597252e-01
-3.127792441383013267e-01 -3.623256113227515951e-01 -4.735033287179613720e-02
-2.953458150122942882e-01 2.391857973511325175e-01 1.335066900099960152e-01
2.261240491161757016e-01 -5.931659909974114075e-01 1.368766793997094333e-01
1.806646290029148560e-01 6.777915526124522749e-01 -1.807695141925061977e-01
2.725050676249843318e-01 -1.373636842355451249e-01 -2.382912675707427388e-02
3.525721467610478665e-01 1.094966648133224307e-01 6.449129333183034607e-02
-7.732329924150975822e-03 -1.082281948986192066e-01 -1.683099787399921776e-01
-4.807490508883160291e-02 7.013156970899088460e-02 2.212648341748066072e-01
