1.666450054123937985e-01 -1.776153078341585312e+00 1.221450640042353111e-02
-3.550389229349347753e-01 1.747624691094342153e-01 3.977090080694582475e-01
-1.006354978307094222e-01 -1.109641270916221778e-01 -2.160638998423013157e-01
1.409179603008403892e-01 9.963110444444282440e-03 -2.698310308343531208e-02
5.529897008693726024e-01 -1.186867710068742823e-03 -7.898134268826802196e-02
4.037187546804466565e-01 6.925357419445948848e-02 -1.155794481590306268e-02
-2.028447264871230393e-02 -1.047081929117496535e-01 1.036273386298296045e-01
5.607014213380601131e-02 2.407237594789834734e-01 -1.045048245533227727e-01
1.618194824851440158e-02 -1.825754630865101813e-01 6.372475698100633912e-02
1.393891310441287661e-02 -4.602905337973874772e-02 2.007277275210562345e-02
-1.937859610634141139e-01 2.096623288486597000e-02 1.468861822557267771e-01
1.521913391133715215e-03 -1.848149749479676904e-02 -9.357349391657658610e-02
2.894867235067640765e-01 -3.653513818232821675e-02 1.296782939496582965e-01
-4.130374101841340767e-02 2.870523065612946012e-01 -3.191431331055005760e-01
-1.200437202127880021e-01 -2.955641778984147705e-01 3.134642574084092193e-01
7.142045033563335088e-02 6.216604277041756429e-03 1.008867339737249125e-01
1.604360315998505562e-03 -8.151197737862907189e-02 -3.459223290694788400e-01
-1.003565588450784640e-01 -1.265639249197949949e-02 3.687916543621905241e-01
7.365980946126714224e-02 -5.237028950905242564e-01 1.717490115769620407e-01
-1.097976777274032867e-01 5.539571269752340266e-01 -1.829380717409065660e-01
1.518642937356479705e-01 -2.114950289388521643e-01 1.738360814551500877e-01
1.055441620393127167e-01 1.407800159817314822e-01 -1.210713323980295436e-01
3.331932231177868464e-02 -1.049794146743616291e-01 -2.234619067168215623e-01
1.851693569710768927e-02 1.181033513472185409e-01 2.663402187731132575e-01
