4.445853484970613279e-02 -1.673181357384211365e+00 -2.741313014639568200e-04
-5.039861298872058692e-03 1.284560868578309978e-01 2.052356321282815532e-01
-1.041991460742570097e-01 -4.492650059049196204e-02 -1.082281178728827647e-01
4.825534085870345630e-02 -3.439582434939800204e-02 -3.836387048316472915e-03
6.877956293987404213e-02 -2.627914016661232147e-03 -1.443885222486859105e-02
1.647353308470405064e-01 8.833487028950876008e-02 3.380862114295612314e-02
-2.567660501246197755e-02 -8.639572698055870970e-02 5.352001162273558460e-02
3.912166225490663896e-02 1.533792473599113471e-01 -1.099033000393627862e-01
-7.158555140698899533e-02 -1.649548055968250437e-01 1.443111695273330553e-01
-3.044178920992394316e-02 -5.264893794934543542e-02 -2.562540022372161285e-03
-1.701743217550481524e-01 1.100181232514188534e-01 1.699087656412020808e-01
3.495593963843738466e-02 1.293663674271016417e-01 -2.110467337172531876e-01
-4.419848254705659174e-02 5.899060219780446340e-02 1.287789178765537390e-01
-2.618112199148820915e-02 -7.203125074863154197e-03 -4.278633252838968670e-01
-6.271262414573787469e-02 -6.409223932573469753e-04 4.549263910143071521e-01
3.087457182434316105e-01 8.863008277921535089e-03 1.788071700085763901e-03
2.250934708660085881e-01 -2.733126624877506572e-01 -8.055258212066112034e-01
1.895268008827107886e-01 2.587286814004099988e-01 7.306643534890506775e-01
2.028621705629402860e-01 -3.261027302097965763e-01 2.741391519941600158e-02
1.834049116643995600e-02 3.530680063905969890e-01 -1.300378236343985305e-01
1.838039988435376804e-01 -3.107649889156594361e-02 6.749790365890927235e-02
1.820043180102697278e-01 -1.420934213666530908e-02 6.304591865073247425e-03
-1.814435924314211912e-01 -1.327582172019291240e-01 -2.424771477184350654e-01
-1.658333540724508948e-01 1.603151878565126087e-01 2.674924505178202239e-01
