7.482082212243680586e-02 -1.730022521727480056e+00 -8.226990905264700005e-02
-1.955572369595931226e-01 1.997088576532021209e-01 3.338742865967168627e-01
-1.771917191106728851e-01 -1.222047615260164338e-01 -2.353872620973883334e-01
1.726734225812029955e-01 -3.041992807754673525e-02 1.172380998270796532e-02
2.791964568656606915e-01 -8.627306351121186156e-02 -6.299308406394990567e-02
7.113972324197465058e-01 4.384548586148322852e-02 2.898182677045742575e-02
-5.541389978420469681e-02 -1.149541199829903770e-01 1.221702507821122718e-01
1.742320354112014968e-01 2.547538477240320343e-01 -1.453863125056149286e-01
-7.868716843651084314e-02 -2.379814198322774133e-01 9.357058337542076276e-02
6.153082711264875465e-02 -4.138419340283455705e-02 5.004728726359483626e-02
-2.280646553544300736e-01 1.019778065552894887e-02 1.959453195596594643e-01
-1.867545821893042829e-02 1.347034422017562467e-02 -1.859639824996339175e-01
3.916678196991840721e-01 -7.486765330160827236e-02 7.624768906422123294e-02
-7.473542183738192402e-02 1.664224971954578192e-01 -6.388720511063962493e-02
-1.631635012097420179e-01 -1.920665841896052883e-01 1.038234987182197339e-01
2.691685859623162147e-02 -1.343189292535377187e-02 1.378634310667385954e-01
-1.899389106318236653e-01 -2.187042551546809210e-01 -1.917918158757136726e-01
-2.294091790062424141e-01 7.050094861345004849e-02 2.378404049083651384e-01
1.083688948261080504e-01 -5.802162421884465848e-01 2.066561336544198435e-01
-1.108123609969244583e-01 6.149106266446743296e-01 -2.546670042964946923e-01
2.058422019931560876e-01 -1.673202911958112382e-01 6.877745904962365153e-02
1.155130699826520529e-01 1.288281108710340739e-01 -8.624078802115167988e-03
-3.674721118532690844e-02 -1.291821798870377569e-01 -2.610226585795868415e-01
-4.146285242254509756e-02 1.217759361650818939e-01 2.707783811012724473e-01
