-2.769322894196525886e-01 -1.659792625456817161e+00 -1.671117151750492122e-02
-2.407643376501110155e-01 -6.200651125425889025e-03 -1.732036474720714814e-01
-5.359997052979605936e-01 7.607188358260355554e-02 9.071820597935008335e-02
3.182514808219495950e-01 -9.129097613319198112e-02 3.487334730667557975e-02
1.109205733294455598e+00 -1.117714453179870053e-02 -2.581310236568530314e-01
4.172937415126257710e-01 3.582151354708807550e-02 1.037814470327024646e-01
1.515683825071878765e-01 -1.676037223931822751e-01 1.215052364158301229e-01
-4.845536972820033844e-04 1.913442555665608724e-01 -7.457748365419022973e-02
-2.144596232180572826e-01 -2.777421795038776398e-01 -2.004580962573901670e-01
-1.096031882793323670e-01 -9.796365713488304483e-02 2.923859863904848880e-02
-3.683880748749150391e-01 1.205698028327641808e-01 2.118922993960836443e-01
9.565847711267437548e-02 9.312748446077660780e-02 3.353225445868746046e-02
2.625329779390332963e-01 -9.752972277987027871e-02 -1.258669645398004799e-01
9.652462937487634939e-03 -1.894965266361209044e-01 -4.990235973926746560e-01
-5.440758657555241906e-02 -3.187710236602597173e-03 5.819708090558258773e-01
2.109910545925501868e-01 5.950648472174308035e-02 7.226107955142649364e-02
1.046471595580655833e-01 -5.781879918502340621e-01 -4.556932226676000952e-01
4.147674678399620452e-01 -1.011044262540860411e-01 7.453705034527038364e-01
2.241500943704579363e-01 -6.723017487903805156e-01 5.912920424772441508e-03
2.771464898978313052e-01 5.221280121885034653e-01 -7.455952221477911597e-03
4.570048680432808319e-01 -1.410976647159033759e-01 -2.065169691583887412e-02
2.788116484779626925e-01 1.029436820561770854e-01 9.699832111345263463e-02
-2.579799098195048046e-01 -2.138294648063729930e-01 -3.381389571962148399e-01
-1.622135541198891084e-01 2.491615138372401395e-01 4.201515318522772713e-01
