-1.488912833960673310e-01 3.709260844672623847e+00 4.152065416706474110e-01
-2.945534008797233427e-02 2.442883731012489845e-01 3.664338959476465263e-01
-2.281136755598965060e-01 1.646190794351913914e-02 -1.082911443676135010e-01
1.271305700684887408e-01 -1.221291047754803905e-01 3.258691107727744452e-03
7.072270780895200115e-01 4.448323265018823414e-02 -5.577781314415222735e-02
4.748542211984067007e-01 2.973957174914740875e-01 6.560983105848876284e-02
-9.055121216119781102e-02 -1.975827557980600613e-01 1.083537894359415388e-01
2.178703407714237816e-01 3.420603534065437268e-01 -1.517710509504409666e-01
6.456645258661111719e-02 -1.108274990231694485e-01 1.812398806904365889e-01
4.841166313107601871e-02 -8.264017077945833012e-02 4.749268080740145365e-02
-3.999239005066098085e-01 1.759789896022354375e-02 1.806837948786128023e-01
-1.832495505831142901e-01 9.192490411739379780e-03 -3.495888482091465410e-01
2.461238552071960406e-01 -3.100114420269722282e-01 7.785161279803008705e-02
-7.394442642646412156e-02 -2.058478550678709551e-01 7.740174258781855332e-02
-2.057159012763805361e-01 7.935688062295374878e-02 -1.332451218134009518e-01
-2.521639273819117205e-02 -1.483169597935165007e-01 2.809170771435346436e-01
-3.023566066519052797e-01 -3.726048538516570918e-01 -7.257662747111733037e-02
-2.581866293318049732e-01 2.209923690490909198e-01 1.561350683745640899e-01
1.748960062059096709e-01 -6.061898198830087958e-01 1.793577395206272795e-01
2.285459993567492409e-01 8.437059641141196886e-01 -1.919664224550897691e-01
2.301027641529423684e-01 -1.365758536371050880e-01 -8.733830918113281300e-03
2.557332558297781833e-01 1.255962549490605706e-01 5.677005272423903126e-02
9.833976750089771027e-03 -9.876827907983180832e-02 -1.656701415890543816e-01
-1.219448177191942775e-02 6.485269661762974036e-02 2.172875997478095622e-01
