1.557570898678128091e-01 -1.505423779801618345e+00 2.217204261057922898e-02
4.438836718409785304e-02 1.072178124082422690e-01 2.354011443608754472e-01
-1.088222205438887258e+00 4.569812047435265617e-02 1.260116714523111248e-01
6.242234842086366031e-01 -1.258874390526550091e-01 -1.314676818448999029e-01
9.391769815928164844e-01 -1.912794311839464689e-01 -3.252079851496046670e-02
6.282670889260205671e-01 -1.687064533353597462e-01 2.880863826575962294e-01
3.782322459564168571e-01 -1.393110162554644753e-02 1.869412418681641874e-01
-3.266196380760381934e-02 3.288319594104867072e-01 -5.929723490383487922e-02
-3.486817171182987618e-02 -1.491635911063652620e-01 -1.543847486305980898e-01
-1.187885483245077478e-01 -8.312648052224497208e-02 6.802987366896344479e-02
-2.625489168744308821e-01 1.359097114484728031e-01 1.570025881117736166e-01
-1.662914878202049638e-04 1.016607674782527351e-02 9.569063422309490030e-02
5.671318797196698291e-01 -1.345276886566898755e-01 3.644095175758168409e-02
9.682972351537056602e-04 -2.485656087222600993e-02 -2.020268738354838722e-01
5.330972571046247582e-02 2.271063880764584708e-01 5.965327942627273172e-01
1.598077885415665755e-01 -4.977476895307507143e-01 1.187728602610266387e-01
-2.752088045423198848e-01 -5.118543841749413348e-01 -7.281129435422439324e-03
2.842873098110557106e-01 1.210325617302539375e-01 6.492163866774565140e-01
-1.891976378382376478e-01 -4.532275347249949959e-01 8.568335822424114068e-02
4.251644817522220454e-01 2.711638250589855637e-01 9.585735210021380237e-02
6.970824224885565634e-01 -9.145088489209557414e-02 1.547870930181575733e-01
3.340257558043117636e-01 1.221891235853473645e-01 4.144238419750897323e-02
-2.226629547936314624e-01 -4.016732447712603737e-02 -9.328948270228401562e-02
1.106908859885125246e-01 3.240576173759567025e-02 9.540378826653651834e-02
