5.533116738866289408e-02 -1.619567202350300272e+00 -9.681233175279328404e-03
-1.020384718989735678e-02 1.110365859229794361e-01 2.012991456358204923e-01
-4.813177092425609954e-02 -5.517845507518903680e-02 -9.973962490009391502e-02
5.486879873110852776e-04 -3.729738986034388491e-03 -8.472487226075143749e-03
5.407323100462169130e-02 -2.452848586191051089e-02 -2.068434677353715289e-03
9.730960298223220728e-02 7.474258981069709096e-02 2.761509147984648679e-02
-5.053359313346903435e-03 -6.478273620735058858e-02 5.667108565381503982e-02
4.692828505757400820e-02 1.545016525006089325e-01 -1.065764649107949491e-01
-5.435817045344164267e-02 -1.626092636809878256e-01 1.024039202997016756e-01
-7.110582510231293341e-02 -2.687903319991676032e-02 -2.715438243455383163e-03
-1.577426562448891179e-01 8.673135061766286402e-02 1.530192349178715050e-01
7.066934722400133873e-02 1.036295430849126786e-01 -1.243455223823311528e-01
-2.876006336851477316e-02 1.112393780774458690e-02 1.058947488941606174e-01
-4.661257052108026128e-02 3.138638736056437173e-02 -4.386989609661662848e-01
-4.109860478384355642e-02 8.327028203909171006e-03 4.962679609487005150e-01
3.111079867815378375e-01 -3.107249695733924066e-02 -1.331498679724106397e-03
2.451699807671485765e-01 -2.742547845373407012e-01 -7.664847565513220884e-01
2.168106034482246980e-01 2.199249952538366859e-01 6.917577847186036077e-01
1.808249735674204994e-01 -3.496836333221864934e-01 6.472124620134842021e-02
3.738262273120340068e-02 2.796060474230990800e-01 -1.008213903275177042e-01
2.182522526107663063e-01 -8.182922910808859696e-02 5.421762069198546308e-02
2.198017651148393148e-01 1.782251500910463082e-02 1.443361498717830697e-02
-1.487380092429949618e-01 -1.288343001298068446e-01 -2.214422351620632945e-01
-1.321388314648004603e-01 1.601841509758040460e-01 2.455690708976488723e-01
