4.341824256873988430e-02 3.258092691768113891e+00 -5.276044489297978535e-01
-3.470645628225394463e-01 2.258447540356459393e-01 3.142102683201848379e-01
-6.673589128937061909e-01 2.742639207227961368e-02 -3.674356777177762989e-01
4.946895606488459496e-01 -1.442412394743468607e-01 1.897014308233223312e-01
4.807492413697852518e-01 -1.358250497730317981e-02 -1.042548474768871108e-01
4.260826320044137638e-01 2.194455835795513510e-01 8.569656236070978886e-03
-7.459899800718712559e-02 -2.067716313247602855e-01 -6.963838468244781810e-02
5.648835739177221482e-01 2.677507117397791292e-02 -2.753320617867444642e-01
1.698090146486599117e-01 2.268758476602939639e-02 3.654351888403319926e-01
1.436349600417441141e-01 -5.126428200594771584e-02 2.363823911651707389e-03
-4.133118027216652890e-01 1.526156998638900641e-01 1.047286537470572543e-01
-1.376931870410960934e-01 -1.161549003934377461e-01 -7.095054365262331020e-01
6.377455961091432757e-01 6.689927704771853056e-02 -4.102051693857094450e-01
-5.668812269604029536e-02 -4.945964389110823478e-01 -3.485599471406442551e-01
-1.709478691703250897e-01 -5.356621389148032153e-02 -1.511048705728904595e-01
-1.276156346193294822e-01 4.932752091084798840e-01 2.248785985599088266e-01
7.079462592442224700e-02 -1.804433159112640572e-01 -6.753620357142214869e-01
-2.203216321400872646e-01 -3.324834601710568438e-01 4.993893225630082200e-01
3.735628802168033946e-01 -4.126905948292472481e-01 2.098759187584611219e-01
-5.850240176872645477e-03 1.473762712251919460e+00 -2.725423139857847676e-01
-3.726626450307828770e-02 -3.077429309205356178e-01 3.870262503267260512e-02
4.168835018325127428e-02 3.316613636689186850e-01 1.172760226506508463e-01
-5.533244193338202749e-03 -1.415954813254845235e-01 -2.947861025571037463e-01
-2.737131958577719293e-01 1.020015655343146088e-01 4.963262189082117692e-01
