1.642512959867946098e-01 -1.699742181134801466e+00 -3.027397929236973206e-02
-3.650503472414695083e-01 2.321801928914554169e-01 5.035919004421948175e-01
-4.333825872054540840e-01 -9.246148062574862866e-03 -1.330884012177188658e-01
3.354065729704666654e-01 -4.655321905701514940e-02 1.530074299901601487e-02
5.565020546430384796e-01 6.678345646815506131e-02 -4.223659068278092649e-03
4.829064540776379366e-01 1.118167037135950476e-01 8.571566855800009932e-02
2.160050222655078567e-02 -6.613059723586733885e-02 1.165620711142146826e-01
1.256000624863178872e-01 2.144307947780031698e-01 -9.247765109788708138e-02
-1.927504441459468587e-01 -4.257953651282272295e-02 4.835003628811344184e-02
-8.678381528527392627e-03 -4.917121672320649839e-02 5.450250269773221357e-02
-2.835665000481752407e-01 1.245920833928901295e-01 4.748618306402212219e-02
8.272123339541366527e-02 -7.931665302038519438e-02 -1.175314606198457207e-01
2.289203901912607308e-01 1.615672189465652553e-01 7.045339487501224573e-02
-2.250017400050009081e-02 1.836247973042295367e-01 -2.674013946902297212e-01
-4.152828554093176278e-02 -2.258735244517712792e-01 2.979875560498025377e-01
-1.457140036328722077e-01 5.047956446602152973e-03 5.856429199703716559e-02
1.450611880186365443e-01 -5.500083454108817965e-02 -6.147372494888541095e-01
1.740434355334797428e-02 -9.016034440219780621e-02 5.865720620367597116e-01
3.932906920514601112e-01 -6.470498097685998262e-01 1.420337679006774823e-01
1.192245730472461795e-01 6.102047304051505527e-01 -2.443738384251018247e-01
1.859599924300189833e-01 -2.243757441848011902e-01 5.817164115207067859e-02
1.100960256521032604e-01 1.516849424259580359e-01 -7.654318885786262627e-02
-9.185474600004100987e-02 -9.385990850322492585e-02 -2.277468656924072077e-01
-5.831461336608650264e-02 8.294417563460554366e-02 3.213515508833933443e-01
