-1.052742341502498902e-01 2.929471835498662635e+00 3.643847648794202310e-01
1.226150012366269137e-01 1.328739466014997317e-01 1.024473121508811535e-01
-1.281610924273779706e-01 4.628200249670573474e-02 3.046515862054996471e-02
-2.142659081530568985e-02 -8.617921879652218342e-02 9.313242406335501059e-03
6.184534697793816482e-01 -4.820347234662294977e-02 -5.465692140935805854e-02
2.240758650765634907e-01 3.099998002540820252e-01 9.199689742146641147e-02
1.495832975404972308e-02 -1.728596642039125775e-01 1.549918132027921225e-01
3.566258023590513360e-01 3.423429834868431110e-01 -1.821831231188846267e-01
2.869839804460100896e-01 -1.350715785412761327e-01 1.518594959072444295e-01
1.374288500975489810e-02 -5.363686899691191140e-02 5.594683099634472495e-02
-4.157283622132498246e-01 -9.052086616657876658e-03 2.237554246091859877e-01
-1.771811166457716025e-01 6.804673840092881343e-02 -2.314517853889399845e-01
3.788928261824849320e-01 -4.416331899566238173e-01 1.290963500818176624e-01
-2.596127792132758502e-02 -1.479452207043412959e-01 7.560611819999403516e-02
-1.556462821393864437e-01 1.183152024991386275e-01 -8.145931012249268965e-02
7.684321387709414086e-02 -1.998005754092042063e-01 3.316699274918314955e-01
-3.124416378525186055e-01 -3.687916243946984807e-01 2.368533335168691856e-02
-2.809182487429892072e-01 2.829794894302946062e-01 6.639502537198919974e-02
1.656139059483267284e-01 -5.165480973280534016e-01 8.229921818255508947e-02
1.241674880724213531e-01 4.770859490331250119e-01 -1.245314657081728338e-01
3.412378933353787391e-01 -1.360729429961740899e-01 -1.356867942308929986e-02
4.123390432380790727e-01 1.104800587382303717e-01 3.668789950867505645e-02
-4.208105971233835202e-02 -1.112252972722593686e-01 -1.623825551414462554e-01
-4.250302662866226738e-02 6.899255498279317778e-02 1.931823959308036631e-01
