5.187698160275210774e-02 -1.618325022449109696e+00 -9.097470353577276694e-03
-9.886488418887706339e-03 1.122625515414098496e-01 2.018703871329143862e-01
-5.432752103782563513e-02 -5.632922585746536620e-02 -1.016028147040851232e-01
7.950215520530727956e-03 -5.987547435041952297e-03 -8.403602417230223928e-03
5.710615145389624087e-02 -2.423410348259567859e-02 -3.740770589616194877e-03
1.100869311882058804e-01 7.501304024116661751e-02 2.801801108807785295e-02
-1.049285705641886564e-02 -6.689233819466938735e-02 5.499937613897843552e-02
4.513232011621260559e-02 1.529634528119279691e-01 -1.081166844975285785e-01
-5.905366787277879087e-02 -1.670181729837632578e-01 1.110119825554040651e-01
-6.419787815405796072e-02 -3.034347950700152716e-02 -2.846079311171353064e-03
-1.590116175225890216e-01 9.022055500519939042e-02 1.577996863834252028e-01
6.280125902319434739e-02 1.105764252733243830e-01 -1.430832079670921186e-01
-3.754960278431518361e-02 2.004547613023534985e-02 1.125393570567472523e-01
-4.148985549329382155e-02 2.605547038325732243e-02 -4.383641324758134061e-01
-4.720452820923255050e-02 7.960989781705254259e-03 4.895960141854201475e-01
3.111531547171421108e-01 -2.362855301152923596e-02 -1.714536752305003786e-04
2.454363530139421212e-01 -2.670936369584174241e-01 -7.711667972580298347e-01
2.118566605745908771e-01 2.297173603385052332e-01 6.985639195092150366e-01
1.876949761593286470e-01 -3.362016356730876399e-01 5.499385342701423873e-02
3.353990606246960715e-02 2.939708801962345186e-01 -1.047979481435287741e-01
2.124006098890377503e-01 -7.029681383169343600e-02 5.670077272342424063e-02
2.121674313309138415e-01 1.188593256696461598e-02 1.213609482109652589e-02
-1.554327752307073929e-01 -1.299956961051725590e-01 -2.251724761185208978e-01
-1.380116260011134133e-01 1.603717136773430973e-01 2.490906307055566205e-01
