-1.614422235178623599e-01 7.035536795399021104e-01 -1.423118958314479043e-01
9.562211555783968475e-02 3.709190327868246151e-02 2.131833052388711069e-01
-4.893278689224091482e-01 6.215138209561141269e-02 9.617712670074442596e-03
1.654396535116530453e-01 -7.716367920891224752e-02 -3.766461986203779866e-02
2.602134576099815466e-01 -3.149828866747732548e-01 1.749909910679710995e-02
5.349094337805677668e-01 8.449081176684028471e-02 1.498865246132991547e-01
9.187242352798406786e-02 -3.816378927619513972e-02 1.223826925199456711e-01
-8.933742889551472138e-03 1.397327632747004111e-01 -2.803277929992629980e-02
-1.216483683880351108e-01 -5.019713913174311121e-02 7.058136757764918445e-02
-4.219824755218602730e-02 -2.879456105205683430e-02 2.486254559469099762e-02
-2.924343293365150864e-01 1.634977314925592784e-01 5.919651352069742190e-02
5.162036654216787396e-02 -3.129245205180467004e-02 -1.557090165372792823e-01
2.940776486739255513e-01 -4.461941662898753335e-04 9.669524839738069533e-02
-7.484472333862401960e-02 2.252721523211347054e-01 -2.651000300555987899e-01
-6.706575280216188484e-02 -1.329534248345471958e-01 3.784367943883426011e-01
1.718937153121244676e-01 -4.523989006374506960e-02 1.237036804175672550e-01
8.455784240942608443e-02 -3.291978184483697611e-01 -8.522376022531298334e-01
3.974399926538949718e-02 2.488299840962810983e-01 8.244787119448175883e-01
1.442547554462102755e-01 -6.735878898100171597e-01 3.223617514102932180e-01
-7.008735144031881525e-02 3.591593744487372453e-01 -3.103380439793494983e-01
3.542494025724303164e-01 -1.046914468716490243e-01 -1.017148319539976087e-01
1.633770259788708545e-01 8.180149020817881200e-02 1.334190702558193942e-01
-1.501924372022434284e-01 -8.734418242206921923e-02 -2.303951093987739451e-01
1.695843249471955944e-02 9.495073863680729420e-02 2.489175525293379210e-01
