7.500126280297780834e-02 -1.569339935666100416e+00 -1.686839910381059127e-02
-7.411212145746167226e-03 9.776146906624648414e-02 1.175363303198816017e-01
-6.592870883305286533e-02 -7.121727292985459423e-02 -5.198506075104580154e-02
-6.723113683655984434e-03 2.323088131321346742e-02 -5.717582764198280744e-03
-4.294908855401912556e-02 -1.589517583317087146e-01 5.986212111449600720e-03
8.776541809080086465e-02 1.067887747939306464e-01 9.940618879729187091e-03
-1.390171906677913245e-02 -5.990513498787686936e-02 3.246002957724888199e-02
3.447131551064724908e-02 2.175555307787006010e-01 -5.877261114192060265e-02
-5.747443239858353314e-02 -2.361461334728120198e-01 1.066284211911686930e-01
-4.706707436645962001e-02 2.485282542575838888e-02 1.573805561373601636e-03
-1.833689080302486063e-01 2.674299247682402139e-02 5.970094470249604629e-02
8.776166884857253270e-02 9.881452992722977724e-02 -9.529284138742993848e-02
1.203081931008283213e-03 -3.417377715403096400e-02 -1.682032999508221646e-02
-7.571202635112320167e-02 1.043532624873361701e-02 -2.427676364173188273e-01
-1.870403187414938079e-02 8.298225659055041836e-02 2.809873612899461137e-01
1.435699742787926447e-01 3.629229094207153672e-02 7.206371310649409279e-02
1.656018733082104122e-01 -1.890466574435146485e-01 -5.940922027288099150e-01
8.025958232802389569e-02 1.812503302519368475e-01 5.752202460275404050e-01
2.297236786076602699e-01 -4.383436040743916573e-01 -4.794759527006919875e-02
1.336303253509522337e-01 3.774319878374216009e-01 9.266821321970401815e-02
2.385330353840748319e-01 -1.095195481127127085e-01 -1.013523746085838971e-02
2.025281632947669719e-01 9.432728833950751457e-02 -3.350977956057896862e-02
-1.645922059262586723e-01 -1.500292391027695238e-01 -2.183124669823414132e-01
-1.121558505003028977e-01 1.576015454637191837e-01 2.585622228532100109e-01
