-1.193981900283246356e-01 1.710673104073878292e+00 2.572283661127800491e-01
-1.213932940890460888e+00 -1.153679594788735580e-01 3.376526139337731602e-01
1.591200722551118774e-01 -2.464107004988603383e-02 -6.543693652332883970e-02
3.506090722208912158e-01 1.772897378112243683e-01 9.478881550945589263e-03
1.723870361494730163e+00 8.734764122809546283e-02 -3.668089288721508301e-01
1.575183658941603781e-01 2.268013504584587559e-01 -6.277341547206337358e-02
-1.624868584709401320e-01 -1.337471819578287535e-01 5.093503769399977676e-02
2.552697451293110542e-01 -6.988446729214778386e-02 -1.460154171509924215e-01
-4.471475681948079012e-02 -1.474974999285084409e-01 1.752296212613210780e-01
5.924172409593136263e-02 2.185586469122868802e-03 3.717586501358694645e-02
-5.343832638698110538e-01 1.399138448460614526e-01 1.605966111470157887e-01
-4.297511884666099791e-02 7.123049468311957143e-03 -5.589728709923852401e-01
3.531212529615176954e-01 -9.615966130494994768e-02 3.969184208597271307e-02
-1.192418271318208545e-01 3.485903018097762929e-01 9.695323878287588973e-03
-2.003400800079786492e-01 -2.177805867064678824e-01 6.856805831291171160e-02
1.408115023303509461e-01 -9.366385575566833765e-02 8.728511728612799170e-02
-1.695662026336030304e-01 -1.882016407259715918e-01 -7.412729089314727959e-01
-1.960157440850006649e-01 2.931185334004222098e-01 7.080470237074772966e-01
1.034676910127975275e-01 -9.063956044772675247e-01 8.255739057066112663e-01
-9.278719312208592862e-02 1.053463771494064671e+00 -7.890244666887944458e-01
2.408073786966597185e-01 -6.808823775516929799e-02 -1.888194743332222703e-01
1.594796044450992323e-01 6.547060984045133258e-02 1.176259606188747170e-01
1.989513165668755669e-03 -1.262593271180159626e-01 -2.395487702540526065e-01
-8.377990626399899055e-02 1.659377258654434195e-01 2.872133763128715267e-01
