7.829251538724449344e-02 -1.584496980631171059e+00 -1.589749274756288230e-02
-8.346309379771472622e-03 9.746178750105312372e-02 1.089588512072077464e-01
-7.089906750874187813e-02 -7.151176590787923504e-02 -6.072111942750340469e-02
-7.607435106958094356e-03 2.761161345172378698e-02 -3.322178820637203440e-03
-4.291281983096417035e-02 -1.546928826016017722e-01 2.741752816089959577e-03
8.020965873698253368e-02 1.085202056551679006e-01 7.353027649650575349e-03
-7.122991182235575980e-03 -5.516998266647102356e-02 3.247706665539123322e-02
2.954288598201496030e-02 2.228754900850424270e-01 -5.588732922428835820e-02
-5.143815481217826890e-02 -2.325870856980776502e-01 1.088030779813742993e-01
-5.349999769132104954e-02 2.940270380120549656e-02 4.903151003405329311e-04
-1.763818935257862319e-01 2.133518676611295337e-02 6.196538897552720387e-02
8.630490614290974027e-02 1.031862218643212620e-01 -9.143657557262355184e-02
-6.151740791356545557e-03 -3.402858751458992526e-02 -1.771700330875615112e-02
-7.638499590100232550e-02 1.542666416788724022e-02 -2.573391992088542857e-01
-1.528201369102352193e-02 8.899962345723140544e-02 2.980038490955367880e-01
1.518698925776478803e-01 3.928093117372104953e-02 6.792817497515804548e-02
1.716740757634822312e-01 -1.758520016091444649e-01 -5.798976699166263904e-01
7.593718874574648114e-02 1.825814744878003215e-01 5.507624620860112064e-01
2.275106247507875101e-01 -4.368991926866810926e-01 -5.569992250269276135e-02
1.239671932601496551e-01 3.744624299171505633e-01 1.046853758666101558e-01
2.450654991490338608e-01 -1.170658212817950738e-01 -9.472375632521000746e-03
2.206329778494046656e-01 1.016233219022414230e-01 -3.277781256279001243e-02
-1.637012674450636640e-01 -1.509044583372823045e-01 -2.129093483302760548e-01
-1.153713761798481618e-01 1.566459041618993298e-01 2.532209304449285492e-01
