-1.098725653654687440e-01 9.854621174588762411e-01 -9.505330320566986180e-02
-2.768459265189657584e-02 -4.907338403102711605e-02 2.238091977824723799e-01
-2.881987460624325093e-01 1.307510347176270016e-01 -5.273594182382517620e-02
1.184071035201752775e-01 -3.740973331373768224e-02 -2.389968488338414451e-02
4.249001651181260608e-01 -4.151889169509788147e-01 -1.284184711741389456e-02
2.402565881970029071e-01 3.204871521873742246e-01 2.939310236778540017e-02
3.515925491270028430e-02 -8.034811690563388453e-02 1.194361076811635836e-01
1.769667711154988485e-02 1.793799111105446806e-02 -3.224550771104292557e-02
-5.704721957136714428e-02 2.429426306269489091e-02 1.524130795085872903e-01
-5.328236428288012083e-02 -2.953022245718534694e-02 2.089715267865849269e-02
-3.320258551917537049e-01 1.885937504423832456e-01 1.234960774636029157e-02
2.207918801110994589e-02 -3.888177106106388559e-02 -2.641977759138536275e-01
2.789411969348322695e-01 -5.752232255188460125e-02 3.808728709052435629e-02
-7.554675792226646369e-02 2.055977631836838904e-01 -3.881211705559730052e-01
-9.894491802508811884e-02 -1.719985887284285475e-01 4.504874775461867875e-01
2.257110046905393685e-01 2.036673630313139485e-03 1.576950340216051460e-01
1.638080480631909086e-01 -2.704344217884867008e-01 -9.320240528698992000e-01
8.207517558461313589e-02 2.084407147977436203e-01 8.950999710379938801e-01
9.855065684090859313e-02 -3.964561470270890897e-01 2.082690552329034828e-01
-1.654883014945280617e-01 3.432126626205462827e-01 -2.478694191288420556e-01
2.112540856033040537e-01 -1.379923153623380527e-01 -1.352290381773782746e-01
1.118078465039157587e-01 1.084670564598337467e-01 1.574812120241738667e-01
-2.047649824550492464e-02 -8.240161431718628915e-02 -2.136798673856392383e-01
3.009685604075333643e-02 9.285821702074659179e-02 2.645575697143191518e-01
