-1.680490585079662258e-01 -1.912038745838696263e+00 -1.564359144979415306e-01
-8.899243141738826246e-01 -7.048850172964093996e-02 2.678818417981888578e-01
9.445930033397768877e-02 -3.330440699950167754e-02 2.041084768899497845e-02
2.727615393998618076e-01 1.298498339818673630e-01 -3.146675886404497191e-02
1.917441040925782936e+00 1.183858792629298717e-01 -3.540165235375646313e-01
1.636204334399669336e-01 1.800792161338388708e-01 -9.059070958492270592e-03
-1.849279457058379816e-01 -1.053750558304983875e-01 -1.681347256086110353e-02
4.364766640804543935e-02 1.303284408156985263e-01 -1.043114355996092868e-01
-5.796601911805905616e-02 -2.423018696717884890e-01 1.143744347979435694e-01
8.876087996418918769e-02 1.503607622453101769e-03 6.641160673153129711e-03
-5.396013604936971131e-01 5.383425416448970463e-02 1.652544816125103844e-01
-9.234822826523120254e-02 9.888116380599192012e-02 -4.900339016554454696e-01
2.015214894276414759e-01 -1.932836799389244659e-02 -8.887648116283923538e-02
-1.613576805143177029e-01 2.752480332729902446e-01 1.066712047978935624e-01
-1.765065046765402490e-01 -1.664766515352160969e-01 -4.923392287417382995e-02
-5.729734864018440343e-02 -5.459583666755921799e-02 7.332237289927705237e-02
-3.271984917550008198e-01 -3.111406772804812815e-01 -5.784963976911616790e-01
-2.326173684889147886e-01 2.215875341825409850e-01 6.492849104288755946e-01
-2.831121704558656749e-01 -9.034699893132269732e-01 6.687516750111691666e-01
-1.576626107984731295e-01 7.511191840850535151e-01 -5.765590032387901687e-01
7.260395039597412892e-02 -5.359081443011999568e-02 -1.953518314036779002e-01
-6.272917187046193020e-03 1.184532894969617285e-02 1.643110532354219722e-01
-4.923969671141432275e-02 -8.718766949773071318e-02 -2.317774457915432740e-01
-3.292543984579209687e-02 1.595950352182526344e-01 2.835408648457732328e-01
