-2.339994002332081713e-01 -3.747436312234540545e-01 3.351102184435332532e-02
-1.179376495224511157e+00 4.322525986064731408e-03 4.273252189181024341e-01
2.508880098110707335e-01 -1.398658097692349056e-01 -1.054706658960509885e-01
2.911881277862420903e-01 1.839796307346172055e-01 -2.626422452841714605e-02
1.732980573287740578e+00 2.580542835698809156e-01 -3.797560425460762001e-01
1.008909932012351518e-01 5.405937974352851422e-02 -5.986705723217062430e-02
-2.418837738587910624e-01 -1.498542402151395170e-01 3.210187895704139094e-03
2.478685745018975040e-01 1.783031091876103799e-02 -1.396538647644608166e-01
-6.856776444178072638e-02 -2.391496429360876752e-01 2.209059473541714613e-01
1.610507422426495638e-01 -1.674725059364054643e-03 4.192633268705433375e-02
-5.243046187991338147e-01 1.295773223399859508e-01 1.343460339765024936e-01
-4.997712182843907364e-02 -2.560422363964199449e-02 -6.494335126731074492e-01
3.772333559147784121e-01 1.175536153139783296e-01 2.947315733778467506e-02
-1.411883763115698298e-01 2.842488546449926101e-01 1.674864940818200088e-01
-2.145971776293030542e-01 -2.395601273623402527e-01 -1.423084189807986844e-01
2.576177730208495040e-02 5.382361190834381720e-02 1.161237857537307794e-01
-3.394496473899331068e-01 -1.669099398751107133e-01 -6.666854976045804015e-01
-3.162391536733361042e-01 1.903701010597323995e-01 7.437723314068109826e-01
-3.506788971698554525e-02 -9.662336861470466332e-01 9.363727712588297836e-01
-9.513578106859643668e-02 1.567298331336913542e+00 -9.157485969423242445e-01
1.541861262778507491e-01 -2.484359097995858523e-02 -2.397076009736870128e-01
-1.790422245804770829e-02 7.750279622074701669e-02 1.734497793728825843e-01
-6.424175919486729835e-02 -1.100679085105176619e-01 -2.796373469693906322e-01
-1.174775018987659209e-01 1.483569507860990622e-01 3.537315367114958198e-01
