4.008889299896332969e-02 -1.900234804141112122e+00 -7.796120788634511301e-02
-5.364472019818621318e-01 3.799737281591272775e-02 1.478833527768068368e-01
2.604835298600755578e-01 5.208634050552230117e-03 1.427222319125632799e-01
7.026745365556275047e-02 1.043382575070065932e-01 5.121727572178082222e-03
1.594291344184863846e-01 9.951831100716733436e-02 -2.927958317114341680e-02
1.306865931607104347e-01 1.889971678483026996e-01 -1.439935260625125994e-02
-8.639985832291363632e-02 -1.151915323497478827e-01 3.719162519029647895e-02
1.955410250468573585e-01 2.550875215768426685e-01 -1.138761891164247336e-01
-3.280722506283814677e-01 -2.804184867057130104e-01 -8.416481676665574230e-02
-4.415487147710424332e-02 -1.779695273781749590e-02 3.732301825120752474e-03
-1.663752520705775728e-01 1.072015481424012581e-02 2.531948567158232577e-01
2.479704409318754521e-01 1.111982140675366881e-01 2.690991757146814212e-03
1.081110005958306648e-02 -8.184428769234339957e-03 -7.287486616733560192e-03
-9.028549556967062351e-02 2.690120795589421854e-01 -3.975364710242099697e-01
-1.033090949775528344e-01 -1.382941759386457081e-01 4.926335932365760173e-01
1.628319156576828464e-01 -1.485552417323195845e-02 -2.444122056481393135e-02
3.940642962848242559e-02 -1.488255726913177979e-01 -6.667483784384335976e-01
1.116736091928080682e-01 1.544154758293178609e-01 6.345072084211028640e-01
-2.671858840056443030e-01 -2.276964680368293026e-01 1.173325320627021245e-01
-1.864640335205700050e-01 3.445957011297606232e-01 -1.356046061082242793e-01
1.394211516479731960e-01 -8.572464351529707205e-02 -1.452929201796449576e-01
5.683045795428465219e-02 6.552148590856540777e-02 5.492026141330970390e-02
-3.844612742366950581e-02 -1.699497725412655036e-01 -2.743548821381484593e-01
-2.304638745485514811e-02 1.754174404602373005e-01 2.795856677770148790e-01
