3.536010540494778642e-02 -1.532093109367927974e+00 -3.746614351367116846e-01
2.958026666778229563e-01 1.755270025806177359e-01 3.068304653645600455e-01
-1.192821786213120738e+00 -8.881502087263727641e-02 -3.945303292476339818e-01
2.858460497699945035e-01 -2.352531213130548970e-01 4.350379279502088886e-02
-5.192698825876337909e-02 -2.871652046524251767e-01 2.529406347923696466e-02
2.037115636355778747e+00 -2.487029787826665894e-01 3.315791760717763936e-01
-1.449168598615549197e-01 2.371303862552183450e-02 1.235210639955388739e-01
1.328655032678689729e-01 2.034296162223892812e-01 -1.083444433046380773e-02
7.238832105837514352e-02 2.777400653446682535e-02 3.498233921552487691e-01
1.261461209775772974e-01 -3.211473972532880028e-02 3.117744338493231085e-02
-3.559770462641860256e-01 1.427806565059638877e-01 7.443747870956854418e-02
-2.801986251638400316e-01 -6.847417328657920410e-02 -5.425866947937427742e-01
3.843930700477784512e-01 4.174074401742521728e-02 8.477032205191267766e-02
-2.170459866269869309e-01 3.776919710877027492e-01 1.680179707812827217e-01
-2.045651124064528092e-01 -3.620953180912315217e-01 -1.088880022288447047e-01
7.093715830981683901e-02 8.162145308855756065e-02 1.328093957498492073e-01
-2.504649694557759543e-01 -3.206325112272774280e-01 -7.845089624607624046e-01
-3.109411328029073607e-01 2.633777272679629355e-01 6.080660491629988895e-01
-1.271880277028381023e-01 -1.340580651666122058e+00 8.913061023055979248e-01
-2.617480882397784647e-01 1.198117910599609814e+00 -7.578551840621445823e-01
6.524891138625792120e-02 -7.813665094314536930e-02 -8.491791744349778265e-03
-4.689600823858520312e-02 1.183808258994495238e-01 1.937837005437111071e-01
-1.326249845438104702e-01 -7.930947532519745657e-02 -2.944445967082816029e-01
-2.944549012759297216e-02 7.175608718298413791e-02 2.618348572864174773e-01
