-1.783727887741935747e-01 3.167277817067188916e-01 -2.693641671136695059e-01
1.426571851540311131e-01 1.540936354105696404e-01 2.706659294039131525e-01
-1.084215670658414954e+00 -3.719236741678338259e-02 -1.332280299762502451e-01
2.714728121212913181e-01 -1.831255975164943484e-01 8.422688851459650405e-03
3.052325241524402391e-02 -1.526946488803111734e-01 2.509425303102107152e-02
1.869531898803618031e+00 -2.379796755768505134e-01 3.736111500240513195e-01
8.768779835060342906e-03 3.617488188609741667e-02 1.378490979947584738e-01
1.270107382662141182e-01 2.232143585508334915e-01 -1.873382796307085721e-02
-1.456198656121966695e-01 1.399625748280418878e-02 1.195977217563466560e-01
-1.278564686969528401e-02 -2.498013940939532856e-02 2.987274250559026137e-02
-3.436619891766265478e-01 1.657114198231371127e-01 1.160149819823030060e-01
-8.975785758297416539e-02 -4.186212670087741811e-02 -2.444094914390768369e-01
3.169202072559032524e-01 1.327362988737467754e-02 1.972998774673319078e-01
-1.682868405273842405e-01 3.392036826888215062e-01 -9.324076847251309627e-03
-9.863546619120983072e-02 -2.192938757898471869e-01 1.506493475257640879e-01
1.334690056721942464e-01 -8.395435669265173539e-02 9.170243097581248781e-02
-7.524911994126051717e-02 -4.175133328687016254e-01 -8.478788446494893716e-01
-9.761666623676960863e-02 3.312744418589494977e-01 6.969815096481073446e-01
1.555258337834717064e-01 -1.385493395698717212e+00 7.463754710600112308e-01
1.254903885608355148e-02 6.756482572582862556e-01 -6.245276384924126623e-01
4.328674614324811709e-01 -3.856181458518037619e-02 -1.309893223115901062e-01
2.519514938894750755e-01 3.645473662141014703e-02 2.370052538512149032e-01
-2.885836977596971664e-01 -1.395744503774808964e-01 -3.265946533489708092e-01
-7.152912636800785873e-02 1.414341787023706276e-01 2.628442368100805115e-01
