-9.667199390536694581e-02 4.002071988034346939e-01 -9.690290309516992606e-02
-2.847369715572540816e-01 2.147864581212144061e-02 2.928513366415853858e-02
-6.183071679029501777e-02 -1.327161146416922233e-01 -8.033037690681732457e-02
3.902272783512417131e-02 5.653516976671794231e-02 -2.813139184000671561e-02
2.326512363567797559e-01 3.918281436970453419e-02 -1.174323636187608599e-01
1.008118059701765601e+00 -1.670157395410407086e-01 9.428102813183886211e-02
-1.139147050391562527e-02 -4.682751203074136254e-02 8.829637445916255212e-02
1.286423467759244266e-01 2.793193806944280211e-01 1.011453657616713520e-02
1.986567219774210413e-01 -2.484909231146043007e-01 6.288861442831680804e-02
-1.700683259648525653e-02 2.242308397873615279e-03 -1.037900023166425829e-02
-1.574285704833346122e-01 1.709812200718670294e-02 2.108704109564802642e-01
-6.252098490753608961e-02 4.774097984849944715e-02 -8.253702434788184883e-02
1.778833889967232351e-01 -8.639332654764861688e-03 9.991291189130599437e-02
-4.055366053029997586e-02 3.647802999288210501e-01 -3.927550160521464107e-01
-8.214005053689589497e-02 -1.862143931033204691e-01 5.072978670631017595e-01
2.121168894474920463e-01 6.189921770383392807e-02 -1.470589153076491597e-03
8.705400255124368103e-02 -1.007559954780846978e-01 -8.492911229600312861e-01
9.771041442121621012e-02 2.300092049260871185e-01 8.477651989715999648e-01
-1.112140547227057075e-01 -6.814744252617328801e-02 2.212954549351674738e-01
-2.049952638128029192e-01 2.114824104309385444e-01 -1.537759848271702257e-01
3.213220703083578544e-01 1.122940986044185588e-02 -1.187455324447167504e-01
1.168188868822712667e-01 3.390370413954742895e-02 1.219394217336223357e-01
-8.259944207157968177e-02 -1.353313683158348102e-01 -2.441739406157582837e-01
-1.013556149310828811e-02 1.451333604091387952e-01 2.606897342343098001e-01
