6.035838854548399024e-02 -1.562431974558432746e+00 -8.353758578273152990e-02
1.023858846452487675e-02 9.389113527661079039e-02 1.250743884426173125e-01
-7.617927565998187933e-02 -5.927319950514507718e-02 -6.173632717556518795e-02
1.105413147980975098e-02 1.449206580501403129e-02 -9.582452824786853382e-03
3.737191910560341834e-02 -1.623118025182397617e-01 -6.170493504238813882e-03
2.135966632598407522e-01 1.260487724669626108e-01 1.962987167177391440e-02
-2.267712421461131472e-02 -6.640531892702299099e-02 4.687368814378314180e-02
-2.347173990672448730e-03 2.223096960826144997e-01 -3.736326445845712663e-02
-7.622262510423702397e-02 -2.248321219092165035e-01 1.225814884195162435e-01
-2.220093608338402982e-02 1.645535109994315792e-02 5.659198178811137604e-03
-2.061504200051279267e-01 3.686644982801445120e-02 6.059378339942843306e-02
7.183748905963777132e-02 9.637996374598876981e-02 -1.405132663426061079e-01
6.288407641000305637e-02 -3.767173264663286475e-02 -3.911009026977529598e-03
-8.858339967261175119e-02 6.278902931322788428e-02 -2.072860553657564220e-01
-4.677610525282864529e-02 2.302929222743878984e-02 2.685883253544885108e-01
1.726342136116843229e-01 3.898439653876033945e-02 7.615857729313965652e-02
6.536498711916491344e-02 -2.120413778673504168e-01 -5.918722207377837830e-01
1.352710530670065379e-02 1.942889500392971369e-01 5.814749070700028222e-01
1.006629442288616144e-01 -4.850320613357845811e-01 7.520582930216070106e-02
2.905387040314861419e-02 4.135686839225847788e-01 -3.539454246945161059e-02
2.213098192954696952e-01 -8.366301377178959886e-02 -6.068034955518679385e-02
2.165670829934575603e-01 6.632001717898367010e-02 7.702383428379196845e-03
-1.490477934402875404e-01 -1.510528254285898320e-01 -2.272580402908047359e-01
-9.723176179941643571e-02 1.559183987434769048e-01 2.624144580172910191e-01
