-1.099106766754349152e-01 1.678527728692883914e+00 2.246671179480026759e-01
-1.096171451776084327e+00 -1.231438381506893553e-01 3.084162630764051283e-01
1.283060853342285201e-01 -1.169730381232875552e-02 -6.198415430024234452e-02
3.084283229976099161e-01 1.665975139088453072e-01 1.592082099905582637e-02
1.596157777182887871e+00 1.519823487243708582e-02 -3.220645557164474315e-01
1.655849781268668719e-01 2.386261525168951458e-01 -5.902652806174670669e-02
-1.288129618538620402e-01 -1.187393682467042938e-01 4.669074997024202228e-02
2.934132022137500573e-01 -5.012063469376619451e-02 -1.715157973493115773e-01
-6.354089246684622994e-02 -1.487700869865930253e-01 1.364035181942094277e-01
2.413373282242632645e-02 9.031957556437108375e-03 3.001964569183547885e-02
-5.194860157355708496e-01 1.208820611949925350e-01 1.884311216010018941e-01
-3.358980405290534071e-02 1.658620545392127180e-02 -4.891979330506474044e-01
3.368085169170508264e-01 -1.024282269415424385e-01 2.903286865372903605e-02
-1.182098626843089695e-01 3.244234519575065478e-01 -8.901287375077945874e-02
-1.799296531995663584e-01 -1.884338941449848481e-01 1.471748111108897306e-01
1.687343870273974034e-01 -6.753827083014249388e-02 8.650451845937925932e-02
-1.267189905091986313e-01 -1.932155841228109794e-01 -6.990410486856699634e-01
-1.720078071151267540e-01 2.858545434421772558e-01 6.462779838104582009e-01
8.831541012666523083e-02 -7.991477004291098751e-01 7.372627679586597482e-01
-1.091896522508942202e-01 8.810307233142466998e-01 -6.850662093869335223e-01
2.801541408927771259e-01 -9.318772759689231133e-02 -1.053787164168364238e-01
2.276641720979775407e-01 8.562394040935626671e-02 6.556271652996216448e-02
2.369521101742298394e-02 -1.357700539615723234e-01 -2.377166325955965553e-01
-7.145289888135092360e-02 1.744786511082968283e-01 2.837978660425435895e-01
