-4.219410233514440944e-02 -1.458881442311434240e+00 -3.397216669423840929e-01
6.658548214247402008e-02 3.341227800659039154e-02 9.737441978857110103e-02
-8.096179735287970525e-01 -1.647834660300826620e-02 -6.677782632476848834e-02
2.226968978822772283e-01 -1.326140256674395446e-01 6.286132627229691627e-03
7.717494871977191584e-02 -2.913669664164505457e-01 -3.774510104329168586e-02
1.887443909805148756e+00 -1.510815044893757397e-01 3.194742585721991879e-01
-7.684987965976371183e-02 1.262961585374513390e-02 1.083378260788394193e-01
1.726677058144460153e-01 2.524123376373673677e-01 -3.454536205422027023e-02
-1.076195723564607161e-03 -1.019104475590580094e-01 8.694031787459587102e-02
7.408650227544233587e-03 -1.862290000588691374e-02 2.226270837562113747e-02
-2.702236110501196609e-01 7.054455490193679845e-02 2.140680385151257359e-01
-1.611329163477381032e-01 6.065978232328688921e-03 -1.895421976906516703e-01
2.361673217864515006e-01 4.385788599056334759e-03 3.216649332002943784e-02
-1.540987630471613301e-01 3.227975495268561867e-01 -7.209157850683034496e-02
-1.505824803315954363e-01 -1.911825235163444048e-01 2.033713368881536754e-01
3.516563018771087096e-02 1.657881583987906582e-02 6.206289160073479722e-02
-1.478370966324766000e-01 -2.179170203287769669e-01 -6.099006377121165556e-01
-1.460562846853323826e-01 2.545209656271746890e-01 5.287942578409299266e-01
-2.032956441413079351e-01 -4.414182953078544802e-01 4.566918851598015250e-01
-2.838945882120995079e-01 3.590214050940740420e-01 -4.188360541608261989e-01
2.972142963973463670e-01 -4.085317008197612842e-02 -5.491526516889506243e-02
7.597710246183242422e-02 9.945557201953471316e-02 1.000319344285767464e-01
-1.100793789609063739e-01 -9.921149756505172335e-02 -2.196511541830784842e-01
3.805802877740796508e-02 7.069235543404929489e-02 2.281110892201675400e-01
