-2.101374774684562352e-01 1.321475492862160817e-01 -3.480796115646522804e-01
1.942886731998883787e-01 2.593262870425941391e-01 3.643457765732174836e-01
-1.183516044784194143e+00 -9.016326483228886968e-02 -3.923966400299147006e-01
3.145481879822930593e-01 -2.236635190914298132e-01 6.638892757244453657e-02
-7.947314943569835921e-02 -8.493072831324972871e-02 9.887258543381278672e-03
2.214367737397851865e+00 -1.879353243326965239e-01 3.759522257158775527e-01
-3.935461733965631842e-02 1.819706589310873118e-02 1.680105548384738523e-01
2.287571615096970767e-01 2.133965624693300867e-01 -2.425886813439617415e-02
4.108880483486800073e-02 1.408511918044271227e-01 3.568376579349220590e-01
5.174257426536273130e-02 -2.606250522946257711e-02 3.991899060474059929e-02
-4.015567500872109785e-01 1.485858699042477693e-01 9.562379405481741257e-02
-2.715544126075479792e-01 -5.447131260065338904e-02 -5.085037061361304955e-01
3.308908092470256856e-01 -3.730557545640234007e-02 1.725886626677107238e-01
-1.668006233832500518e-01 3.108157228456249199e-01 1.042913882573906215e-01
-1.365364280670548769e-01 -2.472215975985640468e-01 3.191882510861922262e-02
1.124264846280643576e-01 -6.401428408152627647e-02 9.252926204600525617e-02
-1.595783293972197758e-01 -3.682417466054461741e-01 -8.552779011618284466e-01
-2.413259150303121991e-01 3.528443683402269770e-01 6.334667861579892367e-01
2.561890814274895845e-01 -1.528306902256352906e+00 9.036341485135538365e-01
-7.130593543800248062e-03 9.846304540987140808e-01 -7.936054409397630405e-01
3.909546022091665018e-01 -3.898858958522668366e-02 -7.307993154137087943e-02
3.317701146548590607e-01 5.150746148702099042e-02 2.179497267307468344e-01
-2.574045939809771477e-01 -1.516035505853427778e-01 -3.244297437286251529e-01
-1.400082556766890363e-01 1.272878477424360943e-01 2.607872321349946065e-01
