-1.734430970995544941e-01 5.984444298331071874e-03 -3.693216192146080989e-01
1.410987846400709733e-01 2.893304968446216430e-01 3.846105482296635070e-01
-1.097392515213880815e+00 -9.713074548969360955e-02 -4.354049844624521826e-01
3.062044497430724821e-01 -2.117331361891892638e-01 8.763201731924546989e-02
-8.416642536696203325e-02 -1.098818210683715629e-02 3.971526262344936102e-03
2.105900254643804370e+00 -1.599091246543554168e-01 3.300182908760947442e-01
-7.410066139399963669e-02 -2.457283131508517394e-03 1.745768909144312098e-01
2.403790644008921007e-01 2.257292842635582053e-01 -2.163230791377851805e-02
6.425168386131692444e-02 1.265156148423208504e-01 3.814912421548185550e-01
6.191730979402101237e-02 -3.072553604873241515e-02 4.537902495495100413e-02
-3.797647698171487951e-01 1.403241320619082744e-01 9.197552272516885952e-02
-2.682469239933613081e-01 -6.169743784916454504e-02 -5.405547996403009536e-01
3.199432984583028272e-01 -5.332252304440054241e-02 1.646088756873465841e-01
-1.590914912365463119e-01 2.914235168728382397e-01 1.021083824997280759e-01
-1.608362384840228976e-01 -2.455893673242080244e-01 2.460983100495833104e-02
1.117241936744797770e-01 -5.681577331668086206e-02 7.962295970774828369e-02
-1.796495889112622868e-01 -3.175503281105296338e-01 -8.397774721875383985e-01
-2.608874748284588652e-01 3.463034085518789662e-01 6.129740118336888255e-01
2.386162847225755390e-01 -1.422552828742983388e+00 9.192843272880782957e-01
-1.882412604026068026e-02 1.087631939057528419e+00 -8.136414122452557685e-01
3.647235569373430408e-01 -2.553418226418300435e-02 -8.589612829424222995e-02
3.311134401417116235e-01 5.232655390566549186e-02 2.147220045251341247e-01
-2.233052669723549766e-01 -1.570835700307463279e-01 -3.120715752521569519e-01
-1.564446512331451322e-01 1.230224434445415238e-01 2.654459433204968133e-01
