-7.598736797490890371e-02 -1.220561087757988217e+00 -3.323556365008583091e-01
2.686300878642645107e-01 -2.489370310349330734e-02 9.993176407606174649e-02
-1.088137537296946844e+00 1.061558424633100711e-01 -1.261439529330812270e-01
2.385579269680249415e-01 -2.429993717175290002e-01 1.394772970699846397e-02
6.115294425748999535e-02 -4.388195827550702699e-01 2.034158262606841627e-02
1.554436203272554717e+00 -6.581781223390750779e-02 2.160789117093983580e-01
-1.438098050806757289e-01 -2.758104947080695230e-02 1.083714526624323798e-01
2.313570233369418860e-01 1.049986378700659417e-01 -2.333114368611762315e-02
2.265987142117608932e-01 -2.809382717719858050e-02 2.725971970942062672e-01
4.536438701787028765e-02 -5.650978447826981999e-02 1.497488637990628847e-02
-3.909541551629099887e-01 2.000004091254798111e-01 9.015929272573373898e-02
-2.414892121631776745e-01 -6.566658072065792440e-02 -4.902507598556607449e-01
3.305570887744744280e-01 -6.640594519386640304e-02 -2.354312768161325679e-03
-2.014032250309984451e-01 2.921002078412117120e-01 2.152737685089219088e-02
-2.333514605078423620e-01 -3.399323425656408104e-01 3.304332633229657701e-02
1.409334254502593031e-01 8.350358173210541135e-02 1.702219103116046905e-01
-1.092986051603164199e-01 -2.830958018141121468e-01 -7.391899503982690689e-01
-1.188073033574065518e-01 2.500318544974162727e-01 6.725223113443719036e-01
-2.533318572490896384e-03 -1.100214378710310470e+00 8.260014561639530406e-01
-7.327167476797623313e-02 1.231909719394714164e+00 -7.809190218668183858e-01
2.137516045884340632e-01 -4.773527448393927175e-02 -1.618686198796837894e-01
1.214764461278503710e-01 1.139024433411956888e-01 2.531688777307904981e-01
-5.936927520978775574e-02 -9.961136679207251154e-02 -2.524513826560570440e-01
-9.178900979102018465e-03 8.462856708773293379e-02 2.985889434903631345e-01
