6.959844875019856325e-02 -1.625284158760027520e+00 -9.529586680851079294e-02
2.146124377192162314e-01 1.252925024746804894e-01 1.559362069521704197e-01
-6.668290423373779419e-01 6.751250015751898356e-03 -1.778413917978544367e-01
9.102960414441034487e-02 -1.416448236835441410e-01 7.255646271603874951e-03
-5.969860297842867480e-02 -1.755165156676685989e-01 3.634162987072690060e-02
6.530907212153959085e-01 -2.267086447472572291e-02 9.783866103231705913e-02
-8.263587731802492231e-02 -3.120939922668601596e-02 1.028872232412935822e-01
-8.825853897065757958e-02 2.496709339182799636e-01 2.452109910948529342e-02
2.970108312199984946e-01 -7.741284446887168602e-02 1.563104376974294440e-01
-3.854893732936320178e-02 -4.141561563774809329e-02 -1.347376413665378643e-02
-1.300427163024644728e-01 7.453761960598674630e-02 5.728797642246211130e-02
-7.184141543234377758e-02 2.667696007877910509e-05 -1.261424019472867086e-01
7.831829873609445769e-02 -3.991869021120639932e-02 6.891447958460882039e-02
-1.114620370721030318e-01 3.050493384607142477e-01 -4.675020251430814233e-01
-1.026990654800897101e-01 -2.756079069345302446e-01 4.879185531845904311e-01
2.364034955203083432e-01 8.013444824248314169e-02 6.573364469552277212e-02
1.006298629978119030e-01 -1.754547940115030735e-01 -8.263252070247117942e-01
7.369018577069869069e-02 1.270730738808144578e-01 7.003438361701814774e-01
-3.781109497929279750e-01 -2.694558222112506396e-01 1.916751478642917672e-01
-1.905460517105531104e-01 2.925726943615971631e-01 -9.358363166970093405e-02
6.317953836269321610e-02 -5.801549505219175118e-02 -9.999945442880488200e-02
1.848705308042999373e-01 1.870815617126866601e-02 1.781782517085260253e-01
1.456875687173016069e-02 -9.472882360857652617e-02 -1.722162674242457003e-01
2.023901186764731977e-02 1.172096227618287106e-01 2.068024639272360576e-01
