-1.729064160735687972e-01 -3.302611214101158210e-01 2.003974366233521667e-02
-9.661859408726255483e-01 1.218202829338426406e-02 3.759994505776970142e-01
2.128175940197751803e-01 -1.213741873448870717e-01 -6.377531073234057879e-02
2.124289778514163174e-01 1.643268650038976486e-01 -2.701990828978920872e-02
1.311125932223998980e+00 2.621847180135100097e-01 -2.366901249865430712e-01
1.242939770877293931e-01 1.811992642602463718e-02 -5.701443739517983444e-02
-1.826484412094160625e-01 -1.262882424909326784e-01 1.901137091219688713e-02
2.611212157327376104e-01 1.424992398359611334e-01 -1.116903577007764270e-01
-1.296546811637042662e-01 -2.641392375032105000e-01 1.448148468976157843e-01
1.052571740664258459e-01 1.982972166874078304e-03 3.349973565796331154e-02
-4.249578803964857432e-01 1.095977065830140013e-01 1.603268200874739813e-01
2.258800399527264441e-02 -1.695251700958447238e-02 -4.904734190107764014e-01
3.255133167544256301e-01 1.137267083463677081e-01 5.414760333758764782e-02
-1.299282784550196690e-01 3.065949672902672507e-01 4.764227994229681268e-02
-1.930237608657051906e-01 -2.311758772507503668e-01 -5.704316394703229376e-03
9.446090978023845286e-02 7.267466191958013577e-02 8.698955396698042353e-02
-2.414076564164407135e-01 -1.586083159734971992e-01 -6.625885210058332087e-01
-2.479975747214563653e-01 2.333936852792047323e-01 6.816212131252487039e-01
-1.913366970218622135e-03 -9.523019210518426370e-01 8.360674523585480689e-01
-8.815756115684313110e-02 1.468378540427150325e+00 -8.185830243695652042e-01
1.861073504959390446e-01 -2.643853700168557336e-02 -1.918150576569838395e-01
5.870531059575462285e-02 7.718906395223143480e-02 1.263167615572991787e-01
-5.869873064697454790e-02 -1.265384587696415652e-01 -2.932409234537741161e-01
-1.070730918022825551e-01 1.544428891740749210e-01 3.623827597667845790e-01
