-7.812118417988234143e-02 -1.277033515644175665e+00 -4.530292851851704383e-01
3.171887607579514934e-01 6.139634177924351705e-02 1.983806268277873430e-01
-1.373433700154071513e+00 1.136633137731013141e-02 -2.889423430048407848e-01
3.304413876431125385e-01 -2.775092436866548606e-01 3.452824262726041094e-02
-4.591368677256944288e-03 -4.372788277468129259e-01 1.159337854472270758e-02
2.112283493003872081e+00 -1.993372162443199647e-01 3.435493384410785445e-01
-1.773938891618164759e-01 2.406339237943490306e-02 1.352267624671891211e-01
2.869171973874769521e-01 1.057465929226108908e-01 -3.866356482689668056e-02
1.664674455791559649e-01 3.995226266436582158e-02 3.629047437312563629e-01
9.898064218205795961e-02 -3.770677796321390829e-02 3.796751727386534631e-02
-4.460981072554108251e-01 1.941303685438443560e-01 8.046858894154634845e-02
-3.308772802715961303e-01 -7.058178077804222461e-02 -6.182447295780111318e-01
3.648100237007790292e-01 -4.500436770179438301e-02 1.855455041657910059e-02
-2.256555882208518549e-01 3.641778709918651047e-01 2.267793941909335143e-01
-2.378981829959203875e-01 -3.505636118400034529e-01 -1.044289445019372792e-01
5.778457415087514398e-02 3.495696829126036798e-02 1.687406396458902280e-01
-2.042686417138339372e-01 -3.175607858091295532e-01 -7.498776650841477709e-01
-2.703797480337700176e-01 3.212161232219472029e-01 6.234322030445523799e-01
7.570410954763504008e-02 -1.334726231173929412e+00 9.234925541345937461e-01
-1.658141674410060773e-01 1.230246280370248080e+00 -8.777085516868223802e-01
2.035758062157313475e-01 -2.972325353761413186e-02 -1.658502411563133050e-01
8.095065515314733839e-02 9.775109534255828347e-02 2.793081573114806759e-01
-1.445274729958730131e-01 -9.128009053478469692e-02 -2.673642131777680397e-01
-5.571998449277126148e-02 6.658990164664337075e-02 2.721990972288048094e-01
