-2.055744899501311951e-01 1.525010256326241320e+00 1.978996554836744484e-03
2.873683222522862568e-01 -1.414093211336702183e-01 -1.895443858552004965e-02
-6.680215702267522371e-01 1.826545611613363262e-01 6.438394061549075620e-02
1.261727799071303280e-01 -1.833174365858989407e-01 -5.294638867617258368e-03
9.214362210696583344e-02 -5.529643442046721091e-01 2.302661758377374732e-02
8.286194377011012469e-01 1.484052480779235184e-01 1.167749087685451687e-01
-3.012399825611489224e-02 -7.977074973582726214e-02 8.134848265017274871e-02
2.519215802702381990e-01 -6.155825460588076545e-03 -5.344404470664704254e-02
2.704984353622073012e-01 -1.278601740139127807e-03 2.511518398276620934e-01
9.303054697401180045e-03 -6.617505314097767155e-02 2.015608116179123076e-03
-4.266859270013262928e-01 2.427092144159040676e-01 6.854715186257319404e-02
-1.561184315452179838e-01 -7.502550762155139885e-02 -4.452671971396184869e-01
3.881043777097210601e-01 -2.475429069968864901e-02 -6.354128895855154502e-02
-1.871118879740089058e-01 1.963103109599512452e-01 -3.958084386586321890e-02
-2.176556330518412130e-01 -3.621700196757786649e-01 4.213561055930418325e-02
1.416234860789780392e-01 1.211755166553006302e-01 1.705972236975233924e-01
-6.039014624426169292e-02 -3.786606316698825636e-01 -7.629666058214182867e-01
-7.909530602928421805e-02 1.508848000858303284e-01 7.609248484383008826e-01
1.553958271435109673e-01 -1.100301887167508763e+00 8.589498954076699722e-01
-7.924940672395855423e-02 1.157934584986216819e+00 -9.014949773452939352e-01
3.919875544970577441e-01 -1.173842399021951810e-01 -1.807256341140502098e-01
2.169680797887387769e-01 1.378391863445976029e-01 2.602391974574644329e-01
-8.496746279886321918e-02 -1.109434919832414101e-01 -2.574691284191878426e-01
-3.900690848611765293e-02 1.191185391511533770e-01 3.561692926338321241e-01
