5.508502067676118025e-02 -1.550791494756601274e+00 -2.815649069760299827e-01
2.379192019930810864e-01 1.481742749721758068e-01 2.486584388352169606e-01
-1.085491613621585971e+00 -6.502464391838404245e-02 -3.408737781795577737e-01
2.349154475893920624e-01 -2.046108292488490465e-01 2.825633917843709333e-02
-4.171727544339196708e-02 -2.506291490043031089e-01 2.965033917387541185e-02
1.572632888080826019e+00 -2.269791395649602972e-01 2.379938644275847448e-01
-1.288724062450322394e-01 5.132525158972966496e-03 1.240397622559961249e-01
5.196546151600679037e-02 2.163301636785130710e-01 -1.269793099258113411e-03
2.031176078953985942e-01 -4.255327366779999843e-02 2.586778305570607839e-01
3.883067894109028945e-02 -3.412908180985173290e-02 2.111722831438352099e-02
-2.524538656199098452e-01 1.292678611382013232e-01 8.127599499131200889e-02
-2.097239124043318859e-01 -5.448233728993756575e-02 -3.665601764737132506e-01
3.025805507398880434e-01 -8.403017474027376851e-04 9.509634843857277253e-02
-2.004444543948603608e-01 3.086483244140449944e-01 -8.082505899112890635e-02
-1.891977671891185708e-01 -3.125629117037012072e-01 1.112498777792497451e-01
1.740496278701596511e-01 9.298347118233996067e-02 1.235861225295867699e-01
-1.364476832982012000e-01 -3.223469691395429160e-01 -6.903832322580392145e-01
-1.855249374178682131e-01 2.247324195991471374e-01 5.417810886504328405e-01
-2.381499942362118316e-01 -1.063820762978530787e+00 6.811598279442735437e-01
-2.317979763502962809e-01 9.693845709367533425e-01 -5.594524221083641002e-01
5.754556943651217144e-02 -6.970203175226741266e-02 -2.837872518539715991e-02
7.357359449389649919e-02 7.071471701536435894e-02 1.808926879602237026e-01
-7.519382603458803216e-02 -1.050680712490955210e-01 -2.789162229836020246e-01
-3.466440311149281139e-02 1.147250808808075451e-01 2.686233061058789229e-01
