7.798298120928214006e-02 -1.581942414236305661e+00 -1.601043765062986832e-02
-8.132302795174701365e-03 9.788975433439271734e-02 1.111354257073911000e-01
-7.016706988514365140e-02 -7.144122230633927206e-02 -5.854517918417009859e-02
-7.754173217188476026e-03 2.676333943216507513e-02 -4.039343409006465775e-03
-4.289551272743557381e-02 -1.549193306356000943e-01 3.895695982404308311e-03
8.153113580278466277e-02 1.087851898528573724e-01 7.636677118163595797e-03
-8.009319147518642254e-03 -5.596162521765499914e-02 3.242728589440196235e-02
3.079595384803401545e-02 2.222690060987899952e-01 -5.675230121244586451e-02
-5.269813847783076655e-02 -2.334929809726030980e-01 1.085510617655750659e-01
-5.308262119918212563e-02 2.846029193552214107e-02 6.380027713552666960e-04
-1.780781554189767302e-01 2.194900180190973923e-02 6.186315591120478130e-02
8.640716914439350305e-02 1.029554524651887515e-01 -9.229200744418949998e-02
-7.451923900993771832e-03 -3.634113811926540510e-02 -1.555685852668921634e-02
-7.635720420921070228e-02 1.429554161128204076e-02 -2.555325917224519627e-01
-1.562455018925470833e-02 8.863679387782011365e-02 2.959752223033718099e-01
1.516804607248341263e-01 3.538029125435988853e-02 6.985008189514038679e-02
1.714220248040159433e-01 -1.774128946076622693e-01 -5.798502238291364241e-01
7.831295250946967990e-02 1.807324779095823841e-01 5.536350339029557643e-01
2.329041799021110970e-01 -4.403707483855701654e-01 -5.385117102803607669e-02
1.298698221183549606e-01 3.777027215274765815e-01 1.022750673288787271e-01
2.500960437145958726e-01 -1.170508220283439232e-01 -9.307802575572289919e-03
2.194624761709682292e-01 1.015847125377988408e-01 -3.233677316206439584e-02
-1.646840240825736268e-01 -1.514344073752228181e-01 -2.134810313754623157e-01
-1.148391107676929729e-01 1.571546764121572182e-01 2.533163515953798517e-01
