-1.981245060050793871e-01 -1.923674800038269961e+00 -1.713158016523019522e-01
-1.240482371038273746e+00 -1.210270136508915934e-01 3.092148582917118027e-01
2.122574699711874124e-01 -3.945516425308602526e-02 2.109040929431734920e-02
3.423344148502456274e-01 1.810346590207522199e-01 -3.512846174639765867e-02
2.079847228539961623e+00 2.508135001855087975e-01 -4.056898546208172474e-01
9.328905733147249690e-02 2.028033185350767986e-01 -5.798929902751377014e-02
-2.631451515237965832e-01 -1.459586397885059006e-01 -3.497800185553828073e-02
7.115108752857110530e-02 8.367279957883048958e-02 -7.395944630964243482e-02
-4.640231072754067571e-02 -2.492001962808424731e-01 2.190928650535855782e-01
1.471553043049113330e-01 6.859982700821804164e-04 1.702747828645869571e-02
-5.755944504781645987e-01 9.743005307811822280e-02 1.292938672050800708e-01
-8.572146203120206698e-02 9.123208824754133750e-02 -7.002902921882381282e-01
2.291850962206233577e-01 -5.665133889096689301e-02 -9.863088710787130953e-02
-1.710631326097155347e-01 3.101059067663149427e-01 2.572584047567891274e-01
-2.237580783265398499e-01 -2.543072104460536442e-01 -2.306501009657185020e-01
-1.026252399554099248e-01 -6.591092201327812539e-02 1.093397245739754498e-01
-3.865647166075910079e-01 -2.883510654495963776e-01 -6.866158478900282747e-01
-3.396765064205934936e-01 2.140298743312165353e-01 7.275980854049914903e-01
-1.753011258185370735e-01 -1.362142149417156167e+00 1.008565894969479348e+00
-1.600398972251228236e-01 1.296907971638562529e+00 -9.562253703888639045e-01
2.433663904773740103e-02 -1.660159412729204920e-02 -2.975367676456331378e-01
-7.061601287263720439e-02 -1.076213612498298083e-02 2.127837377282499332e-01
-8.355372693718728094e-02 -1.077519656538290516e-01 -2.947820097239043369e-01
-1.010019698971908048e-01 1.857246243606582026e-01 3.544022540468943494e-01
