-5.153900065313511691e-02 -1.418011066748977367e+00 -3.817712573315194535e-01
1.426024424505036581e-01 5.103165215556448170e-02 1.257624000911489737e-01
-1.019650080481753651e+00 -2.139173426052832366e-02 -1.348431869423524221e-01
2.609484462066815613e-01 -1.751304563786709179e-01 1.576817251845515078e-02
4.573492424116561150e-02 -3.311041715906160032e-01 -2.172225603924427678e-02
2.036203852461482722e+00 -1.933164083163127489e-01 3.540871722123297705e-01
-9.230993489397057439e-02 2.929121179732217112e-02 1.189317877267092316e-01
1.964455846550133555e-01 2.235085422230417007e-01 -3.697485072913880150e-02
3.922517191861215474e-02 -5.435175555790974777e-02 1.478991186343987796e-01
2.392803891775855535e-02 -1.921373915581761974e-02 2.778294460763529317e-02
-3.092466661547683682e-01 9.736908887825380943e-02 1.815196730080825271e-01
-2.104931107228392440e-01 -1.460455502651910459e-02 -2.736509150487347886e-01
2.766315374002281113e-01 6.420307266494760384e-03 3.138577195026672623e-02
-1.792167398527975408e-01 3.326048038332693468e-01 1.218720890360305148e-02
-1.663506344401330106e-01 -2.249840163620411837e-01 1.232079937236193884e-01
3.457741289133990648e-02 1.841083286319337986e-02 8.205544188315967713e-02
-1.625810022426738555e-01 -2.645802907517198488e-01 -6.279822710359610483e-01
-1.910571519201032797e-01 2.726012315652071027e-01 5.158493155153857090e-01
-1.262565151678863851e-01 -6.498456064468608462e-01 5.455680851779349805e-01
-2.687995783027337104e-01 4.875812176273552900e-01 -5.098479407229254967e-01
2.904175627596735643e-01 -4.726956633771772776e-02 -6.025283841263427698e-02
9.773306659333798330e-02 1.002275798843883653e-01 1.253663481765652232e-01
-1.297574899441632512e-01 -9.402514652979039600e-02 -2.221921085434652443e-01
9.879339769643826971e-03 6.829999920187725115e-02 2.303002044260304138e-01
