-1.287261681478352737e-01 1.793857571642796911e+00 3.264812487460440615e-01
-1.349881924629337426e+00 -5.275080834630295479e-02 3.350422020552011881e-01
2.159701752146842291e-01 -5.501874309444051286e-02 -7.698052840534705399e-02
4.073254108402449281e-01 1.834182715780357520e-01 1.389375057312475063e-02
1.983442510426336236e+00 2.973730157521304873e-01 -4.877594544300997703e-01
1.173762054984707759e-01 1.730904794772552269e-01 -6.506139415139190751e-02
-1.767448993846374716e-01 -1.535775743573902230e-01 6.987744074738402866e-02
3.605891070176624191e-02 -1.073822290749026770e-01 -3.941152152469739461e-02
1.080529023323809241e-03 -1.172468218945459939e-01 2.274079516801368051e-01
1.150931103480820478e-01 -1.614165268989816229e-02 4.200260244482716121e-02
-5.162363905769250527e-01 1.933627305731449864e-01 5.909319461542110463e-02
-4.178599660514882574e-02 -2.021456933603447276e-02 -5.952846123844233173e-01
3.750327939684381939e-01 -6.398243496221812932e-02 8.555937488690189274e-02
-9.020254115607380385e-02 3.976054188477732287e-01 1.020428690166461511e-01
-1.916029469044795708e-01 -2.510979654546837692e-01 2.247389657509026722e-02
4.137645668040853403e-02 -1.605264092963342437e-01 4.335687981277375896e-02
-1.851106492545767368e-01 -9.856353856734659247e-02 -9.064248414141008459e-01
-1.241982830223337803e-01 2.483466685502726534e-01 9.428946432870114469e-01
1.198905725074284612e-01 -1.089722081292162859e+00 9.960283576222991320e-01
7.374020883295943907e-02 1.349816421919434406e+00 -9.152398404106524277e-01
2.364974937332227634e-01 -2.338183710976283677e-02 -3.002693345923839741e-01
9.410260908224975240e-02 4.504170896908219618e-02 1.870672918248696970e-01
-9.265729623201839071e-02 -1.098465576255590326e-01 -2.349350413136488125e-01
-1.153846068533395941e-01 1.439804582426838508e-01 2.805680664500465049e-01
