3.447730156583762168e-02 -1.536958432036637401e+00 -3.759927452938336412e-01
2.911382032821969723e-01 1.701311705649926342e-01 3.024026802549148463e-01
-1.177035455356842064e+00 -9.018514320069759282e-02 -3.865538273670925951e-01
2.896149492632511535e-01 -2.313800204545298778e-01 4.118207565632821254e-02
-4.997249726730579322e-02 -2.806393597978267818e-01 2.268959079032092929e-02
2.078807930807028193e+00 -2.541448458603883798e-01 3.363306731911792635e-01
-1.493178521174592377e-01 2.501520704183055749e-02 1.208038595738521459e-01
1.431890768891233567e-01 2.089868495329395004e-01 -9.747041618698838381e-03
7.854669909937801731e-02 2.100207492965473419e-02 3.618870057266940776e-01
1.377297759830184432e-01 -2.952635433223850178e-02 3.141145223483628873e-02
-3.681101334252326329e-01 1.387511038548358000e-01 8.460744933600411466e-02
-2.898709212733465157e-01 -5.873225157764786625e-02 -5.688946097765803511e-01
3.818020695952695220e-01 4.631959130983698963e-02 7.886777966227669079e-02
-2.185467220917298725e-01 3.937369519047809185e-01 2.005235956812659592e-01
-2.068851741931158061e-01 -3.646782124092012300e-01 -1.333446115962806655e-01
5.549339779182643068e-02 8.284744935939404586e-02 1.328738942865379524e-01
-2.676438089645943874e-01 -3.153748527394538148e-01 -7.974379808166346395e-01
-3.220439632975601318e-01 2.763786308935268221e-01 6.173638327092980660e-01
-1.476697617793021888e-01 -1.393182107447691997e+00 9.133052559874519361e-01
-2.784206994439786809e-01 1.236329716961746872e+00 -7.811122355772561754e-01
3.403930115150335250e-02 -6.557432356128949091e-02 -6.051307930631076581e-02
-8.530907675758991893e-02 1.085826206891448154e-01 2.407190998271592497e-01
-1.476984958727048103e-01 -8.117509898893404685e-02 -3.119850439502127593e-01
-3.321651784534663393e-02 7.174696318949973228e-02 2.685053511262424641e-01
