-6.344403972290418858e-02 -1.979833267494688576e+00 -1.534762071272194606e-01
-7.736433688035788681e-01 -1.169621262477063030e-02 2.542353348428598725e-01
2.304507495948323326e-01 1.051972049518124820e-02 1.246275212576579555e-01
1.776401282117173464e-01 1.289184136123704971e-01 -2.258355154306523199e-02
7.848819548073451280e-01 2.302949077722938054e-01 -8.404481629345604554e-02
1.497916589626857309e-01 2.162281810310705266e-01 -3.718787727033152218e-02
-1.309707313956693098e-01 -1.266666174648564125e-01 1.512990812909231417e-02
1.591623507886416045e-01 2.756605271527266532e-01 -6.053955927579458829e-02
-2.570888304741366093e-01 -2.441786295418652553e-01 5.238009350190901692e-02
2.690916903227227180e-02 -1.277014736072888158e-02 1.217006497324927411e-02
-2.991428725837780855e-01 5.903222945484692952e-02 1.958519467902563871e-01
1.338188415460898062e-01 8.973990225650554931e-02 -2.896048775169013934e-01
1.519931673079463197e-01 -1.227515914129918145e-02 -2.456568580477605165e-02
-1.522180686635995206e-01 2.983084125627071814e-01 -4.361742216118962706e-02
-1.714677206026000433e-01 -1.970485447952355917e-01 1.407092307774206741e-01
7.598459833680852593e-02 -5.800789071547776676e-02 2.711619289285756990e-02
-2.435847726158338056e-01 -2.478646745514083705e-01 -5.975177979391342875e-01
-1.686406561469180887e-01 2.644770081096745051e-01 6.030597896645107925e-01
-2.529058974697248052e-01 -9.392472032085554812e-01 7.307212825664564093e-01
-1.771098404082514788e-01 9.090689413335311109e-01 -6.981681428520517541e-01
1.711803724545846173e-01 -1.776780299681977524e-02 -1.594650797368372952e-01
1.035107622614152428e-01 5.116851411746684009e-03 8.056242655999619473e-02
-6.243195135892015690e-02 -1.549458128118850198e-01 -2.960069876423510049e-01
-6.409327838797096444e-02 1.829326875652927120e-01 3.267316800616972827e-01
