-2.134812866575064305e-02 -1.130754606826041675e+00 -1.626828622675656477e-01
2.323290897929873589e-01 -6.025113650659062736e-02 4.414921857130584687e-02
-5.258144698485101021e-01 1.812172782148569750e-01 3.641247016559994581e-02
5.919497046076546004e-02 -1.415316971152947856e-01 -8.212985446888473179e-03
4.769758978261650489e-02 -4.526929550241461930e-01 2.630310540081758422e-02
5.718154815308337247e-01 2.682200251640960431e-01 1.056418142389797810e-01
-1.220912830831978255e-02 -7.436035727641961135e-02 8.371619982323810771e-02
3.209592405179043095e-02 1.216624450116677164e-01 -7.530127089857730806e-03
2.471034457318763700e-01 1.893996700692342910e-02 1.326160946703639210e-01
-6.211811842581038690e-02 -6.041214554182828406e-02 -1.710896753736004111e-02
-2.305821721625669063e-01 1.389222217950395188e-01 6.323752918419313362e-02
-6.683879056004669861e-02 -2.683496349300408881e-02 -1.305399903745322054e-01
2.002616621606747860e-01 -7.198294822891342093e-02 -1.375357581025966891e-02
-1.090024423746030480e-01 1.788683392123043558e-01 -4.697407511853989859e-01
-1.127554657324742332e-01 -2.569928679710204444e-01 4.277996920832443095e-01
2.164232463590255728e-01 1.085062129853211210e-01 1.371615487600658934e-01
1.372891172629626955e-01 -1.870120888627914424e-01 -7.559184888121004420e-01
1.332048783567355010e-01 4.694481214086750065e-02 7.013673909060504919e-01
-2.019248153176597671e-01 -1.466039288288722431e-01 1.590720027365765954e-01
-9.024036663291055971e-02 3.133628246807114714e-01 -1.421165107310181086e-01
1.955625018254863734e-01 -1.198572752751221049e-01 -1.317007965257827318e-01
1.959802088020426991e-01 1.077925945119162926e-01 2.050666979020506209e-01
4.122412437160744014e-02 -8.400374432268611913e-02 -1.565194221309968714e-01
6.382579328130097429e-02 8.643023571646778203e-02 2.434920695981521166e-01
