5.099861981524270865e-02 -1.552869216905065519e+00 -1.223374187543541242e-01
4.429826921580925364e-02 1.037815588007240802e-01 1.417349375588381200e-01
-9.899998698651368834e-02 -5.210183006774517928e-02 -6.100291126925833085e-02
2.558812888716163053e-02 1.328785254004515850e-03 -4.686550875142529021e-03
4.376341458644110449e-02 -1.600769016222663987e-01 -6.324163489879594188e-03
3.110860946618841938e-01 1.298838770071483184e-01 3.731182340136305481e-02
-3.235560705795356012e-02 -6.577254018157346893e-02 5.133400270168706619e-02
-1.218190949515538489e-02 2.181010121046488281e-01 -3.123519255335383341e-02
-9.456631805095219723e-02 -2.130953166741698934e-01 1.300948840528153017e-01
5.803261615153354350e-04 1.091420459585241629e-02 8.593053839040926817e-03
-2.255720022068612440e-01 5.112093634724945712e-02 6.168927984010192517e-02
6.866384258623457748e-02 8.838847003640910860e-02 -1.670086482364591673e-01
1.110117080744931345e-01 -2.969083896700833863e-02 1.236063340141413044e-02
-1.061172795385242895e-01 9.607631664743701561e-02 -1.644498774053569923e-01
-6.711335587042542572e-02 -1.634729058146502240e-02 2.261815624157909876e-01
1.649037146362875017e-01 3.615979905787370524e-02 7.171321950912805387e-02
1.192390628394005524e-02 -2.295189309438779579e-01 -5.938746971380306494e-01
-1.278101892011687321e-02 1.912638522128118357e-01 5.865764331840110923e-01
4.648041945959403148e-02 -6.054954507712240197e-01 1.853119637996211155e-01
-1.660873907003989139e-02 4.938249695860740252e-01 -1.297633243655308133e-01
2.154823655061911813e-01 -7.529177392875999186e-02 -8.211024071440192751e-02
1.744526756539632184e-01 5.616758909798645616e-02 4.496875083148080265e-02
-1.525886551895200283e-01 -1.549233943972180005e-01 -2.463638745601371693e-01
-9.197637920093733321e-02 1.551847585514360695e-01 2.684616175788144266e-01
