-3.771361596673559330e-02 1.753286595194331721e+00 1.638550523193902930e-01
-6.384362889653523165e-01 -6.443286733981627712e-02 1.020141664283027300e-01
-7.422812063720969633e-02 4.362044437829746234e-03 -5.784460252283549209e-02
2.033569964705025934e-01 7.453987294329871005e-02 3.002184214031724738e-02
1.345758993929283998e+00 -1.240389429456585646e-02 -3.245939271037853735e-01
2.064121118164782553e-01 1.561989326702949155e-01 1.262727061346755053e-02
-6.131506224590087956e-02 -9.443165212600644620e-02 7.832714608869986717e-02
-5.345810704758453824e-02 6.825768397293784095e-03 -9.271536493538049331e-03
4.421933997436117841e-02 -1.062607269527784254e-01 9.417895712981357026e-02
-2.792369375617416785e-03 -9.320461741441779871e-03 7.756720144090912747e-03
-3.623907652101702737e-01 1.361957910858899445e-01 5.153656496011328747e-02
-7.416453447617907084e-03 4.410332664848646937e-03 -2.561231636534968548e-01
2.950051259476964005e-01 -4.967971655133727321e-02 -3.529970299251785487e-02
-5.263079236102236741e-02 2.740104891130717424e-01 -2.956861982258071619e-01
-1.077071125269555424e-01 -1.589269475055307412e-01 3.791171504629972100e-01
1.667507622129140721e-01 1.035583572472084657e-02 -1.723488164431195672e-03
7.880181531965398112e-02 -1.161663715903350214e-01 -9.178627984177801791e-01
5.556826617946501734e-02 1.780048639539606736e-01 8.432799047901450296e-01
4.558198705689174568e-02 -1.981179742140851130e-01 3.285829719065072596e-01
-4.692694322128030532e-02 3.636869067906177699e-01 -2.883913860992404210e-01
3.134701528710316931e-01 -4.168373036932471881e-02 -2.720050771725591732e-01
2.609363342901609428e-01 4.541013752743917192e-02 2.053764735520318963e-01
-6.886768515083999120e-02 -1.030169847657831372e-01 -1.534818419090266672e-01
-8.297624303191558637e-02 1.251470014922697882e-01 2.554494397492684810e-01
