7.928783310024885289e-02 -1.585475372970541752e+00 -1.722002635424709285e-02
-9.169843907138349251e-03 9.678571423906059956e-02 1.081691973736195744e-01
-7.200874777976852548e-02 -7.115616892082447797e-02 -6.211903134057188136e-02
-6.600870862644596382e-03 2.793536270806779021e-02 -2.744465468413461416e-03
-4.122152831492751496e-02 -1.549395948161326753e-01 1.874103126418454491e-03
8.160412886202436655e-02 1.087833090986638912e-01 7.536301274701663784e-03
-7.958290404700987808e-03 -5.483291556464550687e-02 3.283375272784211374e-02
2.845683972910935389e-02 2.230955073367119901e-01 -5.520527659564759132e-02
-5.140283346981846385e-02 -2.320103658471258379e-01 1.091537425359501851e-01
-5.346926092976872491e-02 2.973420925577791377e-02 5.457066700458325890e-04
-1.760579207743639962e-01 2.099085708267014669e-02 6.239275097091311756e-02
8.602349044438117875e-02 1.033730874584446596e-01 -9.238728769116641426e-02
-5.739706372219814667e-03 -3.296082852141967584e-02 -1.844233810751954444e-02
-7.655692127143513825e-02 1.781792714307582279e-02 -2.587268371641169296e-01
-1.585727491499712080e-02 8.753295849243203364e-02 2.998891382120652538e-01
1.537264084285812071e-01 4.210148731758841384e-02 6.676600304117566442e-02
1.707493492033423932e-01 -1.755483374789832962e-01 -5.823726961911825928e-01
7.380385751642742909e-02 1.845613956098072495e-01 5.510038940367480986e-01
2.211411145768185926e-01 -4.323032057736278522e-01 -5.535722836200249880e-02
1.166913711669253784e-01 3.699842532648581761e-01 1.043717239829637655e-01
2.403102682003716573e-01 -1.157152287113291655e-01 -1.274076600871677963e-02
2.199731163021083069e-01 1.000491818064870309e-01 -3.036945221628521013e-02
-1.621545038051422916e-01 -1.506102229220931676e-01 -2.126372128948385287e-01
-1.150780097447211547e-01 1.564939104569386952e-01 2.530980508391199590e-01
