-1.442089098223605925e-01 -1.958754374937274001e+00 -1.598619164680164240e-01
-1.135598369431521260e+00 -9.457112732462372162e-02 3.211616695026740520e-01
2.124703051685303823e-01 -1.658136814082544416e-02 5.962367365410142783e-02
2.901062330028928993e-01 1.676612451821070660e-01 -4.010924835168534069e-02
1.621661362807560236e+00 2.886709355083445505e-01 -2.773239862103468178e-01
1.241743806719454307e-01 2.090791486021294499e-01 -4.716536818652494051e-02
-2.441983418607788225e-01 -1.468172443020698548e-01 -1.826914057264978491e-02
1.297095272225390616e-01 1.733589531778963466e-01 -5.364928049664721005e-02
-1.200145560021131513e-01 -2.369994047606325538e-01 1.888159143562648246e-01
1.125738268797039920e-01 -6.855388579209541894e-03 1.763690906292035218e-02
-4.809276288412972500e-01 9.477294076150002966e-02 1.415463412165786639e-01
-1.065689802832838796e-02 8.139965022243939030e-02 -6.103123127678337090e-01
2.173666967112284909e-01 -4.610712972661515363e-02 -7.146864515059156431e-02
-1.726439391434347603e-01 3.202071310023520967e-01 2.016887077345684287e-01
-2.242335360257167454e-01 -2.602680043510121610e-01 -1.464589172539029205e-01
-2.303966705502362433e-02 -6.406157048986896307e-02 9.315382637743400973e-02
-3.591774570163846492e-01 -2.872812859416199460e-01 -6.802284780729701552e-01
-3.034900434271757819e-01 2.611738682736041706e-01 7.099267192920561964e-01
-1.760678017924435790e-01 -1.296588537252385542e+00 9.944114285947064369e-01
-1.561573302860767565e-01 1.282692712919617284e+00 -9.517414271652959723e-01
6.949278539418317358e-02 9.026752710785894418e-03 -2.907186278132300461e-01
-1.639394674427877702e-02 -2.314585655879950257e-02 2.015807019290523083e-01
-7.140568073806777272e-02 -1.213498169084789996e-01 -2.971970249766027194e-01
-9.509802876410335115e-02 1.844813592171208882e-01 3.559380287777108021e-01
