-5.868132626756296377e-02 -1.373608858425958923e+00 -4.236381566783939401e-01
2.187678461481252501e-01 6.892803897338099783e-02 1.604381528621829922e-01
-1.208796359665125220e+00 -3.192255899056238577e-02 -2.282317921258138760e-01
2.974298050052158193e-01 -2.156292527376701129e-01 2.293665175127568984e-02
9.272199721473051506e-03 -3.683872395373420372e-01 -5.434659414980394336e-03
2.140865330302680558e+00 -2.295181983548258697e-01 3.680079250473003438e-01
-1.144087813217072314e-01 4.059859310342192606e-02 1.324446974497889840e-01
2.241383431144891858e-01 1.885163100153896265e-01 -3.618260121281585695e-02
1.482575109755981946e-01 -5.792148356141964445e-03 2.432108784562974635e-01
4.604090864532660310e-02 -2.042741229746324050e-02 3.284024973671185316e-02
-3.516595120225932680e-01 1.217303900965559099e-01 1.421578338083107074e-01
-2.856794293021853171e-01 -3.329012622358257928e-02 -3.918608502051720288e-01
3.053113874507356607e-01 -7.653409900088758641e-03 3.450305127877660583e-02
-1.966259786687122590e-01 3.449732577673031431e-01 8.857942813774105639e-02
-1.838437557077746975e-01 -2.675827542575148765e-01 4.782984412658989465e-02
4.089825077715176366e-02 1.938306211747794355e-02 1.110260211803560659e-01
-1.714884717102077294e-01 -2.955074980117693428e-01 -6.520053402018383126e-01
-2.329091543427378730e-01 2.863559888018077371e-01 5.240744988952342753e-01
-3.959944793606325758e-02 -8.906434406288226135e-01 6.503515799424955945e-01
-2.452919651642271603e-01 6.741322891370152837e-01 -6.130040254806953248e-01
2.610287274477399166e-01 -5.945574339734992220e-02 -5.237790511059186443e-02
1.168289456168613016e-01 1.025685483352959948e-01 1.463608222350687438e-01
-1.313277484757559843e-01 -8.851051989347062665e-02 -2.269728526000174551e-01
-1.547583968294207087e-02 6.723607540180423503e-02 2.327376778218581133e-01
