-1.882909090445093470e-01 6.425566352629846767e-01 -1.065760672978837142e-01
-5.825219198053754183e-02 2.302906780513249568e-02 1.046818863479715735e-02
-3.366445998949041396e-01 -8.415059467029796514e-02 -1.060979277816518074e-01
1.028484434378895279e-01 -2.929806736298546169e-02 9.603434885653315545e-03
1.169692313968413305e-01 -1.426171568151013702e-01 -1.076241152459232880e-01
1.387263312173641738e+00 -1.554886137662189749e-01 1.717658135221750149e-01
2.699868533347814714e-05 -2.784677391824034662e-02 9.499410295100740864e-02
1.358534088025805942e-01 2.125730936296463258e-01 1.851492263443755030e-03
4.743289058340446895e-02 -1.758110966796318508e-01 7.912554042973568569e-02
-2.940064445030594453e-03 -9.533988456828040858e-03 -1.050750049907011718e-03
-2.192703587284905997e-01 7.834948280833571588e-02 1.839994863734048525e-01
-8.674718570758960245e-02 9.265204295806265741e-03 -1.462081668984790972e-01
2.811862872566192606e-01 -8.701769666279281570e-03 8.029096450639593152e-02
-8.600467281643055240e-02 3.285213541068784937e-01 -2.626193253864493871e-01
-1.037048073629717737e-01 -1.944361400532535478e-01 3.639919595502915106e-01
1.363432800399164702e-01 4.986028802316670033e-02 1.931324631560798685e-02
8.442025404380076870e-03 -1.521907182421276816e-01 -8.201415229714150712e-01
4.464642158620202306e-02 2.059288053043081823e-01 8.063197994901247778e-01
-4.112280433966035431e-02 -3.374129094463630962e-01 4.374370046927193445e-01
-1.346853860432543071e-01 4.160189036321928491e-01 -3.525297389827968808e-01
4.205375293330185227e-01 -1.994062642048827910e-02 -9.526223873952954779e-02
1.511268794366414925e-01 9.112104673191089022e-02 1.484795842924492848e-01
-1.432492333761262726e-01 -1.391392365616175852e-01 -2.635247152568288009e-01
-2.687388403399936995e-02 1.309085702922128669e-01 2.698458683473892727e-01
