-1.603333647623232383e-01 5.780735515689262582e-01 -1.773111053444028640e-01
1.049173413846881259e-01 6.755783770099027530e-02 2.157338879744031823e-01
-6.561396922698081724e-01 3.312038750421793937e-02 2.245072060826850888e-02
1.956209302909683034e-01 -1.028764345192584029e-01 -3.060956156562610886e-02
1.915080068514804779e-01 -2.614010134853578804e-01 2.522601292503752479e-02
8.785325025172950886e-01 -4.592434895104974268e-02 2.263427338563080704e-01
7.511092261581749085e-02 -8.573784430013524013e-03 1.211322408364001596e-01
1.320713165774996777e-02 1.811555245625344202e-01 -2.784915872280422505e-02
-1.996840189669697729e-01 -7.232028253533474837e-02 1.824885333657332021e-02
-4.609044521650772913e-02 -2.685572373126465448e-02 2.578375558415036892e-02
-2.854426602759352338e-01 1.625759397707160769e-01 8.686787196874780348e-02
6.334241775355413384e-02 -3.267508302989816787e-02 -1.047040103919196774e-01
2.976458881653862298e-01 1.990095800183283234e-02 1.354311052477062960e-01
-1.005563237330926729e-01 2.641004425710188896e-01 -1.984094270563528106e-01
-6.454377589692338046e-02 -1.380121716036313007e-01 3.281445320365994900e-01
1.618965824250102881e-01 -6.816800812931568532e-02 1.010450622039700819e-01
5.176223486894095116e-02 -3.559865229940246123e-01 -8.380308321743999977e-01
3.054982173633490408e-02 2.740953942255073272e-01 7.711171559893211791e-01
1.352286354220510745e-01 -8.318260847649601164e-01 3.958028929105668614e-01
-1.149104222219341290e-02 3.954578764786093603e-01 -3.489181515425024971e-01
3.965258067167986566e-01 -8.297050544413013540e-02 -1.327030316995454207e-01
1.852387350558299395e-01 6.859562449523794181e-02 1.690161358922480928e-01
-2.060573810636092407e-01 -1.004993782014008408e-01 -2.529968797698082805e-01
6.998895118945279393e-04 1.071013994412300663e-01 2.460189935284461116e-01
