-2.042345258860757962e-01 -3.538883472641957129e-01 2.773456386025031570e-02
-1.075460954927484503e+00 7.172987639128020065e-03 4.064471920547783057e-01
2.322611534047273052e-01 -1.302261933450630238e-01 -8.520388589908312049e-02
2.531452328766421456e-01 1.737353694988324482e-01 -2.765827730967386142e-02
1.540641714538202756e+00 2.656028960685730689e-01 -3.084033348162873445e-01
1.109554272304685285e-01 3.661426938135611819e-02 -5.867025946194545649e-02
-2.179739487638991946e-01 -1.395378839679420335e-01 1.082011415053289911e-02
2.606199672543067503e-01 8.432643627903246841e-02 -1.245683877146129132e-01
-9.929243513952885902e-02 -2.518869197319541509e-01 1.890451879808006386e-01
1.394029258446213282e-01 -1.190842440519130919e-04 3.848371654781874290e-02
-4.817045338326047532e-01 1.204227711178178506e-01 1.461705679378114964e-01
-1.924870473860275030e-02 -2.301545269301015148e-02 -5.848899793553207216e-01
3.547019168869797734e-01 1.135800976871292056e-01 4.193946815870884526e-02
-1.362265358770606283e-01 2.972382922257740812e-01 1.244685952820822200e-01
-2.080157275377786108e-01 -2.356169395887350304e-01 -9.043078573314097812e-02
5.766687527229229920e-02 6.328349304954322685e-02 1.059335640742098128e-01
-3.005640873344117558e-01 -1.603380251395248868e-01 -6.661887160023005627e-01
-2.914907443003268428e-01 2.213079870747171052e-01 7.152653547263512213e-01
-1.848975180339641755e-02 -9.678946246119525254e-01 8.972987758511019596e-01
-8.866536539607873524e-02 1.550969633602454545e+00 -8.789596336904529350e-01
1.621095747473807192e-01 -2.149365308561691779e-02 -2.194709080963914705e-01
1.419506687066020637e-02 7.791736725469790292e-02 1.516389291799215000e-01
-5.737694250106295524e-02 -1.145487709140378535e-01 -2.837051860665767422e-01
-1.097574454802548310e-01 1.465902063278178291e-01 3.568976873558589169e-01
