-6.885795203428903000e-02 1.278247522429732497e+00 1.886133366162773620e-02
-2.266517413867201458e-01 -1.581414292558803170e-01 1.887989690776836482e-01
-1.473695469898825550e-01 1.195945466429059051e-01 -9.104811721405087210e-02
9.275070224333935298e-02 4.046013920022885346e-02 1.210438486708890343e-02
6.964422955522818759e-01 -5.267356865910638453e-01 -6.471266217977235391e-02
2.686357374324345182e-01 3.538176722286653919e-01 -1.598362680564681046e-02
1.530336300685701013e-02 -6.094348031463252963e-02 8.315949879696829528e-02
1.866596009704325487e-01 -7.199997642309541312e-02 -1.180406674263184130e-01
-1.409957521954481319e-01 -2.077576527691424313e-02 8.923890032026880748e-02
-9.167284831804353717e-02 1.073593588735341844e-02 1.006270590321819113e-02
-3.989859158862004151e-01 1.628409376281642618e-01 9.904107312827289955e-02
1.739268433200072753e-02 -1.754574040482918817e-02 -2.579459684575932110e-01
2.395721615141212235e-01 -9.172398276798830741e-02 -3.430523485849028276e-02
-7.653527835806561708e-02 2.104611812951406313e-01 -5.232804054798350091e-01
-9.488769120028675563e-02 -8.697546063360644952e-02 5.486205930988476975e-01
2.797632041041994699e-01 5.064869696657334219e-02 1.142374821816508346e-01
2.114292541040783124e-01 -1.382889406161228463e-01 -8.648699688366398020e-01
6.223892373932495004e-02 2.308996686224764061e-01 7.255488473421133344e-01
1.602978601797219044e-02 -1.690853189099532083e-01 1.260411542816797792e-01
-2.716318813809368571e-01 3.500711080954360122e-01 -1.922197896277978990e-01
1.661483153872253260e-01 -1.777006998359505763e-01 -1.090767040538044436e-01
1.521657283736367605e-01 1.759902166224107389e-01 1.038345672384771434e-01
6.539876209197652279e-02 -1.127319470270625873e-01 -2.323506893618399460e-01
2.546980380326282351e-02 1.054297297326684674e-01 2.839582134721769235e-01
