-1.841360301519901488e-01 -6.493785986613674899e-01 -2.521530478866262567e-02
-7.545765908708019776e-01 1.089949494370206703e-02 2.306814175538610401e-01
8.793585578736436148e-02 -5.735646839553652093e-02 -4.403727722486987239e-02
2.161231630728250031e-01 1.223676816109364879e-01 3.063033715986727100e-03
1.449706213632673935e+00 1.089726028617463705e-01 -3.284222752776803644e-01
1.126285818558662721e-01 1.354830995049094711e-01 -1.102458763653506139e-02
-7.637739652462895157e-02 -8.983907850023153951e-02 3.286030064945738571e-02
3.836058440488696042e-02 8.492126055884616220e-02 -1.011067957796672606e-01
5.953056183796997559e-03 -1.840861218784441422e-01 5.612855854266140393e-02
1.873879903876618860e-02 -9.330878395359413959e-04 7.826105375084543153e-03
-4.152064365673761026e-01 5.262874255999456380e-02 1.480941494262301150e-01
-2.603549762722340288e-02 6.852106935193306991e-02 -2.495871422867754208e-01
2.225091285784867312e-01 1.287742547064671117e-01 7.864857444842564965e-03
-1.027123008046735564e-01 2.582757273187590297e-01 -2.150525679545559898e-01
-7.326550781585854100e-02 -1.378587269169650464e-01 3.032069646560162091e-01
1.014164436227304317e-01 3.984116676437550464e-02 7.376410544734950635e-03
-1.080068414950836747e-01 -2.276636734350073743e-01 -6.719425081166821023e-01
5.626492526736728145e-02 1.269701042017200854e-01 8.340492679329909453e-01
-1.886890633681575780e-01 -4.507986306124038833e-01 4.170664199028365493e-01
8.321862265534349032e-03 3.559691420389151650e-01 -1.894518965447581915e-01
2.523042734236413676e-01 -7.691218025491596000e-02 -6.599650507531956700e-02
1.279128701743290075e-01 3.825963027854534237e-02 1.490591937718815096e-01
-4.784578545224964230e-02 -1.109049432467719143e-01 -2.064732684067945578e-01
-3.351678171296598036e-02 1.816483161036059335e-01 2.396686516570661896e-01
