-2.725503333233597614e-03 -1.585355541829407633e+00 -1.898413294870690826e-01
-1.921438970731935147e-01 -4.041576360914735794e-02 3.570342227821485248e-02
-1.389467533320490611e-01 -1.333344958907872627e-04 9.678133669874938727e-02
7.631576037706924720e-02 7.345346312667939276e-03 -4.484449557277725429e-02
1.812220029908543362e-01 -1.279630670413661464e-01 -6.692275488387297577e-02
1.188065067839596090e+00 1.891220919490746097e-02 1.817053282848174744e-01
-5.670610572253650949e-02 -4.336030815723992959e-02 8.849572862556027986e-02
1.402653081566751503e-01 2.948253140034330921e-01 -7.669575760858156517e-03
6.739956176527830967e-02 -1.807078486689649155e-01 2.880433512262125725e-02
-2.323474536303527654e-02 -2.180357398655365792e-02 4.356018032171609202e-05
-2.085407197836467719e-01 8.402589246999003086e-03 2.529953089058520344e-01
-6.167508279240949826e-02 7.504864638788237563e-02 -6.984097815877035598e-02
5.387403183620351199e-02 -1.991439641739907451e-02 5.235471082286661387e-02
-8.090080302388137634e-02 3.995322560469119488e-01 -2.917766233554281996e-01
-1.173219774942659138e-01 -2.114456242064750024e-01 4.477566863243315209e-01
1.154295954219993620e-01 -5.661560199474230046e-04 8.620675352052461354e-03
-3.304321160669215773e-02 -8.165686313383843653e-02 -7.061448733376435305e-01
4.463165419966073910e-02 2.142179317047311626e-01 7.196924348655451276e-01
-3.470585528741910175e-01 -1.264284186556841882e-01 2.858689953947757267e-01
-3.131690623025502607e-01 1.961332575168310277e-01 -2.337104352733170021e-01
2.035483238541355433e-01 -3.210341207055314450e-02 -5.784866649537724614e-02
-2.271116459815442773e-02 7.573292089585412223e-02 4.614089235302745035e-02
-2.375185424028045111e-02 -1.020731911150028620e-01 -2.130111331823294207e-01
1.051633138468830303e-01 8.996092880003488113e-02 2.267890586237961692e-01
