-5.297533089533100481e-02 2.885295086479920945e-01 -8.063532428851009903e-02
-3.869275714270486999e-01 2.269148780087902259e-02 4.366824672875834618e-02
5.631698197841895903e-02 -1.436424534881919346e-01 -6.238351170416930880e-02
2.311527944015975833e-02 9.002508603177823698e-02 -3.565176427590924235e-02
2.699818657389769783e-01 1.198901205227068945e-01 -1.089169798635062775e-01
7.666245619299348890e-01 -1.534934335734825517e-01 3.702426912258240804e-02
-3.487343729401909398e-02 -5.975580622198642389e-02 7.529611280433039233e-02
1.588757355753794287e-01 3.013257162420258650e-01 -2.328358580455403351e-03
2.432451627710428832e-01 -2.962088649284204123e-01 6.705018624133712857e-02
-1.360862141051449176e-02 7.711537634883848698e-03 -1.321167616400686223e-02
-1.543345321459811403e-01 -6.513750735541649732e-03 2.186271124577455760e-01
-3.711159937078930410e-02 7.400678080824454885e-02 -9.889537216943369846e-02
1.253437728869177814e-01 -6.384081100131564282e-03 8.200575256351570752e-02
-3.026699466792977938e-02 3.691263436322390068e-01 -4.213072071104059235e-01
-7.928977929346327225e-02 -1.934711739811537934e-01 5.307617080277120536e-01
2.368109864186615232e-01 8.040348601112248805e-02 -4.991141468666422665e-03
1.196046940108606155e-01 -9.766358155493690130e-02 -8.932644826979692088e-01
1.088536553639823240e-01 2.336147170546653551e-01 8.695345889279273432e-01
-1.055130365867989750e-01 -2.060009353236890058e-03 1.402322537766094446e-01
-2.252787680620013666e-01 1.402339313613168714e-01 -9.630289134950295593e-02
2.705185750321647542e-01 3.541987212420363157e-02 -1.878699695108781986e-01
1.135787701608718669e-01 -9.070636001539558388e-03 1.608810575074188509e-01
-6.605248349037519395e-02 -1.446710744787697567e-01 -2.496793177711639500e-01
-3.160227663843874490e-02 1.665413292297895920e-01 2.746151516009606164e-01
