-2.048000010710733787e-01 2.516198347732240270e-01 -2.964766162506659586e-01
1.872461660838723174e-01 1.961133192160051941e-01 3.052247440424649683e-01
-1.145259738862084653e+00 -6.557904376810949620e-02 -2.393640995767583046e-01
2.849658390219454440e-01 -2.029467533896090470e-01 2.548147284162714105e-02
-2.293106167580520952e-02 -1.333675772843121721e-01 2.064489968101605732e-02
2.077319344218209185e+00 -2.292925991681913356e-01 3.942873806949523385e-01
2.978654536273313367e-03 3.573876971027716704e-02 1.487944255898916990e-01
1.667125562064584732e-01 2.219663275198572316e-01 -1.847472047325771083e-02
-5.083188600556878128e-02 8.213085676322681716e-02 2.257729112681211570e-01
1.409677688341873236e-02 -2.367578115379951470e-02 3.070147219579135237e-02
-3.757468262796999636e-01 1.570682504791504619e-01 1.097320095129968032e-01
-1.824107433134245504e-01 -4.446119256508044432e-02 -3.535178839461053935e-01
3.264172274080002767e-01 -2.534616771325201579e-06 1.935093004716396392e-01
-1.714653082814323604e-01 3.355507359399420020e-01 4.339074645859671009e-02
-1.069185106254704337e-01 -2.370715965228515354e-01 9.899935273612671394e-02
1.234218834197722131e-01 -7.918751869873305593e-02 9.383752999821663721e-02
-1.105685102006224579e-01 -4.133582023743845868e-01 -8.504934184013398513e-01
-1.535040319083541827e-01 3.367197779914320455e-01 6.792315169319423918e-01
2.109272000884445386e-01 -1.499160923569614168e+00 8.234100390768884781e-01
1.526456712506393462e-02 7.902030682695208030e-01 -6.996617958700080964e-01
4.369424614251152250e-01 -4.925111998048400247e-02 -9.018771801033752256e-02
2.942642385699208996e-01 4.779149503993056908e-02 2.274062941275309946e-01
-2.889324465920619089e-01 -1.433599300408017196e-01 -3.302032226545781324e-01
-9.673398834341043195e-02 1.374446039673740683e-01 2.596251438025795610e-01
