-1.714856243900610977e-01 -1.943249600443327729e+00 -1.682895627749647072e-01
-1.212386253937856040e+00 -1.097606529682558923e-01 3.183322708279132662e-01
2.216742516240952365e-01 -3.015938395718005538e-02 3.905571641537956135e-02
3.179119890312769869e-01 1.780791507815329411e-01 -4.131497474664310582e-02
1.831352027945989169e+00 2.802181170074698469e-01 -3.442402816913198160e-01
1.104589435518344570e-01 2.059475744371760397e-01 -5.097273578402649469e-02
-2.577720423776613812e-01 -1.515045843292676664e-01 -2.623641655343578877e-02
8.997598368941717162e-02 1.303151005469648793e-01 -5.472947028270701286e-02
-8.151573097974160187e-02 -2.409346746873038958e-01 2.154220605187443516e-01
1.355010438042165422e-01 -4.245900131565493243e-03 1.840227862663032510e-02
-5.173301861085499720e-01 9.789333312358913797e-02 1.319229348693940207e-01
-4.571044452185760859e-02 8.538653631176493231e-02 -6.679514157597822299e-01
2.263923966472155269e-01 -5.863832492810676367e-02 -8.190907028693546199e-02
-1.696364949379617071e-01 3.151644847852045350e-01 2.377086828769898741e-01
-2.289890945004645073e-01 -2.641399009342993431e-01 -2.006808620236146812e-01
-6.200510911596131269e-02 -6.689801712649996734e-02 1.088498292738763612e-01
-3.747697711665043951e-01 -2.864970623421396190e-01 -6.862554613446484320e-01
-3.292612263650191440e-01 2.346279543784032806e-01 7.258418720875806640e-01
-1.679948676035475930e-01 -1.372564531882055849e+00 1.022138618682413069e+00
-1.692120077278191914e-01 1.348369736426374033e+00 -9.756423076809646044e-01
3.358471910704217966e-02 -6.324082052733819015e-03 -2.913599678951279137e-01
-7.309838042943557490e-02 -1.353226289349789176e-02 2.060510017629179069e-01
-8.021804533163430506e-02 -1.133326642308264132e-01 -3.005012242231054898e-01
-9.642528580662058924e-02 1.830749987540171431e-01 3.580831874457058306e-01
