7.577443669528796666e-02 -1.654681558469011993e+00 -6.682408785608311141e-02
2.199173013712496239e-01 1.257843875898752295e-01 1.473387675446239387e-01
-6.128277861163832219e-01 1.606757380324166581e-02 -1.510760667544574221e-01
6.900402056809802620e-02 -1.361731850464855953e-01 1.447747077236775579e-02
-5.240914115321425315e-02 -1.502378668267268236e-01 4.248640620564438086e-02
5.722080850106722183e-01 -9.369458897930366126e-03 8.336883387880229812e-02
-1.058651754439800113e-01 -2.730828428711956288e-02 1.038400906275322999e-01
-9.462325397914551905e-02 2.535826020937189118e-01 3.492944100057759904e-02
2.599881769413038834e-01 -9.081660930088504557e-02 1.548270037073447014e-01
-2.098643428738686603e-02 -4.057343350223111683e-02 -1.356903461483335502e-02
-1.453634609631055397e-01 7.310392776275076443e-02 3.562428234069039967e-02
-3.616343699766285530e-02 1.380263169942256424e-02 -1.389577085157435166e-01
4.695758430944314832e-02 -2.720623481162088089e-02 4.821740476988719409e-02
-9.951116362480343092e-02 3.669855498439295594e-01 -4.528816237391612987e-01
-9.588883225261252141e-02 -3.134191164305444866e-01 4.990877863730391328e-01
2.214741746204240136e-01 7.958471556222991572e-02 3.480144876001318305e-02
1.233224923859729122e-01 -1.377211025704157821e-01 -9.694017450538092717e-01
8.476931396434286836e-02 1.271321252793734813e-01 7.921548608933737246e-01
-3.833607740547116394e-01 -1.950794964139868359e-01 1.624242244069139807e-01
-2.281814717318635943e-01 1.851061537656734368e-01 -8.649564426525592487e-02
2.820975048940193089e-02 -2.943400380383261183e-02 -1.862593931804777947e-01
1.611726715279246658e-01 -1.146474058162927877e-02 2.248482164919496096e-01
3.537553035822311835e-03 -8.970772403660629002e-02 -1.693633838702426619e-01
1.141534637126346945e-02 1.137760928788866532e-01 2.120598922287566523e-01
