-1.375890845405505769e-01 1.764324851580990394e+00 3.317366440160350871e-01
-1.380469812256109874e+00 -7.692030256109184949e-02 3.660445857981772799e-01
2.347354387340572224e-01 -5.543735466998413186e-02 -8.505324444460496403e-02
4.135538145146323008e-01 1.939106531425107693e-01 3.765794044024877319e-03
1.953362748465112819e+00 2.482711768668339480e-01 -4.662474313993597574e-01
1.225789708550066998e-01 1.965542400074578311e-01 -6.903646778038255438e-02
-1.938071338089649431e-01 -1.582988619867657099e-01 6.276428702807215765e-02
9.353474390090735224e-02 -1.052030606255854178e-01 -6.331735095647396394e-02
4.078098462904887651e-03 -1.249935542276602723e-01 2.501918118902148880e-01
1.276034963455964510e-01 -1.165177940760492303e-02 4.603698620239572020e-02
-5.264923298612835811e-01 1.831540617365110535e-01 8.050904007417514219e-02
-5.540920217758336930e-02 -1.736563879698237861e-02 -6.473871492932246063e-01
3.967208176385143004e-01 -8.063163519717436722e-02 7.365019184379964501e-02
-1.039928201915187450e-01 3.957774824171113592e-01 1.476167245453314514e-01
-2.142324622209333396e-01 -2.606659826223641230e-01 -4.245430716184965536e-02
5.147924259549108150e-02 -1.465249617114752212e-01 7.595098996610510911e-02
-2.198257810991075811e-01 -1.227400993352808362e-01 -8.553319838639052985e-01
-1.981866691671811398e-01 2.727466102880145571e-01 8.654983666791304930e-01
1.111320162423497931e-01 -1.118418928975777549e+00 9.913745088733868505e-01
-9.668862940958066962e-03 1.390449883081891214e+00 -9.378205700764944419e-01
1.808957364765283737e-01 -2.680479875323557235e-02 -3.173732473527233755e-01
3.861417786151620513e-02 4.351548342701712369e-02 2.045081414606353121e-01
-6.741303191682315732e-02 -1.060486058505908241e-01 -2.449771345323820682e-01
-1.082790830412940081e-01 1.410377669311525806e-01 2.872662276902260836e-01
