-8.143679168757432529e-02 1.201882429981492084e+00 -2.032761755731370135e-02
-1.415496486910047813e-01 -1.236522250861105954e-01 2.099945657148969691e-01
-1.836988279730249196e-01 1.325909188038145170e-01 -8.382231901592533674e-02
9.156946763250785326e-02 1.085845852733944780e-02 -6.389238945305704583e-03
5.869886110213675678e-01 -5.065821173332057947e-01 -4.440089908353996723e-02
2.553927196334006555e-01 3.596932087396321198e-01 -8.256757735904054693e-03
2.790734495592795544e-02 -6.989913060426471147e-02 9.803575042112878946e-02
1.104870365481035593e-01 -5.607255302183870166e-02 -8.318017772146514555e-02
-1.068197058189912507e-01 1.426529207150025423e-02 1.107739751888640184e-01
-8.927581217012586778e-02 -7.683934007458532826e-03 1.008985608966283566e-02
-3.666696281518140310e-01 1.809282157628034071e-01 6.697014823326555288e-02
1.418283498453012416e-02 -3.712449375219702835e-02 -2.507007582932482825e-01
2.437876137845892965e-01 -8.402599163760583745e-02 9.432880458681951186e-03
-8.112629246159328011e-02 2.208219816729743989e-01 -5.162236629391707687e-01
-1.003537255486458835e-01 -1.276267187987437102e-01 5.515387895304872945e-01
2.748620965129857652e-01 2.687703520703971574e-02 1.294729376971439638e-01
2.066345717407734039e-01 -1.861844914087315839e-01 -9.054626204337569151e-01
9.197275587256149854e-02 2.289009336078748624e-01 8.110506074599945769e-01
5.498302852316615773e-03 -2.157089589196879709e-01 1.681150180999282928e-01
-2.494386807753604385e-01 3.464861583147782476e-01 -2.159693476993646832e-01
1.882987433749988282e-01 -1.640503250179324579e-01 -1.011478790757058821e-01
1.298720035500413317e-01 1.553915098415652174e-01 1.157539395796238352e-01
5.044669061062306836e-02 -1.008009512416350867e-01 -2.231676438786044936e-01
4.432807155460909837e-02 1.002277282583885765e-01 2.709974526424368535e-01
