-9.083698724302932681e-02 -1.979703211850281530e+00 -1.578346510152602578e-01
-8.983348542535484205e-01 -3.549137513257941134e-02 2.882262201393567258e-01
2.254148452180445850e-01 4.040580308358431884e-03 1.057225446194305502e-01
2.136110127461184893e-01 1.417216203236983940e-01 -3.094114833125418546e-02
1.085204544319116726e+00 2.824823562763723594e-01 -1.427487623590170951e-01
1.412942335464993648e-01 2.156151289409450889e-01 -4.072421259499223178e-02
-1.729323150939874876e-01 -1.333823524278723860e-01 4.578384928855763585e-03
1.449695121472361625e-01 2.675291302835383078e-01 -4.656174479991084802e-02
-2.136378064584970593e-01 -2.405657108256675780e-01 1.020632319726140352e-01
5.848619409778806760e-02 -1.135803034009711353e-02 1.315287424687666164e-02
-3.613998200451125076e-01 6.975657284334887964e-02 1.726484369560094545e-01
8.433642895329877820e-02 8.631580332965391178e-02 -4.069279338978507576e-01
1.773087254149144920e-01 -2.126049285216936521e-02 -3.443369384301719904e-02
-1.615509587406973036e-01 3.165610016348361921e-01 6.216416234042589084e-02
-1.922408350184291181e-01 -2.282019613705379979e-01 2.637566073260769195e-02
4.991454795747644890e-02 -6.158785405251774453e-02 4.629386638927752290e-02
-2.959310328620467501e-01 -2.730681751262468704e-01 -6.421073383034261450e-01
-2.217285328379852150e-01 2.825978926984173967e-01 6.510906400722621390e-01
-2.247756512577237797e-01 -1.074391875936323792e+00 8.449943147081242500e-01
-1.604974906635643073e-01 1.040760077080350898e+00 -8.044204183019167953e-01
1.371408348729015181e-01 1.078830027417921299e-02 -2.185465931424775687e-01
7.005005491197713319e-02 -2.206024622192047716e-02 1.319335054191378975e-01
-6.487883696844910786e-02 -1.405597039446400132e-01 -2.915640187467994360e-01
-7.583294140276557183e-02 1.832448697402642712e-01 3.369801011528235635e-01
