7.578931776242732454e-02 -1.581696250006129567e+00 -3.794681200263803206e-02
-1.142684868973464427e-02 9.329587832552517501e-02 1.122313308997373721e-01
-7.343372943472402381e-02 -6.656052358665420776e-02 -6.402692186426479914e-02
5.574049254358391312e-04 2.492249875027289716e-02 -6.567908597270298229e-03
-5.265480243362798130e-03 -1.573814529056288269e-01 -3.209229564300923338e-03
1.220240450282883832e-01 1.175682177414024143e-01 1.026275526568500365e-02
-1.538718199205293957e-02 -5.930773356535629093e-02 3.817530688148603607e-02
1.594512389275033401e-02 2.248460805364439485e-01 -4.684996114377292659e-02
-5.912339786823643528e-02 -2.298903552685352403e-01 1.140021647992206927e-01
-4.674497502620032080e-02 2.548653372384326876e-02 1.817398379650634298e-03
-1.852296735563242480e-01 2.371153101455194742e-02 6.138185594243353999e-02
7.895345412529664042e-02 1.025613999048035491e-01 -1.100274930635210952e-01
6.921166076594975451e-03 -3.951753094083213652e-02 -1.377173028312852349e-02
-7.721186179258619775e-02 3.345068931749076852e-02 -2.514010534327870139e-01
-2.519332105899480673e-02 6.735696370853259951e-02 3.015139668762307212e-01
1.687662895131805119e-01 4.240124338906828966e-02 7.151926251841449200e-02
1.427044728531356999e-01 -1.858049013878584899e-01 -5.948003196850726315e-01
5.598426783054898104e-02 1.942674433332511608e-01 5.698743729928995583e-01
1.822115683824949706e-01 -4.159013422471066201e-01 -2.779814250467522313e-02
8.067138939690916832e-02 3.608135110076780006e-01 7.157584913086617595e-02
2.337177287661834912e-01 -9.909207613686327187e-02 -2.683881395713002757e-02
2.224028178630499397e-01 8.475601415069107525e-02 -2.479720327574891706e-02
-1.564211036928326026e-01 -1.506190864212031966e-01 -2.144559960442612434e-01
-1.082717574933369092e-01 1.564841107190623193e-01 2.556733729501467489e-01
