3.576575990525202031e-02 -1.556145549850930676e+00 -3.508050106390414036e-01
2.523182439699473978e-01 1.466563318987050279e-01 2.680268495139846996e-01
-1.048259418744298621e+00 -7.639671340647893882e-02 -3.164243098449135982e-01
2.665275889070902737e-01 -2.019964721689056220e-01 3.133823866366446109e-02
-2.501036809094201591e-02 -2.564037790722461518e-01 2.721868570580466759e-02
1.972165678394002697e+00 -2.405318849208145648e-01 3.132530222365406125e-01
-1.259081111925845764e-01 2.141783951641428388e-02 1.121250342228373165e-01
1.202927265502524434e-01 2.324352891534732790e-01 -8.416072092285831890e-03
6.300393681527537149e-02 -1.242677487755192503e-02 3.139154806061475456e-01
1.178195070285767837e-01 -2.416244227135983316e-02 2.742119098805839358e-02
-3.411115675958465432e-01 1.254058898645872833e-01 1.172248620996133583e-01
-2.589550262729106711e-01 -4.457002379278502541e-02 -4.993297640775025692e-01
3.594833482337908004e-01 5.679004148197901863e-02 7.030744729758786615e-02
-2.170589031117544088e-01 3.737627031563018343e-01 1.714480213274651721e-01
-2.000598077910455130e-01 -3.154412749838890195e-01 -9.538155464720854404e-02
3.561761603005716287e-02 6.650148412448005086e-02 1.150068788190278107e-01
-2.608460411663396927e-01 -3.122369608528426377e-01 -7.471443004728154369e-01
-2.929318105444352338e-01 2.877773343156187491e-01 5.890252322974657284e-01
-1.768624666875643348e-01 -1.350360414062639514e+00 8.816668821993637328e-01
-2.662386563351890612e-01 1.219029870090793111e+00 -7.485648620828078137e-01
4.512930588388003317e-02 -9.101004817737286257e-02 -3.188716265327020544e-02
-9.350030946715606750e-02 1.355734476226182761e-01 1.901019369814969939e-01
-1.384360397408719578e-01 -8.095791417337158680e-02 -3.107766898070200567e-01
-9.010785120823332564e-03 6.897165810282339382e-02 2.669099624521871772e-01
