-7.729284794208196585e-02 -1.925637027917014965e+00 -1.249235394876052063e-01
-2.649013810142350489e-01 1.795377216589457564e-02 2.384090212204137416e-01
-6.860486051002337438e-02 4.231748556087733606e-03 4.542676220125658332e-02
1.079970320044969789e-01 3.865803602412188483e-02 -2.475295648533044554e-02
1.232437567044841531e+00 -3.604152667869055943e-02 -1.363358479543762547e-01
2.565924455015747840e-01 1.329602422672596373e-01 4.201194972223108032e-02
-7.500961173761538925e-02 -4.326333767267936253e-02 3.595223018626920314e-02
5.268247644110479050e-02 2.492991207143421817e-01 -7.972931000958830006e-02
-9.115652158190627741e-02 -2.104165075428219844e-01 6.856999575286773854e-03
1.843402142579573383e-02 -7.873246877613501379e-03 -2.834004013483396034e-03
-4.340199241204868441e-01 3.685797563698833823e-02 1.481322185616293641e-01
-2.272407320309139181e-02 7.441420954824329304e-02 -2.109554555539079335e-01
1.496927786410182926e-01 3.998139537960386514e-02 -3.792455367886323619e-02
-1.200931018605472383e-01 3.139705709041073489e-01 -1.223430143686035226e-01
-1.037775062522529879e-01 -1.310221060169356744e-01 2.515050141850364573e-01
4.829526924139146415e-02 -4.501589511606489402e-02 -4.477456860124927329e-04
-2.018565141862614376e-01 -2.250195559435959336e-01 -6.381755574090052230e-01
-7.188046579144045933e-02 2.299704743669616636e-01 6.964953951301583457e-01
-4.126288691557085664e-01 -3.866734026189416751e-01 3.634989460705621012e-01
-1.664852876369898038e-01 2.561270821408125897e-01 -2.644701892504163765e-01
1.201517041670460001e-01 -3.657921533702870875e-02 -1.369166025532840281e-01
9.439366760756193186e-02 7.178795477750573445e-03 1.390267690379754228e-01
-1.663287535086672639e-02 -7.039534294496670175e-02 -1.879061691475504559e-01
4.249283179648399161e-02 1.115756755314118304e-01 2.389556004514608589e-01
