8.280507130004194360e-02 -1.730630593254931515e+00 -3.341876098177929549e-02
2.209196743377927763e-01 1.350184855066160483e-01 1.500271943816227915e-01
-5.217552054898971781e-01 2.751123637108290887e-02 -7.825187393160312754e-02
4.389758662260048738e-02 -1.247839225795506213e-01 2.101289885715609818e-02
2.218201086634767269e-02 -1.142592772400362472e-01 5.706525201813179154e-02
4.834493687402586226e-01 -7.447745566843322687e-03 7.158516331797047660e-02
-1.225410315520015919e-01 -1.428171918460155454e-02 9.706476155411927764e-02
-8.896943955146172089e-02 2.781927435025904338e-01 2.521506274763320177e-02
7.799787859432241732e-02 -1.383247745450688626e-01 8.254042467564676189e-02
-9.507481661100741777e-03 -4.346190219422844947e-02 -1.575097950979122835e-02
-1.776369665713053714e-01 6.304857067035225804e-02 4.183892497910176450e-02
4.123494057436878635e-02 3.322923089643092104e-02 -9.864673615993116429e-02
5.770360529501940110e-03 1.244311492217194288e-02 4.572871454598274876e-02
-9.292989786471110569e-02 4.740712356310991527e-01 -4.312967368055606876e-01
-8.391138831904039475e-02 -3.571744800598141700e-01 5.286821570538717818e-01
1.945444201339085744e-01 5.026501029685817579e-02 -1.957703454987083994e-02
9.867659149203304725e-02 -8.228083193305411880e-02 -1.050266239924613654e+00
1.100427792747709355e-01 1.232854447063767012e-01 8.959434704120747828e-01
-4.507044813805560213e-01 -1.753827825182976974e-01 2.188521255379854979e-01
-2.495470779496980207e-01 1.231977246205214205e-01 -1.118879364747733529e-01
2.859126323740833822e-02 -2.588527477715290431e-02 -1.462177321369828586e-01
1.137330668811889628e-01 -2.834435331274663249e-03 1.678802028965303561e-01
6.255999027819652766e-03 -8.085863271024848475e-02 -1.645900047865922478e-01
4.740396080738729090e-02 1.058083080399597337e-01 2.048249250132783139e-01
