6.507486185792944744e-02 -1.853885227297997762e+00 -5.187031903023089918e-02
-5.222801596631698740e-01 9.000485576691471395e-03 1.216052686357445706e-01
2.723424011660222632e-01 1.960534972824793699e-03 1.367666762567435468e-01
5.234018475834063128e-02 1.144348400025348295e-01 -5.832519407093275090e-04
1.792974867229893132e-01 6.404061917902563461e-02 -4.421331246100654311e-02
1.914356607298244861e-01 1.770054925645083710e-01 -8.464461555082963481e-03
-1.076246844181471263e-01 -9.449216961969404693e-02 2.709588225452589164e-02
2.189295720548353474e-01 2.509084723397052574e-01 -1.126568351373442300e-01
-2.670154142604810321e-01 -2.899266837060083257e-01 -7.442507312594519309e-02
-4.599940336989625372e-02 -6.886219553500196044e-03 -8.818945291216894258e-03
-1.948554963705152743e-01 -1.145783003146471149e-02 2.666401704829090002e-01
2.048827279251980160e-01 1.348326505284270782e-01 -3.365022485245373202e-02
-8.739070628623819836e-02 -2.686287590554142096e-02 2.763553326065226051e-02
-8.406454818217397318e-02 3.541008857339129623e-01 -4.868669706962957533e-01
-9.114737090613417303e-02 -1.702458507494328255e-01 5.828030194238914552e-01
2.010038079135847700e-01 -1.111727396372561884e-02 -1.796339182581782601e-02
7.277638865970821602e-02 -1.193831948268298665e-01 -8.374548939498406286e-01
1.483103634927984138e-01 1.753573976455087557e-01 8.151961810777975659e-01
-4.144368258333849253e-01 -2.198437990404293000e-03 8.377240008347380806e-02
-3.237431322976001002e-01 7.911587245163698157e-02 -6.142306849975307653e-02
9.581638899523105268e-02 -4.725417692563568806e-02 -1.268871291804459789e-01
-1.472754692521746102e-02 3.419957097661979056e-02 5.642209423947056046e-02
3.939885500804011717e-03 -1.591992741608193318e-01 -2.593389420125476463e-01
2.674657238066832643e-02 1.796594069859545895e-01 2.484003875132984041e-01
