-1.180022428995283583e-02 -1.114966074831007736e+00 -1.004218347487640106e-01
2.243081319869718593e-01 -7.053695343532463691e-02 2.782548189414021586e-02
-3.633628266099412363e-01 1.529614462306871092e-01 2.706095704525686430e-02
4.310141231948566229e-03 -9.294401411812858171e-02 3.041568711075593942e-03
7.057192214208535264e-02 -4.897197179260614486e-01 9.594887024829723207e-03
3.744363431864657921e-01 2.846907162041954487e-01 7.704185623449497089e-02
-1.036000747482110872e-02 -5.535765626956074686e-02 6.762995527365162074e-02
2.654389093316714653e-03 1.094697905986188047e-01 -2.036659315869521550e-02
1.555125197390738179e-01 -2.168544088041516466e-02 8.478473853676511685e-02
-6.263947271262490513e-02 -4.067669224027802705e-02 -2.740009823718372525e-02
-2.157709273304401210e-01 1.076697457608628422e-01 6.475296781556655334e-02
-1.027573418696074020e-02 2.089274698538973966e-03 -6.622478846936537267e-02
1.492465664976763695e-01 -5.079893434655798762e-02 -2.511489764537753674e-02
-9.524097496853101141e-02 2.396699173091034751e-01 -5.601371490537733200e-01
-7.356302797057191756e-02 -2.473703136045084239e-01 5.284423214727077545e-01
2.389309756935474871e-01 1.135360287948530417e-01 9.297285424929187247e-02
1.727444023047473298e-01 -1.339101564319147286e-01 -8.331931153086553632e-01
1.816036310732393744e-01 2.511172842723907034e-02 7.671424865206321053e-01
-3.200486141983633903e-01 1.383773607741474176e-01 1.465477428273465272e-03
-1.509297577000117685e-01 4.961097481700566664e-02 3.650751875282255005e-02
1.689537108659813214e-01 -1.133575648696589222e-01 -1.199739756646621969e-01
1.707273937710454548e-01 1.041711114566478413e-01 1.924663353526936960e-01
6.170573135343324078e-02 -7.741752998218945359e-02 -1.364358651102308695e-01
8.336270844388442292e-02 9.082974371153038073e-02 2.131998459207702923e-01
