-2.815687853004962826e-01 -4.340210695728044521e-01 2.989005835698575753e-02
-1.282752928423780414e+00 1.297285414874919940e-02 4.514089828576551833e-01
2.841310550794983181e-01 -1.491891330139758498e-01 -1.234906866645257423e-01
3.287343543759508879e-01 2.005077926398328436e-01 -2.577412278100185694e-02
1.955965868850145117e+00 2.747145789225446944e-01 -4.486025282930872771e-01
7.665459648692982131e-02 8.639401178498551381e-02 -5.996745835023241378e-02
-2.270490057289387964e-01 -1.542213841022511411e-01 3.977324022675979981e-03
1.859287599656053724e-01 -2.214008991441556926e-02 -1.465101876480083554e-01
-1.913113443462162444e-02 -2.139426297557812939e-01 2.308163001594043806e-01
1.608847149059972892e-01 -2.724883704138002238e-03 4.245437842049190613e-02
-5.481271667917918533e-01 1.208437613869917798e-01 1.279295169763168261e-01
-7.693864479649162313e-02 -1.588190086002631840e-02 -6.503388358826683868e-01
3.915021366696099792e-01 1.421836740158893553e-01 2.195575157587925652e-02
-1.380782366795849092e-01 2.712442931221478171e-01 1.625620448516877092e-01
-1.995486451182188481e-01 -2.389991282863924982e-01 -1.315240845786899704e-01
3.825358041440307839e-03 3.721814963132751702e-02 9.986851755086113835e-02
-3.663391588805754995e-01 -1.965719871203516489e-01 -6.377655592066542312e-01
-3.137136333591040160e-01 1.445500981339624680e-01 7.576965443101688624e-01
-5.949081003927976508e-02 -9.453022734171546704e-01 9.342933185474259217e-01
-9.972023296827943473e-02 1.413565775360168697e+00 -8.880164466715085858e-01
1.774863720760769259e-01 -4.649517773928866365e-02 -1.884648360002041945e-01
-1.041567561214765125e-02 7.088913547134097215e-02 1.428321004633755775e-01
-6.792989239276334135e-02 -1.063523748495732585e-01 -2.678548454110545873e-01
-1.148603562850363802e-01 1.598675961790862465e-01 3.415025297164349660e-01
