-2.916483130688441502e-03 8.288277140197837511e-02 -5.818056277045138142e-02
-5.048208710415286182e-01 7.478988635629790771e-02 1.025184557910565342e-01
2.007775980760636847e-01 -1.492500701336151037e-01 1.187028023235721201e-02
2.325999100246517112e-02 1.258341949483066102e-01 -1.793756281928862717e-02
2.637852907717145312e-01 2.279747328904536685e-01 -7.274629429889753474e-02
3.159769874669222656e-01 -1.270395275707570104e-01 -2.661495826277352275e-02
-6.076558093828505341e-02 -7.504202099275961158e-02 3.119384067041922753e-02
2.108440202539161590e-01 3.215002595722477041e-01 -6.884985001415580563e-02
-5.239515083869323436e-02 -3.863852651903400548e-01 -4.487248250517576753e-02
-1.974731839274841347e-02 1.098249319417672794e-02 -1.353425814179961585e-02
-1.482427040306194266e-01 -1.345536842761861467e-02 2.365775591762918073e-01
1.404758684170716032e-01 9.131069938263097763e-02 -3.615571363757279222e-02
7.597449692131795496e-02 3.619159185609216456e-02 7.276333579926447248e-02
-4.080335845938440342e-02 3.314485609789404319e-01 -4.682266802799646688e-01
-6.538014356171963082e-02 -1.589078692407926707e-01 5.367608788157152144e-01
2.394458686596698249e-01 9.033788526422441290e-02 -1.555504943683598887e-02
1.297399075096484500e-01 -1.087833175812240039e-01 -8.965241026225181376e-01
1.245366687626507374e-01 2.014405322650217323e-01 8.425783090701424172e-01
-1.299341940480361890e-01 5.948416236715159400e-03 9.798502483378528083e-02
-1.782887290287707149e-01 1.651629380489515742e-01 -5.530831987115633619e-02
2.676036248371579940e-01 3.318712101727481351e-02 -1.956549222317291170e-01
1.343002510789998438e-01 -1.298315829659333134e-02 1.376462909491461828e-01
-8.392981662326615133e-02 -1.738501161176536913e-01 -2.766498298281818702e-01
-7.133875306557095619e-02 2.023970067728419475e-01 2.985955673099395802e-01
