-8.253297991291554114e-02 -1.263750270831703215e+00 -4.370567476401083784e-01
3.120708552568116079e-01 3.881726396873553392e-02 1.816685794429967749e-01
-1.345353768083215940e+00 4.056674634135164215e-02 -2.603388798466294562e-01
3.238060548721867216e-01 -2.782860289765691775e-01 3.521721700077891370e-02
2.162915727476547381e-02 -4.437498724989122345e-01 1.440466505933178654e-02
2.026478441874477010e+00 -1.679379600203853573e-01 3.190310304080144488e-01
-1.885299706971009792e-01 1.361022903890350341e-02 1.294773582883290974e-01
2.946107222047515961e-01 9.739945894660199943e-02 -3.528933000575867895e-02
1.689942664857855825e-01 3.013250292314037168e-02 3.643449284134632760e-01
1.023801331825940769e-01 -4.183133079692680223e-02 3.529627691880036361e-02
-4.570966451462673552e-01 2.045005660856461516e-01 7.776658668163527466e-02
-3.216404621417348064e-01 -7.100060221398034332e-02 -6.384574959054251098e-01
3.654397168410407071e-01 -5.135340040123601013e-02 4.087044806795041112e-03
-2.274425748436323669e-01 3.584137999509627859e-01 2.256099837241677397e-01
-2.472747979662898443e-01 -3.569387661591095218e-01 -1.119806378285554821e-01
7.354692871038535917e-02 4.857785205653154109e-02 1.748000934632578385e-01
-1.967624308084273410e-01 -3.115779802166249168e-01 -7.747961690774811672e-01
-2.478405498593301282e-01 3.239787504359407100e-01 6.529984246710228701e-01
6.780550391360791462e-02 -1.339225454951564087e+00 9.400121681586759426e-01
-1.414773882567977592e-01 1.321257621342362354e+00 -8.945224858488247666e-01
1.785425500311342284e-01 -1.952557552758514905e-02 -2.083798883029968074e-01
6.171219008652820831e-02 9.725385446076215135e-02 3.137797035063371598e-01
-1.310642648679077871e-01 -9.173335078746615301e-02 -2.711112372681898641e-01
-5.281110201927811248e-02 6.603907478048386126e-02 2.832667429339245646e-01
