-2.719391345287049400e-01 -5.148836422699794024e-01 4.397849698505740777e-03
-1.189073044891520992e+00 3.092767491771792124e-02 3.955927361862073832e-01
2.522105860396438581e-01 -1.300491627173614995e-01 -9.130779377346615044e-02
3.115197249378832689e-01 1.886554409501419727e-01 -1.232761505917352729e-02
1.926296203586172151e+00 2.636308638528919168e-01 -4.497363938845750919e-01
5.363578028214390642e-02 1.224903719683708009e-01 -4.549951011064156531e-02
-1.521103946131658335e-01 -1.314930470714675559e-01 1.112680025926557174e-02
1.083680105279306027e-01 8.649823416138010396e-03 -1.539931349428552698e-01
-5.037796062348731847e-03 -2.074902870290682433e-01 1.379058239973760258e-01
9.398803051510713769e-02 -1.612252634555119387e-03 2.666540369269706015e-02
-5.260402962099230972e-01 7.008642252602474698e-02 1.545491983400515690e-01
-5.667489850242325017e-02 4.664971551565033625e-02 -4.638091738040526213e-01
3.197975594252899789e-01 1.636749087244234735e-01 3.598594568864103144e-02
-1.290389032274661396e-01 2.704101589946042994e-01 1.653145012880249953e-02
-1.274867558271462475e-01 -2.035511695853440273e-01 4.455012463540815315e-02
4.322562531351360066e-02 1.801448593747378632e-02 4.421428532793221511e-02
-2.917618642410350627e-01 -2.741603277273729766e-01 -6.068558070850427200e-01
-1.477044112496821715e-01 1.174431117055775159e-01 7.854530917328346185e-01
-1.124003370768929116e-01 -8.477800970054732987e-01 7.352209114998992101e-01
-8.889305720881418918e-03 7.882140490268069177e-01 -5.664974256216045445e-01
2.506207414505233766e-01 -7.273192341992210097e-02 -9.600453861811567013e-02
9.030749074739520543e-02 2.466593223472287114e-02 1.396691391317794462e-01
-7.531042453051968455e-02 -1.217209757574057860e-01 -2.556257850760887962e-01
-9.126314171093945216e-02 2.094234088040491659e-01 2.892135394178839691e-01
