-3.253133859503493652e-01 9.479662488043705260e-01 -9.534366072105034118e-02
1.984783332294728364e-01 2.833548860469630587e-02 6.712221309649794854e-02
-9.182420355086508001e-01 -3.761254806649998172e-02 -2.263704389598414912e-01
2.430009576619700795e-01 -1.694581839776599652e-01 4.475950020874308599e-02
3.861956881395380708e-02 -3.605455403209602006e-01 -7.900307124504807321e-02
2.021073266171260485e+00 -1.906017176124313039e-01 2.953807471803622242e-01
-3.880940775177198904e-02 8.891185667962759123e-03 1.084313331862666180e-01
2.122226113583268181e-01 9.322327566239262120e-02 -5.845068103499636084e-03
5.469870774818349352e-02 -1.291351624835824184e-02 2.455779713164515099e-01
5.117890259488525745e-02 -2.468926097113319923e-02 1.596119586737758042e-02
-3.795247548808676208e-01 1.820350788081738225e-01 1.012917861614701098e-01
-2.310104992141636671e-01 -5.459522573346323182e-02 -4.241186750935017069e-01
3.965132511596210496e-01 1.940016284538848348e-02 2.246515085052216629e-02
-1.698196059149464920e-01 3.077591432950561590e-01 2.008050465275369387e-02
-1.562004274992504216e-01 -2.930970265174728251e-01 7.362438071981371179e-02
3.565742807738009335e-02 5.743397737209389453e-02 7.305446995118171361e-02
-1.024237221438167034e-01 -2.739361050425390132e-01 -8.596557497863200892e-01
-9.987146982700320641e-02 1.762860554304230276e-01 7.966530926775116095e-01
1.593725375476220674e-01 -1.027022244044314636e+00 8.336824966244069657e-01
-7.024043707491205157e-02 9.268223285285656088e-01 -7.719844121862166064e-01
4.607814737007125960e-01 -5.874736147840950440e-02 -1.060661797741917767e-01
1.817072305133397014e-01 1.355084417378494555e-01 2.295091805048050104e-01
-2.225208748178033602e-01 -1.327848450140041436e-01 -3.015687984881751382e-01
-8.981098707186757624e-02 1.183804042155539582e-01 3.130208430365052363e-01
