-1.539835837293450083e-01 1.559425404957333505e+00 3.438200654408444731e-03
2.648055858852454425e-01 -1.499527527282661366e-01 -3.359305178834679634e-02
-5.620055602631789382e-01 1.775924448736207195e-01 6.104909047658600707e-02
7.928524489612563675e-02 -1.588426598574628756e-01 -7.781631896709754852e-03
1.129832642824669803e-01 -5.611472321060332336e-01 1.519544845118503060e-02
6.521923591961334976e-01 1.820852777492064645e-01 7.911497500372802194e-02
-5.628991219044466449e-03 -8.440856954709546889e-02 7.374334869915052937e-02
1.962648778227152335e-01 -1.176169649272050186e-02 -4.861697969546256021e-02
2.722991927294898251e-01 -1.417594072595049041e-02 2.081220107821826759e-01
-2.776841585352623001e-02 -6.037700558237994036e-02 -8.924309538605288902e-03
-3.809705960675203174e-01 2.300097757941335086e-01 5.898347166847347361e-02
-1.177580526380380271e-01 -7.304802486831699082e-02 -3.532379926034751039e-01
3.647309453479698482e-01 -3.276028093603292057e-02 -6.566169217635675626e-02
-1.670171811850215682e-01 1.784834034407255243e-01 -1.670574734191282440e-01
-1.989479793067770452e-01 -3.514255420207861302e-01 1.390171720827794999e-01
1.641824474683467316e-01 1.391186464567705505e-01 1.541499915538736831e-01
2.071631397518282694e-02 -3.448905634079642013e-01 -7.401398336475962791e-01
-4.843633632719195059e-02 1.101469289569658866e-01 7.216477079694455510e-01
1.766926047041421088e-01 -9.462338099584444162e-01 7.377681427630587985e-01
-1.057453490957520892e-01 9.705065938503482093e-01 -8.006827935939723195e-01
4.122114882143647074e-01 -1.498759543065605049e-01 -1.329894022739953052e-01
2.629726484397922337e-01 1.433181217422419274e-01 2.000875719436708000e-01
-6.151918102911310693e-02 -1.170590370199836305e-01 -2.446685779179798292e-01
-3.594212958426477866e-02 1.302052251833835939e-01 3.590557819075587687e-01
