-1.184332164614974175e-01 -2.620685250834105529e-01 -2.226385312988992358e-03
-7.414466610961757409e-01 4.947627275471769975e-02 2.885740734078728886e-01
2.086624066162558744e-01 -1.170359702428305365e-01 -2.082212913961225403e-02
1.234486781335894234e-01 1.465315230965531235e-01 -1.420571492119793687e-02
7.963944811427552395e-01 2.778900567438384872e-01 -1.110061273035311130e-01
1.288418492039069274e-01 -1.936383521609249744e-02 -5.670432265347590678e-02
-1.038531161620221965e-01 -1.036149460379100773e-01 2.845817801237690917e-02
2.289831329498782930e-01 2.449551089993036168e-01 -7.853476783067558920e-02
-1.773930533322268799e-01 -2.951553500874948832e-01 6.065681379869867357e-02
4.307595943902975399e-02 6.413815953161344785e-03 1.890106201870056860e-02
-2.951580802754354416e-01 8.434511222862094149e-02 1.674679045155686719e-01
1.224635833294458326e-01 6.494038192811715099e-03 -2.870218841951317490e-01
2.764513636921379636e-01 1.093497278727295768e-01 7.384613393717004426e-02
-1.100730543366897352e-01 3.078329444480898958e-01 -1.205112654634722530e-01
-1.452973779931547027e-01 -2.180786274446212536e-01 1.629432361906695825e-01
1.441231054093732034e-01 8.234122460179280067e-02 3.953499514893432654e-02
-1.068322877669213855e-01 -1.638532272765572950e-01 -7.207221344547050101e-01
-1.450985203284413938e-01 2.235362708612925464e-01 6.739109777312126681e-01
4.008369173468894625e-02 -8.020430344241995524e-01 6.685635017744125941e-01
-9.037168085153751695e-02 1.087622556131508045e+00 -6.655667714888459097e-01
2.797987552184006965e-01 -2.089727903021450228e-02 -1.886384473110598592e-01
1.697953637113235048e-01 4.472584092516561360e-02 1.191934276676929333e-01
-1.024053436715671728e-01 -1.610073476841082929e-01 -3.136854278745782598e-01
-1.315690039876364348e-01 1.853947584065357423e-01 3.714701599310352709e-01
