7.668559027272559003e-02 -1.574657262524641776e+00 -1.792891981140714783e-02
-7.998178528151845060e-03 9.779010620342960813e-02 1.153446722569930888e-01
-6.789205585852874092e-02 -7.104889948555884183e-02 -5.441240251280510948e-02
-6.624602048040215303e-03 2.456259600492451470e-02 -4.888357392531382691e-03
-4.151641302029299846e-02 -1.573230228609173997e-01 5.466243542528269675e-03
8.660375317266331974e-02 1.084292244413756351e-01 8.953441594196443268e-03
-1.113048771643872226e-02 -5.829888978059959148e-02 3.268044204298900524e-02
3.266543526367392952e-02 2.199382198329545846e-01 -5.816297516116629429e-02
-5.606381576130311378e-02 -2.353239264376414952e-01 1.066827272170468160e-01
-5.034185589171823877e-02 2.612719207156120188e-02 1.155155029573142486e-03
-1.811992018630547707e-01 2.413209543987449718e-02 6.168148545580359743e-02
8.710069855749559553e-02 1.012206097968107871e-01 -9.364227811485992259e-02
-3.993511033814098159e-03 -3.935032617912857106e-02 -1.480124484562488248e-02
-7.597014380539909850e-02 1.275993805212989954e-02 -2.495683093754952064e-01
-1.769224620379208912e-02 8.596445465864638313e-02 2.886054842478971150e-01
1.488439137351433295e-01 3.217417219794636851e-02 7.187692147868411652e-02
1.688070139423601124e-01 -1.836642540548723002e-01 -5.856558883138802685e-01
8.080717036951581833e-02 1.808527391453993993e-01 5.633667393431807113e-01
2.314073944225295554e-01 -4.434365738856703154e-01 -5.098545250781659488e-02
1.328828883038893627e-01 3.794729691059358090e-01 9.921536100374321598e-02
2.442664584209461309e-01 -1.128522347086657884e-01 -1.056225963020195752e-02
2.085232460401248711e-01 9.754765452273143900e-02 -3.102937071657443577e-02
-1.646836553113041612e-01 -1.511948846991995055e-01 -2.166082762754140134e-01
-1.129566531559675208e-01 1.576828276685298125e-01 2.556176480311304622e-01
