5.779194259697199160e-02 -1.778724254359907553e+00 -7.125056502382344503e-02
-4.652524385032366649e-01 -1.872841293793709935e-02 8.991076206749311350e-02
2.409223824506653011e-01 -9.841805379237076115e-03 1.192387924096738605e-01
3.259766492598541177e-02 1.109148830378199196e-01 -1.735721190852849635e-02
2.409774516481099360e-01 3.565409678825418732e-02 -6.984248898532512129e-02
3.997048199613215669e-01 1.339226543441379425e-01 3.108710268873169161e-02
-8.761309887497720217e-02 -6.966545479664397467e-02 4.148118676785610137e-02
1.918105632901547231e-01 2.565907994034460904e-01 -7.476838576410188564e-02
-1.227969888395250980e-01 -2.556829288483590257e-01 -3.357748977915623462e-02
-4.225025823444035489e-02 -2.142882480966148886e-03 -1.439469869944205206e-02
-2.075555486080246925e-01 -1.601037055947430315e-02 2.616511916994033737e-01
1.149462361568439617e-01 1.271819581227436047e-01 -4.935669349354043778e-02
-9.575213864155303345e-02 -2.509333204646609430e-02 5.357973104759589100e-02
-6.872031554023035060e-02 4.314466296945314583e-01 -4.713160531987732327e-01
-8.393418347507958233e-02 -2.054838592015827969e-01 5.946187193286905925e-01
1.814793484212325614e-01 -1.407747731504772198e-02 -3.066705807873807213e-02
9.084975583284299328e-02 -5.694484340704276948e-02 -8.754776780091112487e-01
1.575070753177883198e-01 1.912001950310427689e-01 8.658857673518427500e-01
-3.930789754788107659e-01 -4.602484377788867292e-02 1.612413909938543444e-01
-3.326601983729914891e-01 9.533182318063579408e-02 -9.563563171858420475e-02
1.062138911075026920e-01 -3.990722597225953433e-02 -9.075021463962902601e-02
-4.207285587784033443e-02 4.129776908087653270e-02 3.991784902983031708e-02
6.762785280554307540e-03 -1.387707706405421626e-01 -2.419428955707899065e-01
6.033964899843364399e-02 1.568073510350591060e-01 2.343249855197875320e-01
