-9.731495090032715733e-02 1.637891192220652492e+00 1.928453782650927373e-01
-9.585478276187461288e-01 -1.401369363058053152e-01 2.697507918753496714e-01
8.809720174559562689e-02 3.564757031334446317e-03 -6.396567564583344190e-02
2.669845566771134604e-01 1.532880436406612590e-01 2.092834347653279095e-02
1.445127690585876756e+00 -9.558996565188260242e-02 -2.802827615241909598e-01
1.822637295980354399e-01 2.536580919702678405e-01 -5.466307455195641707e-02
-9.553573599941703187e-02 -1.021077267079192330e-01 4.032317678293213803e-02
2.962595679982443220e-01 -4.875434394556107942e-02 -1.838303737668348647e-01
-8.747134933396501222e-02 -1.462246349197654227e-01 1.042394745838048919e-01
-7.756181670948400150e-03 1.631230058244051082e-02 2.220391634386603003e-02
-4.947705837076954438e-01 1.106593929771242657e-01 1.981533397827126841e-01
-2.346221521344763958e-02 2.422062570440234805e-02 -4.228611497415697973e-01
3.183125939313914410e-01 -1.086525252148345388e-01 1.410695947334335114e-02
-1.170800344158089701e-01 2.981732620537806966e-01 -1.915905919790346912e-01
-1.553761145227804952e-01 -1.529896557269134483e-01 2.272011077123504974e-01
1.904788720370071409e-01 -3.933855110564687951e-02 9.041206252389781539e-02
-7.730294291114386818e-02 -1.844684770631389581e-01 -6.773378104144127665e-01
-1.403257845114029567e-01 2.732849073404553519e-01 6.084231863693638775e-01
5.633226833341467565e-02 -6.764250485598836127e-01 6.461365968387767778e-01
-1.274901455870247613e-01 7.034212604101007793e-01 -5.685515436097484665e-01
3.140938623499949789e-01 -1.124191785720635578e-01 -4.720811290435902863e-02
2.736050407611206881e-01 1.049711003616475569e-01 4.403212246859610629e-02
3.846870019775953942e-02 -1.426944976553306821e-01 -2.357963052015369931e-01
-5.501041335814180894e-02 1.792395531208728632e-01 2.757322383459645532e-01
