1.820473880959103466e-02 -1.916474405122277958e+00 -9.950294754468426428e-02
-5.577338579042973032e-01 3.958507338489952732e-02 1.613069499106773719e-01
2.537324287058722594e-01 7.178121058613282611e-03 1.458632422303753895e-01
8.950824467448191546e-02 1.038081322148351887e-01 1.305325173426233202e-03
2.076514705772055103e-01 1.247720465689039632e-01 -2.538087242253000281e-02
1.270267272644581835e-01 1.930434123204741448e-01 -1.897775689931782694e-02
-8.045541016652926758e-02 -1.199458085715374295e-01 3.609466436576762999e-02
1.779906756552881997e-01 2.664542321984399442e-01 -1.046846551562792133e-01
-3.280441985308489294e-01 -2.739830053959164680e-01 -6.638756480389636228e-02
-3.653657523504900279e-02 -1.973614335960697033e-02 6.050732148355786495e-03
-1.701599753156716466e-01 1.828526952154905724e-02 2.499280658349452566e-01
2.402316864502775373e-01 1.065723822139455212e-01 -2.980260572628617988e-02
4.995864891767302224e-02 -9.299457960426766451e-03 -1.082238592783127222e-02
-1.022632048087271928e-01 2.665132938722030165e-01 -3.378389492033176955e-01
-1.195604302942079311e-01 -1.453208453730658878e-01 4.342680384943736205e-01
1.482660631048028366e-01 -2.439456214682874866e-02 -1.901925373632286365e-02
-2.569729355305509777e-02 -1.704006325633568575e-01 -6.100463467994273747e-01
4.512052584129001842e-02 1.769698003424097499e-01 5.929837853848044515e-01
-2.727080198714402770e-01 -4.152430103696548302e-01 2.754114068128848958e-01
-2.025131139521820778e-01 4.843690352267089327e-01 -2.752585896211787175e-01
1.582177110346947024e-01 -8.894335574463385630e-02 -9.211569705946591469e-02
7.000846584334105560e-02 6.835255132455589355e-02 1.264702336707950424e-02
-4.549442676920498196e-02 -1.717799141462316437e-01 -2.841019961539545391e-01
-2.735658706523632841e-02 1.766956654227883894e-01 2.907144183512463953e-01
