6.468211702213898240e-02 -1.823216306598793413e+00 -5.707587010556049861e-02
-5.058003543667627389e-01 -5.455137671756818234e-03 1.082961662022736277e-01
2.713007479981249803e-01 -2.961445976046586919e-03 1.279174434658898740e-01
4.137163908116340411e-02 1.185305958316374836e-01 -7.524440032725125856e-03
2.204435745451825968e-01 5.450973270285073419e-02 -5.681638677488672073e-02
2.665164478509222667e-01 1.629386769278361458e-01 4.829517587168295073e-03
-9.590783665065986952e-02 -7.979465065809937530e-02 3.358067214799941719e-02
2.073809663435883244e-01 2.533494877581625726e-01 -9.805240601797880762e-02
-2.047803190333265799e-01 -2.759216156612286919e-01 -5.608255478896614216e-02
-4.679373729085694461e-02 -9.545140989596911929e-04 -1.282705093072187413e-02
-2.079797628636714801e-01 -1.911684585114482166e-02 2.680710398434888453e-01
1.652413145261765748e-01 1.392731524133913323e-01 -4.458180009742372663e-02
-1.086859810374643381e-01 -2.589386679715471873e-02 4.341590779790269194e-02
-7.315555313361150891e-02 4.060983720510941697e-01 -4.924656747008898106e-01
-8.284436750955048723e-02 -1.899579683377937700e-01 6.064763581023601136e-01
1.988259602403467941e-01 -1.332713977734559935e-02 -2.739169881366041934e-02
9.151707804275951985e-02 -8.965393074001350160e-02 -8.761433533229641135e-01
1.535173825404693992e-01 1.935912075056838988e-01 8.595930833224355583e-01
-4.044520861547453161e-01 -3.910726093754177124e-02 1.221587680161938805e-01
-3.509179364629014253e-01 5.523526459529642940e-02 -7.504108517478606799e-02
8.866006087374586619e-02 -4.749452421612972153e-02 -8.881087925817321427e-02
-3.440676970192067807e-02 3.554086305535734264e-02 2.697361968265716420e-02
1.047756108915176565e-02 -1.499279627459267072e-01 -2.532200474423445535e-01
4.806165351427587468e-02 1.722056026733302936e-01 2.393524873287362076e-01
