6.857543587588733891e-02 -1.573435033025923246e+00 -5.673610521592854783e-02
-6.429442962757765494e-03 9.161341640735994052e-02 1.172217636230260124e-01
-7.212530702770947322e-02 -6.393056628999860269e-02 -6.358530256901061273e-02
4.751584803240748757e-03 2.152009296361994534e-02 -9.553115021582675795e-03
2.002803828237669642e-02 -1.604524699108408892e-01 -5.881115543915467481e-03
1.584421904130848824e-01 1.213875045283202142e-01 1.302731483407073426e-02
-1.834367530669726160e-02 -6.350396409094216654e-02 4.209397280204500019e-02
7.067904615646230897e-03 2.236777213575502909e-01 -4.199146840721521695e-02
-6.626852297060023544e-02 -2.286848106886508469e-01 1.186351876052821053e-01
-3.687940017366378442e-02 2.147305990635354697e-02 3.454202560960853690e-03
-1.944334142382016795e-01 2.905148503656498557e-02 6.008673307160263682e-02
7.451824584241249771e-02 1.000512034792794824e-01 -1.252859313203751601e-01
2.870729247346531787e-02 -3.947359307983958759e-02 -1.110371401323925061e-02
-8.001490555267158633e-02 4.346348950880758732e-02 -2.338265059959672987e-01
-3.373763595219657352e-02 5.015946562232378308e-02 2.901152175271663469e-01
1.719639714897094884e-01 4.101424052362936945e-02 7.582907044151157572e-02
1.110224610350583757e-01 -1.962154835729460478e-01 -5.953404312055060599e-01
3.748964116725672646e-02 1.950051352472699506e-01 5.784913319675855092e-01
1.530480275436389703e-01 -4.309328741733092216e-01 6.746882891098000129e-03
6.073304400286520799e-02 3.767295522059255775e-01 2.980671324720280194e-02
2.296101808754124618e-01 -9.257229212323056511e-02 -5.146627464496349169e-02
2.265623600877378907e-01 7.584454055269709838e-02 -6.657063542943708612e-03
-1.520489447957413809e-01 -1.493757266526457850e-01 -2.169332150618358823e-01
-1.029499424366116939e-01 1.553540871210205010e-01 2.576597471021268571e-01
