-3.577825419801366480e-01 1.039271459721838875e+00 -8.440173278255219680e-02
2.560168361832587114e-01 1.722175432243365154e-02 7.893943897054213343e-02
-1.078521423450011785e+00 -1.707695930869750425e-02 -2.485540023451391911e-01
2.846049021906997267e-01 -2.094837013449556140e-01 4.859893197492774070e-02
2.919243785839919364e-02 -4.128407337504803598e-01 -5.720238256441013275e-02
2.128136424250886449e+00 -2.006870293232586588e-01 3.145958482343597651e-01
-6.873478745348143848e-02 1.033165451403488498e-02 1.122272419484351968e-01
2.535363473916758537e-01 6.758004589964858311e-02 -7.582591519333291286e-03
1.141929923765395288e-01 1.887845908940953554e-02 3.174100378806308798e-01
7.853040815291463528e-02 -3.240510573848007919e-02 2.247085854577664243e-02
-4.317968097711742392e-01 2.090640294930279641e-01 8.091257720970002065e-02
-2.852246303187075949e-01 -6.955608835036254656e-02 -5.451408349503827910e-01
4.195981239305188737e-01 2.100436325387429817e-02 -1.083363113983381622e-02
-1.912542213429970772e-01 3.047416266888625103e-01 1.139638511753439803e-01
-1.849051600821277619e-01 -3.311342661271089449e-01 -1.999242630054376413e-02
2.002061835309154603e-02 7.340006292276606004e-02 1.005591493821702959e-01
-1.453869859452717739e-01 -3.002098883331908441e-01 -8.759990142259889145e-01
-1.553600435050149220e-01 1.805160152694892939e-01 8.032199669630671890e-01
1.957090670406834709e-01 -1.230523254281207457e+00 9.579972696109044783e-01
-7.869835763975754905e-02 1.156458186833870139e+00 -9.103462999212436069e-01
4.305775844145768860e-01 -5.567388798866055449e-02 -1.392273586042820088e-01
1.620412396279996836e-01 1.406145514787504880e-01 2.727716245715046117e-01
-2.281954634009351612e-01 -1.272885441473725343e-01 -3.133722855089563497e-01
-1.052222933248036507e-01 1.097941698791237708e-01 3.337473982792170113e-01
