1.649859286661405772e-02 -1.906671017882777264e+00 -1.010946077517904523e-01
5.187105499448110835e-02 9.895804709751640504e-02 2.422121298900023478e-01
-2.174856449744942966e-01 3.159774380272053346e-02 6.522991193587050762e-02
3.455014074360581583e-02 -3.832925543621253789e-02 4.122284652381310796e-03
6.714961517821281811e-01 -7.421415372374338959e-02 1.325864374958344964e-02
3.342632160331621693e-01 7.463438116713989878e-02 7.430539772305073953e-02
-7.156604654409950972e-02 -1.091236054086337434e-02 7.043996241322295071e-02
1.954164101438205237e-01 2.769262887268591489e-01 -1.123532918470853820e-01
-1.146463235085727617e-01 -1.896854121386447323e-01 -3.001223363006382330e-02
5.321766719257555768e-03 -2.784306126854286384e-02 -4.310256690608743092e-03
-4.147423862099044456e-01 3.829204040685534743e-02 1.507239299535324262e-01
4.184852111356428261e-02 5.654389606901145254e-02 -1.143471258457776640e-01
8.101751286412713082e-02 7.503064805235115653e-02 2.188735057845205001e-02
-9.663301218856286401e-02 4.395887717793582894e-01 -2.402575184977437384e-01
-7.716918256852596525e-02 -2.265745431472930838e-01 4.042128324871949174e-01
1.138194352563548922e-01 -3.258729777778897330e-02 -4.555478430799892592e-02
-7.852001992005103181e-02 -1.094229828231205737e-01 -8.191794664097183931e-01
6.189590016146671175e-02 1.916276750130642414e-01 8.142657362167512458e-01
-4.494848894502674330e-01 -2.611596499170453223e-01 2.742707855758218516e-01
-1.640455482439314994e-01 1.650174081391101166e-01 -1.571731197991109719e-01
6.760591346073654972e-02 -3.369543374056451629e-02 -1.261602581399739464e-01
8.164416095715554267e-02 1.646872599840821030e-02 1.428538825036536619e-01
1.995814018916786375e-03 -7.440219078624639437e-02 -1.980186098351163493e-01
6.630797312094674489e-02 9.528148716752868341e-02 2.304914341109675635e-01
