-3.736156332174851435e-01 1.125284789509364947e+00 -6.957486071101194602e-02
2.927401489332266959e-01 -1.250792274219928585e-03 7.804410118848718880e-02
-1.173838250092972713e+00 4.559765414366185807e-03 -2.373145137981804986e-01
3.081291119277012047e-01 -2.389344756614084353e-01 5.068885379680262288e-02
2.677659507463951358e-02 -4.555965798935949218e-01 -3.570682765190139746e-02
2.148275823089408565e+00 -2.120508723417173502e-01 3.188184128396444605e-01
-1.040973040948948575e-01 4.946282559698157374e-03 1.083834622872995174e-01
3.040429736209781519e-01 5.052887566143782205e-02 -2.068373405438027682e-02
1.192480811010932229e-01 1.308740743712391227e-02 3.538209937010487471e-01
1.089320203260140257e-01 -4.100412492321376529e-02 2.733002306614295066e-02
-4.796766491511879060e-01 2.293172162047139029e-01 7.700899317554371626e-02
-3.034234685784715779e-01 -7.598930002745514500e-02 -6.404812858343583715e-01
4.376834745901432289e-01 1.442408547308829045e-02 -3.793601694077946423e-02
-2.057164855257345992e-01 3.069776453433668006e-01 1.947960584549192353e-01
-2.115148428752032239e-01 -3.602225472155966557e-01 -1.051130560339681580e-01
1.873729296985163911e-02 9.117343782164176458e-02 1.291521253080469556e-01
-1.875385599550477567e-01 -3.197901464950863581e-01 -9.056467348753333146e-01
-1.962798408177864606e-01 1.950034571671210859e-01 8.195804801393019590e-01
2.043588553942890518e-01 -1.385902261288700865e+00 1.066645893968836134e+00
-7.613891163078732871e-02 1.376017209743980896e+00 -1.027221387868304747e+00
3.967121384255196670e-01 -4.352989036509357507e-02 -1.767159004696470248e-01
1.349592564612100420e-01 1.456355079330131641e-01 3.124130627859104670e-01
-2.277059414524221226e-01 -1.240588733977868452e-01 -3.290547584462963360e-01
-1.107339521639452568e-01 1.041802809579799177e-01 3.533186527385796527e-01
