-3.963170695487269746e-02 1.583244216027714035e+00 7.034331846189029180e-02
8.906656653901601217e-02 -1.158496690223690812e-01 -8.512846923620570605e-02
-2.252997988048271172e-01 8.660635410529103628e-02 4.221126082291083411e-04
3.163129752385431936e-03 -4.611359278903646997e-02 4.470273759821939003e-02
4.842733338700900836e-01 -4.619924576869023358e-01 -1.233502810005387279e-01
2.866358323598046653e-01 1.836568839282319565e-01 3.151363800176458507e-02
2.413377039440171498e-02 -6.634886568181326549e-02 3.808259297228348828e-02
7.653642832218442160e-02 -2.938503313455462836e-03 -7.970579745482668510e-02
5.797502408600324619e-02 -1.098067101670937989e-01 3.750158011165301286e-02
-5.486269299494318796e-02 -1.258054186048590366e-02 -3.233278717814409148e-02
-3.079455918377501100e-01 1.462150823400550081e-01 9.315963584905379014e-02
2.304539556965094771e-02 -2.264381922333327801e-02 -1.124233053328134585e-01
3.305188250596055033e-01 -5.406562471388471486e-02 -1.138928180819845370e-01
-7.915532455253311561e-02 1.871744571594781970e-01 -4.901473719490420655e-01
-1.019221136079834084e-01 -2.121642258792851010e-01 4.023672772408973253e-01
1.860358698717685944e-01 1.929173466397536563e-01 4.073439441503567959e-02
2.008330354914405480e-01 -1.524294144712789734e-01 -8.676011421353894137e-01
3.678110034936018374e-02 6.645625226154237841e-02 6.241406861268687933e-01
7.953437243714790369e-03 -4.830415834509062256e-02 1.324388454480683319e-01
-1.942454502696563112e-01 2.306354114434402691e-01 -2.608948655970058650e-01
3.364135709623892190e-01 -1.387055328175869073e-01 -2.311016058366284487e-01
3.477683875358686949e-01 1.303862045952708659e-01 1.900051082645967948e-01
-5.743239663744995060e-02 -1.263543645029894802e-01 -2.034331413977655545e-01
-7.388686492380426574e-02 1.282629940659430756e-01 3.220239392559874902e-01
