-2.735945085661366585e-02 1.728414493907829141e-01 -6.748367819854075855e-02
-4.553181434333409827e-01 5.071445755778713343e-02 7.574690903638452155e-02
1.449852027273978716e-01 -1.550077388661167954e-01 -2.714906883062300977e-02
1.926061683214462181e-02 1.140795707350061305e-01 -2.980816858303982422e-02
2.837012782844655079e-01 1.816069992117375909e-01 -9.563003866032319944e-02
5.264225114103837644e-01 -1.514143552855573838e-01 3.227053318058163375e-04
-4.667560975060107420e-02 -6.565888664440884537e-02 5.154577368315958058e-02
1.853579741017605531e-01 3.140555875400292130e-01 -3.675544565547113340e-02
8.152207684472764782e-02 -3.554573292964668396e-01 6.414792828347398376e-03
-1.298506666212254253e-02 1.186035343422604284e-02 -1.401780013893077180e-02
-1.553416339031010729e-01 -1.391908635942103699e-02 2.270000025442456826e-01
5.755331806593034366e-02 8.847686953138417243e-02 -6.898903456573955706e-02
9.341642830098591255e-02 1.569273315177788924e-02 7.934537327700023901e-02
-2.971449210214482245e-02 3.599693372793018042e-01 -4.431344067828288380e-01
-6.729778284224088858e-02 -1.740144676096805898e-01 5.398938110817905756e-01
2.397440219879418133e-01 8.211139142475054609e-02 -1.312758061801956935e-02
1.269459824252194835e-01 -1.005943540611310971e-01 -9.147801769019626716e-01
1.172769928963090513e-01 2.256624557128280306e-01 8.791906889163841887e-01
-1.151064592585760715e-01 1.087801383969037861e-02 1.102582918097172876e-01
-2.086653382136073875e-01 1.241753673351053688e-01 -6.953046629816964086e-02
2.667454173557470276e-01 4.338335042571190431e-02 -1.966313547912695581e-01
1.194959600267229971e-01 -1.887795279535480278e-02 1.470482331518779828e-01
-7.907944016010882982e-02 -1.587372909186645920e-01 -2.641448013379346094e-01
-5.126393903923882889e-02 1.863177515327304745e-01 2.853845184298242077e-01
