-3.483167669338636807e-02 1.623644434135669723e+00 9.216742539880644347e-02
-6.950194646887228322e-02 -9.595004603346843353e-02 -5.504020477514949550e-02
-1.940757282665895311e-01 6.320344422371713955e-02 -1.877037643508872727e-02
5.067324445967907875e-02 -1.824374955754759844e-02 4.915277354847973762e-02
7.219565049132556922e-01 -3.502766834399095308e-01 -1.808526375603381475e-01
2.750781683036467307e-01 1.713024456522679595e-01 3.552130618331603151e-02
6.835780142285271740e-03 -7.032123402984113980e-02 4.560507789928140709e-02
4.555752616627343349e-02 2.196331565884387677e-03 -7.100132541574630252e-02
4.391049154579108188e-02 -1.112776400606770161e-01 3.299738430585938409e-02
-4.287565945789989508e-02 -1.032249392066390652e-02 -2.430652854576475716e-02
-3.199175990798043823e-01 1.344867058658305581e-01 9.283416360887893071e-02
1.849745909189814269e-02 -1.219935957424759729e-02 -1.218293052263565018e-01
3.134903041478050434e-01 -5.681008805323030375e-02 -1.085363857624048745e-01
-6.526134433601737950e-02 1.947907027199393681e-01 -4.839679736164538282e-01
-9.494040898140228280e-02 -1.772770559440937921e-01 4.281340249262461928e-01
1.814482124144445319e-01 1.599074291441905382e-01 1.961407902749549154e-02
1.879739686207534399e-01 -1.293314573701259684e-01 -9.006262010196590673e-01
5.514539399432999423e-02 8.534256643537653508e-02 6.595928536250412755e-01
-2.967813771992324282e-02 5.288081544273777468e-02 8.000592025268360441e-02
-1.727035984623279119e-01 1.711818066128678040e-01 -1.805448176781499214e-01
3.066673630004181916e-01 -1.147703113888159793e-01 -2.682516271195367064e-01
3.384357150800847980e-01 1.093577685138164141e-01 2.102290621113582225e-01
-5.579274874397831957e-02 -1.189782597598020297e-01 -1.830917549904140795e-01
-7.909633116731870639e-02 1.214123029189832781e-01 2.992114258816332417e-01
