-1.292732269970197356e-01 1.731514954955054586e+00 2.918272105302207597e-01
-1.295829279114420807e+00 -1.039536764864306545e-01 3.571417799928269798e-01
1.943133818698153104e-01 -3.807033669049654512e-02 -7.377354743047158381e-02
3.820834082046926095e-01 1.862315737925859249e-01 4.773005726904634011e-03
1.824272990444888443e+00 1.445140656902146603e-01 -4.080287131597978290e-01
1.464745240585673125e-01 2.187793976825474218e-01 -6.639614209066024841e-02
-1.815129923951220581e-01 -1.453238669023658169e-01 5.355522948868929323e-02
1.967828605862187719e-01 -8.648341578780646688e-02 -1.163619347723074404e-01
-2.690910461033495932e-02 -1.424640215300898016e-01 2.104163488238629531e-01
9.194205679728971459e-02 -2.894696770878492538e-03 4.145964960352781226e-02
-5.365909651232263489e-01 1.554982789651796482e-01 1.312389991660710409e-01
-5.111243049138285838e-02 -7.960320662242835552e-04 -6.094390744591137166e-01
3.736109013806096502e-01 -9.082275397367864378e-02 5.147490694310501158e-02
-1.167622023623250543e-01 3.697265556755873206e-01 8.479406894692462227e-02
-2.107724749363962535e-01 -2.384712595063538387e-01 4.132480225611075836e-03
1.071175851686980707e-01 -1.143880309837010667e-01 8.756172690510637124e-02
-2.020696032452747037e-01 -1.706415595164224863e-01 -7.803300383368030335e-01
-2.122534083902802848e-01 2.928460919282589447e-01 7.623979012620999418e-01
1.063903183337246289e-01 -1.002006583042180266e+00 8.968485198091761257e-01
-7.064195280607107885e-02 1.195039736567489186e+00 -8.575740334736519088e-01
2.087026088708532900e-01 -4.764588950724669980e-02 -2.537585637327650079e-01
9.849735717329520523e-02 5.169494754465530501e-02 1.644649631724747485e-01
-2.339356272925948582e-02 -1.170939756295717865e-01 -2.423885490726415404e-01
-9.259937449314760427e-02 1.563553582510916751e-01 2.863496999611567229e-01
