7.865231351254819980e-02 -1.819378041371639165e+00 -4.027673614814060443e-02
1.809316586974371588e-01 1.306434676588598132e-01 1.872814182307928343e-01
-4.198863081124153962e-01 3.344019689956836267e-02 4.497048052352746288e-03
2.900060670357881495e-02 -1.001064860025492609e-01 1.252830069903668880e-02
2.352854531424197759e-01 -9.981997215624084652e-02 6.255070606990996429e-02
4.302234764402925182e-01 9.477948867937137020e-03 8.536069491562482681e-02
-1.069021585510485928e-01 -9.321707482022567950e-03 9.454194646152719317e-02
-9.029076514416598323e-03 3.012859027185098015e-01 -1.640893128332360229e-02
-6.681617342162272932e-02 -1.724437812077401211e-01 -7.051796948216758516e-03
-1.176492962972320623e-02 -4.735548613661452050e-02 -1.098570728204758921e-02
-2.429025083524403439e-01 5.225505246639648022e-02 8.356465760163826750e-02
7.860283694711753255e-02 3.508308565894541209e-02 -4.474700732705628320e-02
6.432236827204718815e-03 5.250185709990710936e-02 4.852101040411336413e-02
-9.014450608322130409e-02 5.002093141494594608e-01 -3.876792136567631109e-01
-8.293182898657890101e-02 -3.367843216412140239e-01 5.329942835541638946e-01
1.695723127526184426e-01 1.030164991413070122e-02 -4.897707504145160096e-02
2.616728890138328434e-02 -6.433293709356750767e-02 -9.390966379464047442e-01
1.075769914492914758e-01 1.294994964052424424e-01 8.773723525886378827e-01
-4.995501156215904071e-01 -1.466496894507873516e-01 2.362329108884498319e-01
-2.478762011302290402e-01 1.199083852922885052e-01 -1.210316232334445463e-01
6.330647880120784943e-02 -1.800987139923976646e-02 -1.032499690183797253e-01
7.787585732396086480e-02 6.185159462000478642e-03 1.216200912186381489e-01
9.203636594684073968e-03 -7.473447817657331849e-02 -1.681525590383111668e-01
7.906291329328057893e-02 9.352427336433812022e-02 2.116156252047974584e-01
