-2.435836459161101197e-01 -5.433322360114659633e-01 -2.147098917747698645e-03
-1.079260914552520934e+00 2.851567185715747632e-02 3.441434730294222755e-01
2.027426856559200463e-01 -1.124738715439135978e-01 -7.495815226740389081e-02
2.832765973228581480e-01 1.711093823417950688e-01 -8.144225750215524848e-03
1.816283525155595324e+00 2.368704588638159136e-01 -4.233132244866018579e-01
6.596304750333317757e-02 1.236475563973775532e-01 -3.649828755055734703e-02
-1.274675108918282562e-01 -1.190408948717923687e-01 1.586571659474055387e-02
6.361290023758893464e-02 3.744962193266302558e-02 -1.351350789452678558e-01
-5.188964503564640410e-03 -2.066324397295331017e-01 1.010812706701869901e-01
6.449510670790080391e-02 -1.062871380357825269e-03 1.859960246065450046e-02
-4.871646298772924211e-01 5.866352307739212263e-02 1.529165478024808178e-01
-4.276566954604697768e-02 6.128233559203064701e-02 -3.798547833476518254e-01
2.874059685012387844e-01 1.554338336430574341e-01 3.244112703055837543e-02
-1.238384081222680400e-01 2.672369699631627626e-01 -5.829744968523248305e-02
-1.055464148396139529e-01 -1.839029992038671568e-01 1.282954601910149262e-01
6.568457604666153027e-02 2.122336399941262761e-02 2.925304338435942911e-02
-2.336321538063592662e-01 -2.800370307628342048e-01 -6.139323925265732784e-01
-7.621268173096336362e-02 1.197134092551658813e-01 7.959869548993950827e-01
-1.257516663956861347e-01 -7.438375029844610520e-01 6.265915589394812635e-01
1.365704084287124725e-02 5.906282787307787219e-01 -4.224333025104758388e-01
2.737911634366860802e-01 -7.267388203165772720e-02 -8.724120343632713048e-02
1.184877386263570587e-01 1.624206068437251960e-02 1.514663924325627409e-01
-7.597435290935249108e-02 -1.228308335829139813e-01 -2.408837303738533275e-01
-7.816890464414683048e-02 2.125669766106345893e-01 2.699872641192653244e-01
