3.419285983336248919e-02 -1.543672532331392677e+00 -3.674494636860780594e-01
2.759634024084806625e-01 1.591464730323368659e-01 2.888285868723761141e-01
-1.130945685242578103e+00 -8.608662871206636258e-02 -3.638704816594293678e-01
2.854986061756978333e-01 -2.206422541981275520e-01 3.700333722884414228e-02
-4.044108549380941858e-02 -2.708665844352485252e-01 2.253003328265952218e-02
2.061054992138461994e+00 -2.501581264474434518e-01 3.294278277061551963e-01
-1.483507684992705911e-01 2.432575798360177982e-02 1.182207563956195751e-01
1.388737089214517328e-01 2.184694480909210590e-01 -6.375966707193180157e-03
8.449455737343476713e-02 7.584081523608639415e-03 3.574648915359477375e-01
1.394914784985001599e-01 -2.665502556427573957e-02 3.083382433204735415e-02
-3.654468508874626487e-01 1.325013095369985960e-01 9.610054967360891209e-02
-2.878240265040088453e-01 -4.930143217709977155e-02 -5.636028063408593525e-01
3.711539206066639118e-01 5.227893061159896021e-02 7.092872709650852037e-02
-2.189402664340297511e-01 3.968000527600571981e-01 2.127285574100660215e-01
-2.072217951124898927e-01 -3.539764575846340300e-01 -1.355721862734631800e-01
4.285170742822174555e-02 7.894315501030801929e-02 1.268597495040248713e-01
-2.722264050167776950e-01 -3.133602466034731138e-01 -7.924857241982512512e-01
-3.162526734100380432e-01 2.864588489532571836e-01 6.170709098328790443e-01
-1.632005061890419717e-01 -1.389409376593766732e+00 9.029087695411789349e-01
-2.806166207512283406e-01 1.245407353578358967e+00 -7.771880413044859326e-01
1.506091871898157346e-02 -6.759591895149313912e-02 -7.766188637425769370e-02
-1.082014497720223956e-01 1.115968207815648261e-01 2.452109220460319261e-01
-1.467563514617960807e-01 -7.909257175398337614e-02 -3.144675170405893394e-01
-2.619842071148682783e-02 6.880719767814308385e-02 2.686054326640397449e-01
