7.939898618206145398e-02 -1.691152907224000357e+00 -4.776036881969963205e-02
2.238633248575236379e-01 1.303097477994154263e-01 1.457478500525257736e-01
-5.651453089333752233e-01 2.336224741238287009e-02 -1.163538104414073432e-01
5.608736219448891974e-02 -1.305436173052396953e-01 1.806352152324399926e-02
-2.597110579886567974e-02 -1.300066242237757075e-01 4.998421091745063743e-02
5.198409718314145334e-01 -4.782303150203871811e-03 7.507484398944076764e-02
-1.177279028319642568e-01 -1.985734844883370320e-02 1.012424610298363475e-01
-9.673759962867606310e-02 2.661447646127257927e-01 3.238344698854373621e-02
1.813380367634100931e-01 -1.132593761376278763e-01 1.268548262093552870e-01
-1.203904341792047007e-02 -4.063177858640183021e-02 -1.511790807523750828e-02
-1.626816077136997996e-01 6.502917136669579545e-02 3.645521716088858527e-02
1.317667963868447093e-03 2.999068636100717458e-02 -1.263967498852834048e-01
1.799379712702871628e-02 -9.257170495104324187e-03 4.602897480839360927e-02
-9.390752083870684830e-02 4.310877870288840619e-01 -4.436109971271969266e-01
-8.796804257101446811e-02 -3.417267003083785393e-01 5.176014502358889935e-01
2.116242474440744314e-01 6.682116651803779450e-02 6.876245954314932213e-03
1.170627473733144019e-01 -1.085219281330844360e-01 -1.037078783853798924e+00
9.748540166851907274e-02 1.287546415534021049e-01 8.585478290738743912e-01
-4.310854107953918102e-01 -1.828675435241632063e-01 1.805221825963579108e-01
-2.567315472493276185e-01 1.281603674598772447e-01 -9.418115122965702024e-02
-6.310837227460135927e-04 -2.951708131373081273e-02 -1.751357301726571003e-01
1.266453005842907709e-01 -1.215190579110400800e-02 2.002302703273725615e-01
8.750880912338771314e-03 -8.329945656491491435e-02 -1.675810406204528424e-01
3.159029385574298188e-02 1.094310114996858707e-01 2.058507515420957557e-01
