-2.527217217237372887e-02 -3.496493299201985927e-01 -2.483685429465543604e-01
-1.082248454059505857e-02 3.088610487829911433e-01 2.826809166792373929e-01
-5.481757675003545716e-01 -1.578306252909100482e-01 -2.841602083984673954e-01
1.255897499814632723e-01 -1.116963725176356031e-01 5.044311125418782932e-02
-6.069172082273231045e-02 2.212501770068888984e-01 2.218477790604468126e-03
1.305860067802759428e+00 -2.506441130028883579e-01 1.660591021573189496e-01
-4.596674789551453283e-02 -4.489647696514946495e-02 1.297508671249115453e-01
1.647801201477121502e-01 3.500554139928772623e-01 -3.098195415052487980e-02
1.306950729445894299e-01 -1.235646433488472862e-01 1.380725252265001535e-01
-1.113962950412297759e-02 -4.462024607344156762e-02 3.210069887074099796e-03
-1.653697818985548074e-01 4.926115841441747883e-02 1.645129269564192531e-01
-8.704833407534789957e-02 -3.702450825879543411e-02 -1.577463014976881739e-01
2.177870919726408172e-01 -9.468530798821477024e-02 1.719764203505449451e-01
-8.330040957306920901e-02 2.887937709447764290e-01 -2.581822177677202124e-01
-1.310236265215374563e-01 -2.163486637858830497e-01 3.372299187663872488e-01
1.602536302092582299e-01 -8.306978389934123463e-02 -1.893518443668229523e-02
-3.475682893531458623e-02 -1.536731563099529296e-01 -7.005726500964369885e-01
-3.506594779974035042e-02 1.936631909359151082e-01 5.946515773062628352e-01
4.679898040957430200e-02 -6.751955141118425319e-01 5.605938852739753564e-01
4.220417031592994805e-02 7.334308420337171119e-01 -4.299974287621015634e-01
4.291492592908238701e-01 -4.222884881285678127e-02 1.672469512308829773e-02
3.744204292437750548e-01 6.236936273054823759e-02 5.158722234561359532e-02
-1.206395711970658924e-01 -1.642031439418270011e-01 -2.464537663890565833e-01
-9.413328677159504831e-02 1.454346454799850807e-01 2.537839383577334407e-01
