7.756370602729051322e-02 -1.578158900044833279e+00 -1.730012037956729989e-02
-8.134126492772708258e-03 9.790196929797473357e-02 1.136857618467120579e-01
-6.901242003152965876e-02 -7.121855955802498805e-02 -5.602038273323543122e-02
-7.158066454109001525e-03 2.557881330293413150e-02 -4.430450149009146875e-03
-4.182989417269676602e-02 -1.560684405033543332e-01 5.102104935685593777e-03
8.433838156495265803e-02 1.087498062265861709e-01 8.272776359813004826e-03
-9.701162125497772917e-03 -5.714582528330124783e-02 3.261674357734384300e-02
3.207258838480275126e-02 2.211081882505284424e-01 -5.771559448460329700e-02
-5.469271089047968853e-02 -2.347026114991794254e-01 1.074821387281898050e-01
-5.187881857673069114e-02 2.717985197989169349e-02 9.303341092241385231e-04
-1.800314228858915233e-01 2.293261702647613268e-02 6.198369493824029686e-02
8.682658365197302996e-02 1.023084888920933466e-01 -9.309434710732263085e-02
-6.567411403838909791e-03 -3.900215462905750469e-02 -1.429594499898430467e-02
-7.618673675558382263e-02 1.379282219514912228e-02 -2.525907856980154076e-01
-1.666713410958521949e-02 8.737410953812753400e-02 2.924075145501441875e-01
1.508468407544253376e-01 3.222330160202332289e-02 7.123602074130681860e-02
1.701528286340728835e-01 -1.802740726466194876e-01 -5.822300372191142603e-01
8.008156244291193826e-02 1.804058356523955686e-01 5.583297167886756007e-01
2.331838143814375930e-01 -4.432292767571488490e-01 -5.206220851708571323e-02
1.324839535951365110e-01 3.791392865192783623e-01 1.004976134070824229e-01
2.484283086482838299e-01 -1.152155634141366902e-01 -1.058316711869999351e-02
2.139576769162969683e-01 9.968804770106499957e-02 -3.077734502835641553e-02
-1.647108061155336256e-01 -1.515164647403090536e-01 -2.150232940620671607e-01
-1.136943278666237289e-01 1.575385493599065767e-01 2.540907696095879298e-01
