-1.972361746244107872e-01 -1.915547699648303182e+00 -1.681318437139629196e-01
-1.192299804707019906e+00 -1.148382683182179176e-01 3.014024440612760314e-01
1.830023983788565400e-01 -3.892693272654588338e-02 2.041852420014957439e-02
3.427524920260735519e-01 1.717515332032284459e-01 -3.128353975254370006e-02
2.112128309050855801e+00 2.114488018490297827e-01 -4.118476279059607448e-01
1.061898660306980352e-01 2.005103235750201884e-01 -5.069233051706818760e-02
-2.512416867703450851e-01 -1.365615207944916865e-01 -3.699624351526269173e-02
8.746454851364196537e-02 7.619718536234286466e-02 -1.035733694280279032e-01
-4.466240652356669172e-02 -2.539617335383294594e-01 1.915771975416894757e-01
1.333200655185207695e-01 2.103468886063133720e-03 1.412845613731109409e-02
-5.925029544268269888e-01 8.241954660228674456e-02 1.528568659825343956e-01
-9.930455570606835924e-02 9.983433457217531781e-02 -6.659204425904662328e-01
2.179515545974231305e-01 -5.015139843430920646e-02 -9.949534313527200191e-02
-1.741569291953440068e-01 3.006155607351611581e-01 2.242452584875892496e-01
-2.133293449876093040e-01 -2.314507604791807283e-01 -1.977634544733325173e-01
-9.920922502177498270e-02 -6.422702388302573007e-02 1.050426970531701254e-01
-3.790847039971926291e-01 -3.052865215221313711e-01 -6.521980583085760230e-01
-3.149567308445844760e-01 2.130815257306235000e-01 7.044613741477211422e-01
-2.070584155482940170e-01 -1.269305358336434875e+00 9.367386503974504119e-01
-1.580070230195405045e-01 1.148900222023395035e+00 -8.618650750814262906e-01
3.225989192067895556e-02 -3.880077065419211546e-02 -2.455856003751074601e-01
-5.771904316832973669e-02 3.318245942520724277e-03 1.802242724723354672e-01
-6.637326782008644288e-02 -1.042394912542233543e-01 -2.810286610474218572e-01
-8.095938245573459924e-02 1.864223812853430251e-01 3.341112514980276726e-01
