-3.523131336224314542e-02 1.660895134005808238e+00 1.140184088856961570e-01
-2.421484509632749194e-01 -7.074113060532459529e-02 3.233909436327969938e-03
-1.568023872256962270e-01 4.516525721593976639e-02 -3.170090301937888988e-02
9.783096745881342260e-02 1.240226706854756153e-02 4.214615861209393410e-02
9.262350215068889669e-01 -2.052030058014590874e-01 -2.178517596904012421e-01
2.550402104920352353e-01 1.662555187812384816e-01 3.413448374448576489e-02
-6.460756019925470786e-03 -7.568468411053397293e-02 5.971925142337684150e-02
-5.801009530020885888e-03 3.470442517816647865e-02 -3.775575626854044131e-02
3.642879777682279246e-02 -1.038746575915651671e-01 4.623968803992170584e-02
-3.224576839615603263e-02 -9.817091910245970623e-03 -1.464158854981905712e-02
-3.181586103607393357e-01 1.289906673896452360e-01 7.706789666215775603e-02
1.611627896514327904e-02 -6.925447161073208097e-03 -1.452952140095265798e-01
3.058888140281911805e-01 -4.966852277974746072e-02 -8.391467405015527736e-02
-5.542747452896823468e-02 2.201815305629850616e-01 -4.404152106512356779e-01
-9.334267150112572631e-02 -1.603896639166442206e-01 4.358811111670629623e-01
1.805964549574298472e-01 1.090094003131126810e-01 3.851384388967278756e-03
1.599930957967419520e-01 -1.146355434656146643e-01 -9.131635129366668657e-01
6.766883727613200172e-02 1.204898550423208065e-01 7.203002392086328420e-01
-2.708242582099793655e-02 4.027251896479883825e-02 1.095528754707949248e-01
-1.333186364746658525e-01 1.986374869271211319e-01 -1.699315123581024711e-01
2.945712511341965212e-01 -8.232884096588713452e-02 -2.899010740849541357e-01
3.078379850447994226e-01 8.237722686533387184e-02 2.197462687102764711e-01
-6.114237745062349461e-02 -1.090171433492468228e-01 -1.657713469548633689e-01
-7.766164812886720836e-02 1.132322860363104977e-01 2.805827776829376008e-01
