3.932272434903777425e-02 -1.566625843145334152e+00 -3.212081351742867574e-01
2.180793662394189258e-01 1.303331047829193456e-01 2.414137549490369128e-01
-9.121795830414802797e-01 -6.245838290358194517e-02 -2.498943025729991885e-01
2.303491403338859267e-01 -1.728468767097087189e-01 2.338497790228939374e-02
-6.643567021266577437e-03 -2.342330523230110872e-01 3.140305730994964045e-02
1.767917443414901424e+00 -2.101358550603669995e-01 2.802604280386845059e-01
-1.000429094409740205e-01 1.444542427225957784e-02 1.047346521224043203e-01
9.566351243019886874e-02 2.400282205458047213e-01 -1.131773665512662841e-02
3.382519823062021119e-02 -3.983643738945900209e-02 2.553127143559494328e-01
9.058009785463261299e-02 -2.112097151024146247e-02 2.328616804472515706e-02
-3.109714124081618958e-01 1.212451569344401014e-01 1.288549418450281037e-01
-2.043432675509524732e-01 -3.620895285125865642e-02 -4.081057072731067437e-01
3.478139353737972894e-01 5.958102881230039477e-02 7.418701136803813878e-02
-2.128273455598723163e-01 3.467612604460856840e-01 1.194589603617012413e-01
-1.857947259165180220e-01 -2.735795812619127299e-01 -4.431240641534306413e-02
3.265011761394828044e-02 4.566710029231937223e-02 1.021794003126326872e-01
-2.340302547454541915e-01 -3.179699067046778960e-01 -7.046841062566563396e-01
-2.439862576403701022e-01 2.823525148080648361e-01 5.740026780091046499e-01
-1.891054953887104095e-01 -1.288156176616745530e+00 8.210468845064206045e-01
-2.253838673658651037e-01 1.139598723686419568e+00 -6.862524495082487075e-01
7.249925990748137816e-02 -1.107320310033867300e-01 -1.412343107460795055e-02
-6.653233474927815194e-02 1.449902473506055056e-01 1.538192754226553605e-01
-1.334821154986541303e-01 -8.474156755207706837e-02 -3.073162891420680443e-01
9.297803585123857453e-04 7.662749050225084457e-02 2.649927983988888958e-01
