-3.761480571988760624e-01 1.202115666814526973e+00 -5.412304223290868160e-02
3.093731926673401467e-01 -2.413039040664239146e-02 7.006414475509686879e-02
-1.216831467582180304e+00 3.017772429190346967e-02 -1.995398090358384002e-01
3.161503855662683438e-01 -2.568955922340573905e-01 4.891306183293474275e-02
3.414728696827262766e-02 -4.855699724545143314e-01 -1.984557590317395301e-02
2.092875307623656589e+00 -2.079708099951936839e-01 3.177107086786865042e-01
-1.291486433151249336e-01 -5.440017596626409851e-03 1.025358224182124356e-01
3.539262043957097092e-01 3.649676994417008769e-02 -3.658436908662745374e-02
1.093862199874643254e-01 2.021502749066383248e-03 3.699897526148276938e-01
1.322957502201398405e-01 -4.959076292341352971e-02 3.122700405243046887e-02
-5.198454128936615959e-01 2.457866809390977236e-01 7.858060389539489599e-02
-3.014307929364369865e-01 -7.825130956259343518e-02 -7.086341525229614691e-01
4.468883599965238762e-01 6.786432554139656265e-03 -5.911848657473503521e-02
-2.108472911187277421e-01 3.020723746873417714e-01 2.500876706185650167e-01
-2.291262160551082450e-01 -3.743805369785755399e-01 -1.651089447120782372e-01
2.625636892189637389e-02 1.061636582543745294e-01 1.563230046802892848e-01
-2.252006567813130966e-01 -3.360574892445887252e-01 -9.384971037362481727e-01
-2.246393740127116678e-01 2.139990356587631037e-01 8.492210076697056520e-01
1.875633530533085125e-01 -1.479917961659171999e+00 1.150136364681191070e+00
-8.082169276840185657e-02 1.540959501037168833e+00 -1.120674575333765466e+00
3.679188289049864502e-01 -2.367407572719674655e-02 -2.188019027474307210e-01
1.107370571257236397e-01 1.423588731439923982e-01 3.459107198398638228e-01
-2.271377972370012821e-01 -1.213403721698904647e-01 -3.408753150051542224e-01
-1.114074194271028329e-01 9.940439683989155117e-02 3.694600490178850394e-01
