-1.512042863677019178e-01 4.724632316569424284e-01 -2.116871548797518432e-01
9.930008755091508654e-02 9.341675602565757686e-02 2.251476661820512870e-01
-8.272039668215642738e-01 6.460836703860681728e-03 4.245789051769181745e-04
2.279881915932048531e-01 -1.307901744598864435e-01 -1.777984000623645047e-02
1.316410320055943495e-01 -2.104979208451590589e-01 2.696698755910938508e-02
1.236257009716566158e+00 -1.552806851862916782e-01 2.834430867568849544e-01
3.506040608169712358e-02 1.434585591371519663e-02 1.207019518724992135e-01
4.995903880022534854e-02 2.004200820315133191e-01 -2.238426307993937256e-02
-2.420758247441030520e-01 -7.645636141253711604e-02 5.268292601266046440e-03
-4.143289608523723772e-02 -2.652176794181035704e-02 2.733781981908227354e-02
-2.927978324604074145e-01 1.722696128172563623e-01 9.626979436757783504e-02
5.016126170330951345e-02 -3.830843923790523686e-02 -1.114794663675048314e-01
3.032046666237926402e-01 2.564549916846998664e-02 1.683710258109559210e-01
-1.334388383202781414e-01 3.071892368194233947e-01 -1.243674884255447227e-01
-7.777589906476785331e-02 -1.682691224837462585e-01 2.607925926881063394e-01
1.528765446496542224e-01 -8.188767880918718101e-02 8.958445600986252033e-02
9.776242443075035954e-03 -3.792142873030737160e-01 -8.574221056871272895e-01
4.512895296373869297e-03 2.981327747519534888e-01 7.522586581728951671e-01
1.076647873097914404e-01 -9.979195585238901378e-01 5.158827340180562881e-01
1.301032490962373417e-02 4.651850349230472470e-01 -4.401255726954452774e-01
4.070116914717196166e-01 -4.712370526007519239e-02 -1.845197170815353893e-01
1.987957320931744987e-01 4.175773898473800899e-02 2.263085256107587873e-01
-2.480976306757479433e-01 -1.171080435528394914e-01 -2.820182548550037582e-01
-2.821250756782317862e-02 1.249980262416850174e-01 2.533047150613010334e-01
