4.948352897073427653e-02 -1.539955676173093924e+00 -3.215179079620278380e-01
2.597709066303722780e-01 1.593672241059509165e-01 2.752849788600832404e-01
-1.147998370325140183e+00 -7.488414091882704404e-02 -3.719370145339232492e-01
2.585780742676844768e-01 -2.192326825741461593e-01 3.795045279093359897e-02
-4.477277719115767274e-02 -2.661403199223909000e-01 2.915041541544979506e-02
1.768126550311283296e+00 -2.391835429323112272e-01 2.755309140081934616e-01
-1.457642596486496411e-01 1.401741072832764917e-02 1.256840324324048075e-01
8.810701240682212998e-02 2.069378742409027916e-01 -4.098771880107866979e-03
1.430609291801620275e-01 -1.524056361273250226e-02 2.984399879057532123e-01
7.745271547117732469e-02 -3.297342273457575662e-02 2.683914142787216517e-02
-2.993598631682455879e-01 1.390285716123590143e-01 7.144949268865476155e-02
-2.357725234209482323e-01 -6.062320760445881473e-02 -4.463294938101128317e-01
3.403543623594085243e-01 1.468538507450013048e-02 9.126652774504848131e-02
-2.111564183241037285e-01 3.393718467888837687e-01 3.077997112482934797e-02
-1.990262512785717641e-01 -3.408472585725686455e-01 1.163879366218152807e-02
1.409235811729290244e-01 9.015899090415030459e-02 1.292454486369001843e-01
-1.799502783384198390e-01 -3.323401852189938332e-01 -7.407447938352909045e-01
-2.352916684729558228e-01 2.406106097713633651e-01 5.743029511916545315e-01
-1.851142960522204617e-01 -1.190479352695503090e+00 7.658751988676103517e-01
-2.415968687201470455e-01 1.072080920834425966e+00 -6.443579982550806662e-01
4.312550212344234968e-02 -7.072340554118995704e-02 -3.558160729675002160e-02
1.804132142017108448e-02 8.369067930831586288e-02 2.010117407855311622e-01
-9.815231507848072579e-02 -9.561966685691042356e-02 -2.888684799323038010e-01
-3.934478267603528506e-02 1.004607568633692216e-01 2.696568158355689970e-01
