7.296949584457192162e-02 -1.577906385585154059e+00 -1.580016380583958158e-02
-2.620924867488284501e-03 9.932675386665090755e-02 1.222321075505928833e-01
-6.055318524039057793e-02 -6.951606789268649500e-02 -4.827059779556100438e-02
-1.184674572142330705e-02 2.222273901894780343e-02 -4.234799588850703470e-03
-4.212281148283886917e-02 -1.545505493289298371e-01 8.283517334790215306e-03
8.559685083184084831e-02 1.084486226839296852e-01 1.221816131314969536e-02
-1.825326123485145752e-02 -5.923424639820432797e-02 3.384217455578607953e-02
3.878910212489555115e-02 2.140749548710906836e-01 -5.790852531900183425e-02
-6.008155383569233760e-02 -2.317244814215796977e-01 1.064983522322478088e-01
-4.280508047120463316e-02 2.498209424269951309e-02 2.228083918442647082e-03
-1.869203852527795140e-01 3.225935272609670168e-02 5.266204109507670317e-02
9.111642792354743281e-02 9.466639771041591989e-02 -9.501057203867212253e-02
1.302161644687139901e-02 -3.834460322387991948e-02 -6.758550458784332027e-03
-7.833281569579010617e-02 1.648899775006720803e-02 -2.284930916381260058e-01
-1.927353953210375614e-02 8.031708545594906656e-02 2.655464259876703648e-01
1.416271091893470668e-01 2.560483265847275300e-02 7.601748054898299634e-02
1.590374011780528174e-01 -1.908694147269777430e-01 -6.171716296548672709e-01
7.587601415640590763e-02 1.890507541065518660e-01 5.878448993595517535e-01
2.184612011805135978e-01 -4.205646011971262421e-01 -3.751890873425314105e-02
1.355855997773030563e-01 3.651405266753633416e-01 8.255767523129996233e-02
2.320483643527589124e-01 -1.028141420193110778e-01 -2.108413371761889976e-02
1.962810602414803707e-01 8.834691322313970030e-02 -2.828736763275846444e-02
-1.654370949390859269e-01 -1.474668522950176031e-01 -2.174539715352827585e-01
-1.117207826244850793e-01 1.550607833273676961e-01 2.561421282491927465e-01
