1.028041675618208105e-02 1.359396345703760799e-02 -4.829601547253129651e-02
-5.265080501242669353e-01 9.309478621353088623e-02 1.164016866397163952e-01
1.984362228893023494e-01 -1.448937939755068349e-01 2.808218735535894170e-02
2.697340288180658657e-02 1.248671805341174390e-01 -1.041098185313490271e-02
2.225220051077686778e-01 2.549358988494538347e-01 -5.030251836745139316e-02
2.124360836314201362e-01 -1.183257657433837151e-01 -3.821930084183026988e-02
-6.839829837531924417e-02 -8.258514592117405240e-02 2.121362823115378535e-02
2.082667349308623128e-01 3.292000638132270840e-01 -8.016431405624835360e-02
-1.290315041529605800e-01 -3.960168267769934025e-01 -7.405667841815137542e-02
-2.776307982147156739e-02 9.033784502014287343e-03 -1.229200426680155181e-02
-1.246781744625955340e-01 -7.822026301992171873e-03 2.340811108189585765e-01
1.917512332349330662e-01 8.414700311747133621e-02 -2.446882344019853453e-03
8.377562031749095917e-02 4.912203797625769308e-02 6.736577484516853565e-02
-5.188886441288295681e-02 2.956326407640210152e-01 -4.835425838638605089e-01
-6.877693480133237336e-02 -1.482366156490436127e-01 5.235332625750169777e-01
2.413882671781516775e-01 1.043693584902849608e-01 -1.099574411200076110e-02
1.294827544483685977e-01 -1.218451198423956688e-01 -8.535233357253767528e-01
1.095098685911856523e-01 1.838548949753747164e-01 7.757486298246608625e-01
-1.317603894046615320e-01 -1.083334130891231220e-02 9.093323320602907101e-02
-1.658318372468964852e-01 2.207662052923040907e-01 -6.593128601647102460e-02
2.685747188918136685e-01 1.197172132393125796e-02 -1.707406779269361463e-01
1.574093647455800660e-01 3.275122546769788836e-03 1.008882725215751730e-01
-8.522538488042756544e-02 -1.822497349643176778e-01 -2.812083990261926014e-01
-8.657302323327853433e-02 2.077264231359879643e-01 3.098981323702687529e-01
