-1.352013624670165837e-01 1.748329293444780053e+00 3.179222625502158839e-01
-1.352070476458115067e+00 -9.067047870929234588e-02 3.673151267092711891e-01
2.204147589460013490e-01 -4.901283579440572635e-02 -8.196167877707241645e-02
4.026688079929773290e-01 1.923859135619077343e-01 2.408426944580085993e-03
1.900429256067578176e+00 2.007072836026080331e-01 -4.408084096109022854e-01
1.347644036087099761e-01 2.084414855257195609e-01 -6.842623466278185962e-02
-1.913011584000173515e-01 -1.535239852314854436e-01 5.794327766118286677e-02
1.389737120484967059e-01 -9.613470766774653842e-02 -8.675007073194347662e-02
-8.320878556204908821e-03 -1.337952146726485991e-01 2.367025455818108359e-01
1.150903560306300588e-01 -7.402945243448234847e-03 4.449066237029856985e-02
-5.308384077528612854e-01 1.697328784860450968e-01 1.035315711567986324e-01
-5.560095523026607756e-02 -9.452890278389787168e-03 -6.379042244167175690e-01
3.907391694164518148e-01 -8.614628596027437690e-02 6.295991438724274358e-02
-1.114413335582314785e-01 3.857414378892433660e-01 1.301758691467104212e-01
-2.154409341165749447e-01 -2.531959405451812972e-01 -3.318262787073460174e-02
7.592880160880768892e-02 -1.320740235400389984e-01 8.419479648863958943e-02
-2.181352592634405452e-01 -1.476939000368218680e-01 -8.173102119402526622e-01
-2.133032424608300726e-01 2.850275783800296781e-01 8.132994431983319172e-01
1.082014964160018522e-01 -1.073625347782427797e+00 9.499844684386424820e-01
-4.376849586104569756e-02 1.309297733011840492e+00 -9.045224753754985692e-01
1.857035660782609121e-01 -3.469452724730560239e-02 -2.953375918475709683e-01
5.523911977903118303e-02 4.478143960372239774e-02 1.925774632398157271e-01
-4.649560325113494957e-02 -1.095901343838287800e-01 -2.442049692410699635e-01
-1.004995439157507497e-01 1.471743236459033544e-01 2.864810154909235851e-01
