-3.209921281519634989e-02 -1.142755167442565334e+00 -1.964731595303322864e-01
2.369245551613261003e-01 -5.573737901119086430e-02 5.125264263504018813e-02
-6.114819049007105267e-01 1.781866668265065512e-01 2.506657083678575856e-02
8.825431660729617100e-02 -1.617850240007180085e-01 -7.888506439092611219e-03
4.963066900759847966e-02 -4.365065945429766336e-01 3.011029370610197181e-02
7.031025311735510375e-01 2.226652265555472687e-01 1.160229745371110233e-01
-1.845649033154486002e-02 -7.206618205815365497e-02 9.048903048346816635e-02
6.368623053300859205e-02 1.175042233489963922e-01 -6.409839032949705105e-03
2.707410880779691498e-01 2.359039436801279102e-02 1.572514321357104394e-01
-5.570174665067316455e-02 -6.451749509460349974e-02 -1.189466725085768471e-02
-2.548215733057531684e-01 1.595106509972458730e-01 6.421684481385622756e-02
-9.673876240313858399e-02 -4.408766950831789766e-02 -1.850287020068044075e-01
2.339258638767015286e-01 -7.290822112622893925e-02 -1.280112704555644429e-04
-1.245548172741509224e-01 1.903580909514203390e-01 -3.952214278388696544e-01
-1.375601952338294798e-01 -2.808971092809751102e-01 3.646064994489722766e-01
2.000876869603526731e-01 9.980198301098426594e-02 1.430874168169906091e-01
8.732219156712159314e-02 -2.093954534854545191e-01 -7.382567637113921499e-01
7.570728115618725884e-02 8.198082325324132502e-02 6.916751534200241691e-01
-1.429378972531798742e-01 -3.744740712685686868e-01 3.629003378207422137e-01
-7.505552333728228442e-02 4.886638548624304135e-01 -3.387005733625126913e-01
2.568198855869013308e-01 -1.129669878960562479e-01 -9.718687414301301064e-02
2.485036015848049451e-01 1.049912197306047956e-01 1.767298098345109758e-01
2.427265021176353010e-02 -9.269588167729758688e-02 -1.729753543754071754e-01
4.701518591068045566e-02 9.367739137452396614e-02 2.611690523123608165e-01
