-8.323386539209542967e-02 -1.250436464026781769e+00 -4.072661116434683759e-01
2.979324437638847800e-01 1.334359908102276254e-02 1.550920375919748184e-01
-1.285801635659703734e+00 6.866381831048826156e-02 -2.196394950387481892e-01
3.063141444236174293e-01 -2.724019690143175687e-01 3.155691319184703719e-02
4.181726891838038335e-02 -4.454695075382401614e-01 1.631386288159163145e-02
1.906857720682211044e+00 -1.359942956426464233e-01 2.864926576129299685e-01
-1.887941043763540772e-01 6.952519061615182461e-04 1.221623645902114169e-01
2.909337898973713421e-01 9.581272189320556854e-02 -3.195627699350335471e-02
1.861205561941605413e-01 1.094490147694357832e-02 3.485256728546608507e-01
9.367473412634591545e-02 -4.641546199524510669e-02 2.987983977083498791e-02
-4.511846297721769372e-01 2.076971538396449324e-01 8.248918551632630769e-02
-3.060048877820443214e-01 -6.947578903700434017e-02 -6.234093453500852977e-01
3.569821588936143431e-01 -5.580309744972436481e-02 -5.802834283491471387e-03
-2.255848825888493170e-01 3.440839775050289484e-01 1.901452354605031314e-01
-2.513722479843828461e-01 -3.576670794617338167e-01 -9.014335342034694720e-02
9.464144545686302423e-02 6.410270239762259903e-02 1.765929984707776956e-01
-1.794833065584514054e-01 -3.046801117592656816e-01 -7.771205710531935429e-01
-2.130430151095647207e-01 3.150302166451994235e-01 6.694604338030097912e-01
5.137007714256869306e-02 -1.297125111835468081e+00 9.316173811616008660e-01
-1.131782800469515182e-01 1.358249076347177731e+00 -8.859747847395376130e-01
1.755566221886090683e-01 -2.011396888310613973e-02 -2.157468642039427897e-01
6.795706345402430237e-02 1.018358614216894609e-01 3.140925879213210536e-01
-1.068968345076634907e-01 -9.338235679289214053e-02 -2.676875589636654174e-01
-4.135555868537633961e-02 6.942706952350038985e-02 2.907803656893320210e-01
