-4.798099112781017972e-02 -2.670858463262090199e-01 -2.837706727791434735e-01
-1.266970932481890607e-03 2.934454159472585921e-01 3.029949159581975526e-01
-6.762120586050790472e-01 -1.281817983616909962e-01 -3.174715074341907250e-01
1.754809225678392592e-01 -1.348144199901740448e-01 6.517752754317884811e-02
-5.595886332678795538e-02 1.772195568335255822e-01 5.084123218486617107e-03
1.539252909006493253e+00 -2.119890133733199067e-01 1.989067836858481042e-01
-5.890707162521831991e-02 -3.786261187646623727e-02 1.435645875496955326e-01
1.857228192459338678e-01 3.178029478640164163e-01 -1.858397228069837495e-02
1.319080310879077456e-01 -5.347668571010208427e-02 2.071347111322402734e-01
2.304471168539410069e-03 -4.262612555539058157e-02 1.528440371266643651e-02
-2.202466433724868666e-01 7.946661029849418079e-02 1.466657404227886818e-01
-1.396434907811761883e-01 -4.763130001933120472e-02 -2.653152154294213250e-01
2.390193084518896505e-01 -8.206364777982021186e-02 1.712076723538611123e-01
-1.104608236908194013e-01 2.870480674433113499e-01 -1.642190754210187675e-01
-1.478864248060420272e-01 -2.337651411282583580e-01 2.489011621014897979e-01
1.392900128146615235e-01 -7.258714747127141542e-02 4.154387742090651786e-03
-7.650501276667978634e-02 -1.863698255763070744e-01 -7.265625991286182028e-01
-9.347938545691970857e-02 2.239567562993929895e-01 5.925070028052645821e-01
1.002781156202921242e-01 -9.293137799137031196e-01 7.087276232742207860e-01
2.804000066259656337e-02 9.092612100098931283e-01 -5.779104823316597583e-01
4.123048310532206884e-01 -4.083273362651880511e-02 2.222908900139040564e-03
3.556195343531778907e-01 6.708139732474377448e-02 7.969193424998752273e-02
-1.422454700438985087e-01 -1.694684999248960988e-01 -2.747601293993822691e-01
-1.146435122869093048e-01 1.443433158583722620e-01 2.726844883838618894e-01
