-1.870438304623701364e-01 -1.915042483457074285e+00 -1.660780159354200425e-01
-1.065935315351418389e+00 -9.362660965097513444e-02 2.897769147890230101e-01
1.470827516803008550e-01 -3.692648239548894373e-02 2.034289907168539829e-02
3.163786846294320831e-01 1.541733802158211375e-01 -3.053564608996713753e-02
2.061527140660281976e+00 1.717136315618894848e-01 -3.942768552962143680e-01
1.300287296132310588e-01 1.952044840144741000e-01 -3.220090129581359290e-02
-2.233472005897007562e-01 -1.221246025409874481e-01 -2.948222726397859220e-02
7.883715830572912697e-02 9.679643482971701796e-02 -1.141459499297240027e-01
-4.974534735710894190e-02 -2.500294389480386403e-01 1.548539016384926914e-01
1.136467005147617365e-01 2.377262267934820809e-03 1.043982567679615017e-02
-5.818266735961571401e-01 6.517896276129006572e-02 1.667161691085037312e-01
-1.035858925484028498e-01 1.022063097792551001e-01 -5.909422718066453806e-01
2.088482325494993297e-01 -3.520830808241480481e-02 -9.336008770801118573e-02
-1.703464210855953620e-01 2.904391770632733238e-01 1.763550372677913647e-01
-1.974537168923778951e-01 -2.010014108592662885e-01 -1.357350992009089541e-01
-8.190871478041493459e-02 -6.170831232078886897e-02 9.120486233386052022e-02
-3.576338509710435543e-01 -3.144868052931372171e-01 -6.106212197671720965e-01
-2.741159853713168171e-01 2.186167441394663291e-01 6.759271319830117974e-01
-2.366197868155644757e-01 -1.096632706732860729e+00 8.053582419916984758e-01
-1.504179406476426617e-01 9.542080398346479697e-01 -7.185515348727268270e-01
5.093241304524811358e-02 -5.103793245223077479e-02 -2.152880838794972718e-01
-3.654742546981364082e-02 1.050946163029395017e-02 1.692694688159969707e-01
-5.380798447263043099e-02 -9.520006610279255210e-02 -2.550619528898300792e-01
-5.584881415916232578e-02 1.747989179824026296e-01 3.061435688304313119e-01
