-6.746785171651591140e-02 1.562812034667740546e+00 1.705696352751626121e-02
2.216160673186303165e-01 -1.420023907424738663e-01 -6.977265319632858231e-02
-3.725619899821198122e-01 1.369675904723456905e-01 4.327507520506400363e-02
-3.472040815075366164e-03 -1.027863244249733882e-01 1.731671729984642430e-02
1.911408172327272725e-01 -5.460762473960372176e-01 -1.762572270031837612e-02
4.002742315625206770e-01 1.854997587225643008e-01 3.491784981051961750e-02
1.514543630258872314e-02 -7.104803429367806400e-02 4.838819020872009435e-02
1.290169560237324209e-01 -4.131173924664636662e-03 -6.437630528010468423e-02
1.534130519775676882e-01 -7.718677520692728000e-02 9.622501040236486336e-02
-6.151003384726837914e-02 -3.408413380685990784e-02 -2.834680518376150177e-02
-3.140366332366050228e-01 1.865716109554814706e-01 6.756456553552871169e-02
-1.328644607821140126e-02 -4.917361937106123210e-02 -1.788148735816992019e-01
3.454105435059592333e-01 -3.372882617676689621e-02 -9.325120973950369596e-02
-1.260474653246899113e-01 1.906792110140509977e-01 -3.697167106108975587e-01
-1.458222561817748841e-01 -3.032239879460659759e-01 2.911511230412457962e-01
1.872719774207685650e-01 1.883621038377196744e-01 9.305444327469830634e-02
1.539396369723130820e-01 -2.404465936624167466e-01 -7.872742738804685558e-01
5.978357801924358414e-04 6.694708262394764853e-02 6.437765800616017664e-01
1.150741233222415810e-01 -5.176301198042658758e-01 4.307224448693869334e-01
-1.686687399709464741e-01 5.495157271220214579e-01 -5.198617705930664856e-01
3.690924353213739795e-01 -1.652366609040061829e-01 -1.509010780966690835e-01
3.088455532078407395e-01 1.426164531405443581e-01 1.692701681457997875e-01
-4.872524906145448559e-02 -1.275971283209190454e-01 -2.324959978999004695e-01
-5.198239170917765689e-02 1.407609028907190196e-01 3.552845513062413141e-01
