-6.709535614851858121e-02 -1.329174208335525798e+00 -4.487713653301500516e-01
2.784864248971366529e-01 7.932033976596075675e-02 1.873726575936118521e-01
-1.320827185593494990e+00 -2.964967196721718726e-02 -2.820532183644823276e-01
3.195139129602357908e-01 -2.475784079414849459e-01 2.729163192868130569e-02
-1.957729344712467318e-02 -4.019940236419164981e-01 4.646006719786345378e-03
2.180280106092447046e+00 -2.372597174530529929e-01 3.688938700462477405e-01
-1.353612788071927309e-01 4.105786703479354094e-02 1.386204967448926018e-01
2.504019075207112865e-01 1.556954053620258904e-01 -4.021958484381466664e-02
1.866917442024045304e-01 2.195109902222807177e-02 3.080342916806091957e-01
6.795978520963349978e-02 -2.552177478863635468e-02 3.596236063100483049e-02
-3.924301517331820199e-01 1.460159999578452272e-01 1.148820482323448106e-01
-3.246268723116190746e-01 -4.733212145721896191e-02 -4.932916543307960255e-01
3.289922029558573491e-01 -2.362882704359754726e-02 3.583498616359200029e-02
-2.098057483181469673e-01 3.586855964185615142e-01 1.534974808789722756e-01
-2.028572905852828179e-01 -3.083220382445869823e-01 -1.832162028828347375e-02
4.631577695860069482e-02 2.062958167685207886e-02 1.368809462773496743e-01
-1.872687177569027916e-01 -3.188211593411517941e-01 -6.801259293560339980e-01
-2.644812533502345908e-01 3.014774911902312615e-01 5.497675677770141878e-01
3.094004424278570115e-02 -1.117182932775307780e+00 7.671071503797629587e-01
-2.221247971226960605e-01 8.719542693784682053e-01 -7.247383475756243865e-01
2.478931839889430000e-01 -5.733527953807636413e-02 -6.158524332976711424e-02
1.188035537483650705e-01 1.000341677126722201e-01 1.753001726491283663e-01
-1.399488999161989100e-01 -8.917108471254708846e-02 -2.418715121693708892e-01
-3.508297090641258886e-02 6.996453333660229701e-02 2.430401045996772591e-01
