-2.814783903604630710e-01 8.517533431790711429e-01 -1.017111112886086161e-01
1.255092603751224167e-01 2.775357929629892334e-02 4.366760696199044334e-02
-7.382705260167156114e-01 -5.152653803530573423e-02 -1.886023602068679639e-01
2.001507757683776978e-01 -1.248579884821095637e-01 3.633856482990559245e-02
5.065295433564653144e-02 -2.943065685090419659e-01 -9.282888485454107719e-02
1.835274581621424428e+00 -1.737776167904632740e-01 2.620281095165514218e-01
-2.275095912841933535e-02 1.554566704806894118e-03 1.032581596038407296e-01
1.846934251404350746e-01 1.299128466193598952e-01 -4.459894203356656872e-03
6.709024680643752014e-02 -5.578088374886774892e-02 1.934183495963078259e-01
2.699838248890047004e-02 -1.704844942209888040e-02 8.908805401931419246e-03
-3.273763134328270263e-01 1.462913866585462408e-01 1.316779101628211546e-01
-1.923583140389640844e-01 -3.105904292100451769e-02 -3.279584021908008018e-01
3.604144392752981485e-01 5.917029412335701039e-03 4.676310125722096811e-02
-1.461344312729155048e-01 3.136001882328902646e-01 -7.826952003697994209e-02
-1.342774043880274604e-01 -2.560417596494510284e-01 1.697400692801813715e-01
6.837882025243666173e-02 5.264454535476868063e-02 5.456882915271908663e-02
-6.028738944066712457e-02 -2.398392414604531564e-01 -8.446967053312851581e-01
-4.431693912121445478e-02 1.885812294379730081e-01 7.900066277859203456e-01
9.627185562706248867e-02 -8.038504872918101896e-01 7.027185899030825578e-01
-6.779459074823483700e-02 7.190220501487840643e-01 -6.227986097759992123e-01
4.617425420148612014e-01 -4.864148741509312368e-02 -1.078451161038071343e-01
1.988196128149689879e-01 1.175425204884062852e-01 2.174796747066262692e-01
-2.006355970523452381e-01 -1.381326767583892778e-01 -2.883423264220393301e-01
-7.275703981871345372e-02 1.274341647530360944e-01 2.923072193987716894e-01
