-1.436323051689482877e-01 5.154454798678205218e-01 -1.031727204700026990e-01
-1.667931332833000324e-01 2.245767780690047233e-02 1.390084397085377191e-02
-1.827072308518049581e-01 -1.086805549104370439e-01 -8.195314049583371507e-02
6.260755913978272025e-02 1.728898932900579249e-02 -1.179869479239346181e-02
1.733305468196087440e-01 -4.741906738751042183e-02 -1.137646357151915061e-01
1.189859663605782325e+00 -1.626262027481598094e-01 1.392651764660088332e-01
5.112757837891145248e-03 -3.597714737169494664e-02 9.338809152967905702e-02
1.230764340175621169e-01 2.488266045745523569e-01 1.013440990080871802e-02
1.087829854196101093e-01 -2.085575494937003393e-01 5.889812049036649566e-02
-1.375595611701371616e-02 -3.677817399729390105e-03 -6.135469806512909574e-03
-1.802657329312529755e-01 4.913740818824633566e-02 1.974949474773436964e-01
-6.533572151736133371e-02 2.533298649675532963e-02 -9.256134607579985518e-02
2.364767855140345876e-01 -4.779017720482084570e-03 9.802997433222813972e-02
-5.910780690736756882e-02 3.517943210432721846e-01 -3.344287392295337003e-01
-8.920994616093043394e-02 -1.859620694518036577e-01 4.456691852712060253e-01
1.729462570615813433e-01 5.045459788457072603e-02 5.176844992753052398e-03
5.219635822088699445e-02 -1.170948140122920478e-01 -8.294118405536492489e-01
8.039226847384689512e-02 2.175940148908895588e-01 8.310615821186335683e-01
-8.537465930091499289e-02 -1.886908951243651267e-01 3.234549180255683054e-01
-1.764956129641011562e-01 3.147627876931307633e-01 -2.454927984358099557e-01
3.701174395408214912e-01 -8.516083425928105965e-03 -9.843837563539890867e-02
1.142377496126923825e-01 7.080814492291899465e-02 1.227894702745340599e-01
-1.184004197922460810e-01 -1.338220763049445816e-01 -2.519538143486116377e-01
-1.169481660372677367e-02 1.313695815658154353e-01 2.628121330786510335e-01
