-7.727811144204012675e-03 -1.935793704679797944e+00 -1.222848739546781166e-01
-5.998687399340151272e-01 3.203673216768399001e-02 1.827930730804549764e-01
2.438339668992948739e-01 8.697968232348174053e-03 1.458338201618796237e-01
1.173556077792016622e-01 1.064982758341360275e-01 -5.331426158902787850e-03
3.176741734050103072e-01 1.539796589913788316e-01 -2.925952132623172233e-02
1.376603263203647343e-01 2.001131009761385471e-01 -2.555815991657747061e-02
-8.327244402506273069e-02 -1.231423987109072915e-01 2.891488719294336984e-02
1.693974635941689066e-01 2.756579733281481759e-01 -9.094577797351389992e-02
-3.141553759906209886e-01 -2.657961368896842314e-01 -3.461858822855300860e-02
-2.258337645666173149e-02 -1.966786854116598163e-02 7.226168132050362659e-03
-1.947223524172999876e-01 3.043775869555518862e-02 2.375098522028792070e-01
2.146287884781043487e-01 1.004463924517250278e-01 -9.582252143362840480e-02
8.715695923270140588e-02 -1.133195578636128978e-02 -9.075622944681813881e-03
-1.210064940567477515e-01 2.690830949896796387e-01 -2.548978654566129709e-01
-1.358803787845634381e-01 -1.601403276169407752e-01 3.479748731566957298e-01
1.248993107651214934e-01 -3.858509199843835474e-02 -3.920102501223415165e-03
-1.066860310393168698e-01 -1.988393389528227140e-01 -5.750044588930981471e-01
-3.171916519115158123e-02 2.007616380648115373e-01 5.782888291637944267e-01
-2.678186827900757572e-01 -6.070895537856342283e-01 4.560734794903634204e-01
-1.964644285343009888e-01 6.178246610320784482e-01 -4.353888489441212206e-01
2.073297207935137776e-01 -7.296841684008947837e-02 -7.306777998074159841e-02
1.089198722561252192e-01 5.378478625969412841e-02 6.823145880350990969e-03
-5.612302508560493980e-02 -1.731055894239420800e-01 -2.900962846627891945e-01
-3.890742462589508871e-02 1.831826349342014770e-01 3.006318632483431785e-01
