-3.464824516866368137e-02 -1.925661812734816847e+00 -1.193814807155235830e-01
-8.487180343138121807e-02 5.738470803388145275e-02 2.398599558229267126e-01
-1.296410922898450779e-01 1.954374975505846282e-02 5.934766453935230029e-02
6.603805503835727397e-02 2.773748159026366220e-03 -9.025762192872065215e-03
9.498120333197130893e-01 -6.720597177058899863e-02 -5.797332049712670271e-02
2.914278184540831096e-01 1.103662442854744657e-01 5.813842089479018260e-02
-6.397028223151131343e-02 -2.362806240654921272e-02 5.291528410740259369e-02
1.387789890629894107e-01 2.653817533135321427e-01 -1.036413685993811118e-01
-1.075623948392867846e-01 -2.025091330383023691e-01 -1.544295560479595764e-02
1.099945457504669481e-02 -1.483665861289672205e-02 -3.383535912490033635e-03
-4.349965575897634662e-01 3.269400350234108465e-02 1.578767397425466512e-01
9.691841363517297511e-03 7.214308516907860791e-02 -1.637561022698318380e-01
1.155891777953623606e-01 5.962564377892994039e-02 -1.076335050076201831e-02
-1.073726116267333663e-01 3.760897852141387721e-01 -1.829012649786389832e-01
-8.567243341436496518e-02 -1.673254109863113182e-01 3.335978728383682812e-01
8.338103445087095833e-02 -3.899037307282385290e-02 -2.594434138083270142e-02
-1.481714101442458131e-01 -1.730097411807293151e-01 -7.334147014005402143e-01
-9.002221786649479418e-03 2.208680456090241495e-01 7.574770509320376544e-01
-4.542461168171610941e-01 -3.124674869459946325e-01 3.116393823204757219e-01
-1.868955339082885858e-01 1.671297784872745329e-01 -2.005122110366667765e-01
8.630289175084178421e-02 -2.838953019686183202e-02 -1.462963611547782039e-01
8.200512168887047482e-02 2.215851497776084693e-03 1.595069360914330991e-01
-1.147461963907969035e-02 -7.467808670402993620e-02 -2.008159300582661455e-01
5.350901328863000295e-02 1.057840422743903525e-01 2.363277337167860037e-01
