-2.177666351766869013e-01 1.964721722826117678e-01 -3.242863966407507070e-01
2.084317379222399291e-01 2.336252430526098434e-01 3.408426509411970340e-01
-1.171750531351299252e+00 -8.343544906795138938e-02 -3.320414219067335804e-01
3.006160995757297671e-01 -2.178048141917079128e-01 4.679974641894171783e-02
-6.376745417145077144e-02 -1.170473670072955802e-01 1.404833430249692941e-02
2.196676838310638757e+00 -2.094414523851176879e-01 3.916649515669369253e-01
-1.470521430818649833e-02 2.728990247278103437e-02 1.593176195460877798e-01
2.027208911998906737e-01 2.151074118949830583e-01 -2.315145317264688529e-02
-3.613674025541848897e-03 1.213599653928696814e-01 3.044174656265226653e-01
3.867270633245353806e-02 -2.500619762716865466e-02 3.500429522493057194e-02
-3.967619460733511350e-01 1.516121946944971877e-01 1.031104097921899387e-01
-2.400093495506225028e-01 -4.883398407666870306e-02 -4.460658442657292611e-01
3.333047607335923312e-01 -1.906898292822604632e-02 1.826303943228913262e-01
-1.690899005449356951e-01 3.235475984465959187e-01 8.471345895943820092e-02
-1.211428867308688012e-01 -2.447571946988205405e-01 5.533798231431656667e-02
1.124349404722566753e-01 -7.209220542336573778e-02 9.469803158743964056e-02
-1.393517544427602395e-01 -3.942460422947595688e-01 -8.574343021216985772e-01
-2.026573440014442784e-01 3.425340911773578356e-01 6.587079404194396970e-01
2.424560652656929383e-01 -1.539442423905680757e+00 8.678765846431287789e-01
1.369521281302378806e-03 8.971824050265750916e-01 -7.515765819817833426e-01
4.091740561589344294e-01 -4.905328886772248459e-02 -7.881675182363691301e-02
3.044549572218303024e-01 5.407336981154602096e-02 2.271554708818181167e-01
-2.781424643719236367e-01 -1.472957027072485381e-01 -3.328481672911292599e-01
-1.194405438939175751e-01 1.313363581258624735e-01 2.606491410557467692e-01
