-1.187865665710064259e-02 -4.370130478737805912e-01 -2.119391747997593500e-01
-9.537565850446728249e-03 3.289300810583753454e-01 2.678274239209508245e-01
-4.245079267915445320e-01 -1.856759685260979398e-01 -2.479114293712302297e-01
7.794163276217488945e-02 -8.802765303600766644e-02 3.168794540828023115e-02
-6.397058459053558965e-02 2.601219287002824454e-01 -1.490899011635141267e-04
1.030711126201109717e+00 -2.708652314603685052e-01 1.390029728013233989e-01
-2.926021920787857250e-02 -5.227340244642108419e-02 1.176792581137041244e-01
1.425787989310775550e-01 3.891947066566644464e-01 -4.808365667486302203e-02
1.496219504268813671e-01 -1.846314171204760934e-01 8.037061962215910627e-02
-2.015385933297006785e-02 -4.514403716760099355e-02 -7.849357430656353843e-03
-1.138962611295476907e-01 7.426865560860764458e-03 1.864386543545712427e-01
-4.243488714907838605e-02 -1.611901394802708193e-02 -5.882215883948119922e-02
1.826883328344283686e-01 -1.067733888535536690e-01 1.628552215170453177e-01
-5.255845076109135622e-02 2.840415403935084293e-01 -3.495403325406086226e-01
-1.115687859368209023e-01 -1.844939440954750376e-01 4.319951577356680450e-01
1.953028598294472007e-01 -8.793998469124096606e-02 -4.005710611357272966e-02
-1.944276241713234054e-03 -1.310411757086554774e-01 -6.642043488146690544e-01
8.360791400924445782e-03 1.859830338588261966e-01 5.834594108089822262e-01
-3.603425736291453879e-02 -3.951696234685624365e-01 3.786100758088221663e-01
1.880585695466952326e-02 5.103844223166460470e-01 -2.451364790006069772e-01
4.146726541446890679e-01 -3.476382077803921722e-02 4.528978279006446589e-02
3.757258973777825029e-01 4.888390876079954511e-02 1.032163451129100920e-02
-9.270773303855206482e-02 -1.526818579488525007e-01 -2.080851062825639641e-01
-6.661083282251492599e-02 1.398195597837740556e-01 2.241951673369666498e-01
