-2.840372817574879361e-01 1.436471704464762134e+00 4.245896770124889946e-03
3.115730048398420160e-01 -1.144531753459980261e-01 -6.114117781728984789e-04
-9.217094975394802825e-01 1.328468407166825960e-01 4.732663597328172836e-03
2.157135145956877997e-01 -2.271181304885060426e-01 6.719319605753058464e-03
6.776366821150114905e-02 -5.388386381079837140e-01 1.688865270657854620e-02
1.323483521068673285e+00 -3.082253040129198651e-02 1.964110829460958829e-01
-8.693127340648305890e-02 -5.962772377527280482e-02 8.257964556235682096e-02
3.578262010772246260e-01 1.270677927849930833e-02 -6.420381630507662751e-02
2.394140503953302579e-01 -3.745622408542838983e-02 3.110231318058905292e-01
8.335221433893673371e-02 -6.870084925955743937e-02 1.779836172561118438e-02
-4.970901323190594079e-01 2.523642854679408742e-01 9.308111207637063955e-02
-2.282911995909913117e-01 -7.460471516380429158e-02 -6.148337039954454575e-01
4.284943634614405417e-01 -1.495738061940899560e-02 -8.329252360066662086e-02
-2.038308000370109840e-01 2.252301987225855118e-01 1.471468705465764082e-01
-2.376678045383420479e-01 -3.620715550792474868e-01 -1.038441879667886675e-01
9.217290601394703686e-02 1.198138438748960477e-01 1.876238903079850973e-01
-1.928204235175761116e-01 -3.800784096031359915e-01 -8.282119428416162554e-01
-1.540072022320553569e-01 1.977181461729713985e-01 8.218035937976763128e-01
1.320973346819389327e-01 -1.330643377966150398e+00 1.066025600317524136e+00
-4.103147583259848102e-02 1.491082212875677993e+00 -1.070989834121111484e+00
3.916821515891321104e-01 -4.229231794710107406e-02 -2.648729256033716672e-01
1.673881359391198587e-01 1.272959781492216946e-01 3.646785700667989905e-01
-1.520007484668225162e-01 -1.167328074389782783e-01 -3.052263091431119957e-01
-7.088927696818866919e-02 1.112271509591601787e-01 3.747238546629346190e-01
