-2.622426414599547950e-01 -4.023246652523290168e-01 3.435969420484627501e-02
-1.248914796233589808e+00 7.859218666670457834e-03 4.447915360156404763e-01
2.708358141579429446e-01 -1.470520984502269313e-01 -1.187673955836386352e-01
3.156260046253253626e-01 1.940752867337889875e-01 -2.697111766786860348e-02
1.870630651698734548e+00 2.711373634072225536e-01 -4.217506227239813943e-01
8.884591690071400039e-02 6.930814796898104868e-02 -6.136125708024030290e-02
-2.410759010233045341e-01 -1.551163719235401084e-01 2.187313808260517300e-03
2.213184699900907215e-01 -7.807659713705342001e-03 -1.432622758903612792e-01
-3.926620549633749735e-02 -2.263167395653074565e-01 2.351485961339812303e-01
1.677288566209779452e-01 -2.463736671740092161e-03 4.345728889803907730e-02
-5.425004110971334281e-01 1.283838778511422196e-01 1.279874791697634684e-01
-6.908729452315411079e-02 -2.381357764092394136e-02 -6.689710564931450332e-01
3.910882520448153432e-01 1.287663251691054944e-01 2.275429056553207596e-02
-1.392964589997275071e-01 2.740735092254188987e-01 1.775418492742764365e-01
-2.111018997925119822e-01 -2.398995516845117693e-01 -1.522217288884126496e-01
7.984605272571169282e-03 4.629113808778373418e-02 1.135873228964053988e-01
-3.614481165331776547e-01 -1.774940906688777242e-01 -6.551034744984857161e-01
-3.264855875819205888e-01 1.656744865639163677e-01 7.560215307523795447e-01
-4.569346902280925493e-02 -9.560525943086247702e-01 9.465270961973267783e-01
-1.019438326911017989e-01 1.523807596107464191e+00 -9.201582170776403391e-01
1.601228435198294164e-01 -3.310432886570718186e-02 -2.232730842136731175e-01
-2.289710870231019893e-02 7.536313674403678775e-02 1.626445152214099077e-01
-6.639478287015931901e-02 -1.065369525284050461e-01 -2.737881412818589100e-01
-1.187162293961087495e-01 1.511979083940553914e-01 3.504689587869560530e-01
