-6.793926798120997201e-02 1.807992736993859983e+00 2.416507128501822754e-01
-9.990726271414600568e-01 -5.866722396745908258e-02 1.962498116411706961e-01
4.941318907966814333e-02 -2.558679581618035492e-02 -6.408652531381546502e-02
3.055160999095924423e-01 1.293176309517396205e-01 2.325243700655010848e-02
1.717358389828011811e+00 1.698291340775679448e-01 -4.171159837276675608e-01
1.719814231882619837e-01 1.558390090244385906e-01 -2.919133555255731816e-02
-1.159522654017181853e-01 -1.201272787922769841e-01 7.579278727662509818e-02
-4.338936120053328571e-02 -3.075585537297854596e-02 -8.286329163282486754e-03
1.903765744058474180e-02 -1.264239072064106129e-01 1.388969206491449393e-01
4.281937007528734823e-02 -1.174947401152267104e-02 2.228612750005584328e-02
-4.305244378624358825e-01 1.545427303969329758e-01 4.905205414688264959e-02
-2.420759803367832086e-02 9.420778816529596852e-03 -3.928611267772362803e-01
3.166684167097071900e-01 -5.212818694959884397e-02 2.055310504124459314e-02
-6.774629562728154419e-02 3.292063894167635563e-01 -1.160418465827647155e-01
-1.347640184961157450e-01 -1.822600530066124380e-01 2.452742699748460820e-01
1.170732717465407247e-01 -8.310255172780313393e-02 9.578685310822123225e-03
-4.015552362367962036e-02 -1.203532626366659447e-01 -9.109222688263425294e-01
1.854974748871912257e-02 2.174292951953958053e-01 9.342885140995420556e-01
8.109045527412113430e-02 -5.511662033793746085e-01 6.178715846028673964e-01
5.635018440088773034e-02 7.033790805134121360e-01 -5.198555732876632973e-01
3.153615661116783708e-01 -1.265724903865105694e-02 -2.995694985156444057e-01
2.016117552892595366e-01 2.339128644579363189e-02 2.251476109380021462e-01
-8.775345995448867453e-02 -1.093841685099249811e-01 -1.797829110092604710e-01
-9.909822351223145087e-02 1.443819421160842942e-01 2.541656390469353433e-01
