7.326663252697182549e-02 -1.573746204305237706e+00 -1.495471873874759314e-02
-4.654321589514406367e-03 9.881265471485582708e-02 1.203965281973834733e-01
-6.218166805726749874e-02 -7.031587448733311874e-02 -4.929284223428261752e-02
-1.007561678251736419e-02 2.227006768142091031e-02 -4.652993965624132103e-03
-4.269041083367734746e-02 -1.559353908211875972e-01 7.973999416772604987e-03
8.615263390221192252e-02 1.076819606772932009e-01 1.089224074620096655e-02
-1.862176823288579433e-02 -5.980246969641832278e-02 3.263769432768651169e-02
3.764227055332749344e-02 2.154549562199125634e-01 -5.821789121409935014e-02
-5.973369826555611356e-02 -2.339478397974592006e-01 1.072894535406149069e-01
-4.305397188332066305e-02 2.495096246590712205e-02 1.681903177797645314e-03
-1.865290410092425577e-01 3.067712656396297602e-02 5.447760091474095762e-02
8.954997621530182139e-02 9.603586773379557684e-02 -9.632590609682302463e-02
1.027270488634465101e-02 -3.463709213539643145e-02 -1.166304397668809986e-02
-7.758695610107575746e-02 1.441374765548366320e-02 -2.310569192300282737e-01
-1.919981121912390370e-02 7.988909078424964727e-02 2.682024481176666364e-01
1.408755216867268178e-01 3.204690158358717428e-02 7.449256856157911166e-02
1.604942058066504695e-01 -1.911065756200394095e-01 -6.105902825481558382e-01
7.767423120497837785e-02 1.869690540292696379e-01 5.883714263422810120e-01
2.223595180016114115e-01 -4.251943434862057725e-01 -4.129003895275164954e-02
1.365291131044478468e-01 3.685677702275648726e-01 8.494466958356833297e-02
2.318291782443770155e-01 -1.047018033591090441e-01 -1.614868778962913129e-02
1.960631491274820171e-01 8.946937980700520043e-02 -3.146011189132579683e-02
-1.642154792227475679e-01 -1.478745847996558727e-01 -2.177532158825400133e-01
-1.111649965336538592e-01 1.559271244195854500e-01 2.572719498715845821e-01
