-1.458392074691024776e-01 -5.745804571691425638e-02 -3.628551169023636058e-01
1.044741161050756206e-01 2.921047826918973245e-01 3.763748587392521383e-01
-1.018749380887371103e+00 -9.684399453980961636e-02 -4.187257783067703243e-01
2.873618578957911618e-01 -1.970226979330892969e-01 8.740225327279056711e-02
-7.773956835722570236e-02 3.400833632215854302e-02 2.853853498714624230e-03
2.017665335235649060e+00 -1.523076141565520014e-01 3.083123936409625232e-01
-7.716837688032329723e-02 -1.143812031821217663e-02 1.731417714336229707e-01
2.333978428762215340e-01 2.405368415171824370e-01 -1.602157036708515975e-02
7.820555899382630738e-02 1.097706755637727488e-01 3.658835386957124403e-01
5.393535020813026298e-02 -3.360328289458970608e-02 4.357517874618139359e-02
-3.549345546800468099e-01 1.344656011361675674e-01 9.773749942500165044e-02
-2.519395508355267710e-01 -6.472019063976977571e-02 -5.109584806785717470e-01
3.044093034725256497e-01 -5.215653383212335431e-02 1.654620414591204125e-01
-1.544171960856469961e-01 2.855546608196799507e-01 7.101851978320729286e-02
-1.666700616784924094e-01 -2.450861996334365855e-01 5.173893292588848530e-02
1.106430686233470101e-01 -5.854659451719168572e-02 6.574334058901896982e-02
-1.738174047318766235e-01 -2.932588248689122490e-01 -8.210746495895695496e-01
-2.449196823413828383e-01 3.300609176040930626e-01 6.096706602074457582e-01
2.206582063104676750e-01 -1.340875115996232214e+00 9.108298156244797328e-01
-1.868663117396569123e-02 1.096812356582278714e+00 -8.082330609021242118e-01
3.774105259153825442e-01 -2.725792784914773947e-02 -7.698003601264705176e-02
3.368453616871165957e-01 5.706536752588498018e-02 1.923046069538744129e-01
-2.081270126012398358e-01 -1.590897512106885514e-01 -3.026454379359380109e-01
-1.537686577690267620e-01 1.230163919156507107e-01 2.687786154125461624e-01
