-2.889337887830625284e-01 -4.917033589292162388e-01 1.174970964634705628e-02
-1.258811294568069838e+00 2.678042084439900133e-02 4.302288088046239967e-01
2.803121097763844327e-01 -1.410933306254524844e-01 -1.065390562949388858e-01
3.303169972330802229e-01 1.995600132807016369e-01 -1.626089351473877093e-02
1.986100976510091654e+00 2.736045012760736084e-01 -4.629213480011126203e-01
5.490721421680849756e-02 1.167267358504762570e-01 -5.195911392611991114e-02
-1.777273439107532882e-01 -1.409943962217141966e-01 7.285995690122997782e-03
1.485590809092113829e-01 -1.427614979614159896e-02 -1.633967423011442877e-01
-4.076524627234268637e-03 -2.063014886865445208e-01 1.753732467517110927e-01
1.207950895925763990e-01 -1.715547138384578962e-03 3.367954799118810794e-02
-5.496993447671072452e-01 8.626144185572831580e-02 1.518597701481573525e-01
-7.071561597909539754e-02 2.619963022204655281e-02 -5.419137166446731380e-01
3.493557248916179803e-01 1.622747189705285586e-01 3.431299795970225996e-02
-1.341779912986708345e-01 2.720545777945536092e-01 7.909866984703944892e-02
-1.517907052774794541e-01 -2.176314852300567093e-01 -2.798199846897271928e-02
2.357915399170623649e-02 1.934069937265957273e-02 6.214697971825818706e-02
-3.353614837938750926e-01 -2.520936855645857788e-01 -6.063587727271725347e-01
-2.142523425030316564e-01 1.221704009258436086e-01 7.700963597987562359e-01
-9.821413702010742264e-02 -9.090481963412679889e-01 8.295482685604501638e-01
-3.209130618752338571e-02 1.009739445188682527e+00 -6.978655296101041738e-01
2.327684366530152482e-01 -6.712148623725459895e-02 -1.175979932053784760e-01
6.704276670011449779e-02 4.000478042001021084e-02 1.356682810475284551e-01
-7.190350485867291752e-02 -1.183637763746968052e-01 -2.627059503904301541e-01
-1.022060755291338829e-01 1.974816186735519064e-01 3.063925107117929647e-01
