-4.913393662840145892e-02 1.558452844029992956e+00 3.751380869854770844e-02
1.882255733642621276e-01 -1.324839812213910173e-01 -8.556114307758615201e-02
-2.890868214843716477e-01 1.149411087193017156e-01 2.871667682168218758e-02
-2.036355992913197605e-02 -7.378742735711790734e-02 3.239191324347075185e-02
2.876417167456621904e-01 -5.220305756967659194e-01 -5.253013727244772862e-02
3.231597673968923390e-01 1.887006737187743033e-01 2.966947405807609378e-02
3.001552172444081970e-02 -6.313441085126336727e-02 4.417236736182438700e-02
1.032776719590499798e-01 3.366644859661508445e-03 -7.208851543837849207e-02
9.648608886652054739e-02 -9.625989873509613326e-02 5.710845646585291369e-02
-6.529899930693905397e-02 -1.932418133172139271e-02 -3.268317154641832423e-02
-3.035117485896830503e-01 1.633788042512910044e-01 8.042365485121527602e-02
1.772891788946906466e-02 -3.385539835205686465e-02 -1.208717969293445632e-01
3.395562821040304935e-01 -4.201959348737671629e-02 -1.031284103348595466e-01
-9.953110832972573985e-02 1.961440740633065283e-01 -4.420043744634761795e-01
-1.177206065217445419e-01 -2.591948999454029012e-01 3.575951593648876714e-01
1.935466164551280510e-01 1.957263694547689559e-01 6.201771833480217155e-02
1.991191737622371172e-01 -1.928217088721246308e-01 -8.257639553259693566e-01
2.120601074720368864e-02 7.000093927333353450e-02 6.176230704226650658e-01
8.541085087138046428e-02 -2.854430378322213580e-01 2.569312680843747199e-01
-1.831894126827237346e-01 3.577702472764711650e-01 -3.799320209813379368e-01
3.504032217850780451e-01 -1.656234482489044035e-01 -1.713491079332861711e-01
3.411898658142833995e-01 1.440172640703867302e-01 1.537061419800318796e-01
-4.906003327838688588e-02 -1.264492607499999866e-01 -2.184240697987805402e-01
-5.913977616807937487e-02 1.336082007818547579e-01 3.398497806601530336e-01
