-1.612212540654378579e-01 3.857029376332454795e-01 -2.387559260919441817e-01
1.185917996992352369e-01 1.232918885836767897e-01 2.428321815094297564e-01
-9.683168544353542018e-01 -1.721716470530793713e-02 -5.624382285535231563e-02
2.505721739500612055e-01 -1.574737377362329105e-01 -7.113758747581264662e-03
7.663322326537336249e-02 -1.743410190112004154e-01 2.575629822678749542e-02
1.565201583565463350e+00 -2.102025445585314622e-01 3.368322629893480413e-01
2.303614418439956651e-02 2.980640470994990257e-02 1.256006571461412702e-01
8.767612495350968205e-02 2.133421011704596804e-01 -2.057869570402576925e-02
-1.928170849963448674e-01 -2.955405609945156373e-02 5.123990979995365208e-02
-3.202079228870158972e-02 -2.563315889267425707e-02 2.643823543841863563e-02
-3.133690479289494291e-01 1.703636937399169438e-01 1.091220860306182372e-01
-1.843921212058438272e-02 -4.256642754885356372e-02 -1.633820235007723276e-01
3.076781866103931451e-01 2.272297323675152511e-02 1.920425352479961378e-01
-1.569625512031654069e-01 3.308078353496322621e-01 -6.916986533231092582e-02
-8.835992223672299584e-02 -1.955842500301997744e-01 2.048011177694776530e-01
1.411945567276217395e-01 -8.755772198809012863e-02 8.821243341091769552e-02
-3.319161948800261608e-02 -4.011770790253108565e-01 -8.502832796819205230e-01
-4.083239602402011226e-02 3.174574956292813277e-01 7.253148414374626096e-01
1.113836313323093852e-01 -1.196598541889630773e+00 6.439773751168377247e-01
1.417119628291240059e-02 5.598596847042255353e-01 -5.343457459154309364e-01
4.241734588071203182e-01 -4.448745165045304983e-02 -1.526288165257077278e-01
2.249550574720895202e-01 4.012611308378932762e-02 2.281312889778766839e-01
-2.700862351617424606e-01 -1.267931050122607373e-01 -3.005498673948545640e-01
-4.579068518044396990e-02 1.336869596407543048e-01 2.521364121738280950e-01
