-6.903186131914605672e-02 1.506628667528546517e+00 1.276297612167078821e-01
-6.419000424405774119e-01 -1.769547702756143759e-01 1.989207611932839459e-01
-1.728989574865382947e-02 4.800220314180946024e-02 -8.159550541657632772e-02
1.771806672939929272e-01 1.195185263168593720e-01 2.597696683503198170e-02
1.124577948957892870e+00 -3.369564018366078550e-01 -1.813158053817108262e-01
2.319353768736368560e-01 2.991932879373883081e-01 -3.965127547605559050e-02
-2.576313471348172859e-02 -6.904998974734612160e-02 4.437389608703250221e-02
2.616347469120008928e-01 -4.571722993018717540e-02 -1.708373577201537374e-01
-1.273975952110990850e-01 -1.144092725425099738e-01 6.459647352126587916e-02
-6.526934876026421750e-02 3.211262202774373825e-02 1.175479453992797282e-02
-4.334855961740535779e-01 1.053197313719723277e-01 1.771544454054756468e-01
-3.263178322748472304e-03 2.634339139129701635e-02 -3.008426646266109672e-01
2.801616895728706313e-01 -1.123264328997651690e-01 -4.112034291231163319e-02
-9.280982566652068444e-02 2.287759339885518661e-01 -3.868566358206402267e-01
-1.066801415418749677e-01 -6.465477307530782813e-02 3.981659635803664887e-01
2.367035315675497520e-01 2.774672758082184082e-02 9.474485021058320910e-02
6.775418292841985102e-02 -1.347331996692912592e-01 -6.842731920246551969e-01
-8.090178641675657700e-02 2.638862050632354572e-01 5.510539945190425781e-01
4.349095482132899620e-02 -3.571467261858499720e-01 3.592517630020216624e-01
-2.143430369004374059e-01 3.925793350515038860e-01 -3.123686436500061614e-01
2.863146646075027668e-01 -1.552274336714686009e-01 -3.540779581118673990e-03
2.855507917411466701e-01 1.515263343164979515e-01 1.690341087944449011e-02
6.983300186306290458e-02 -1.362916572176361141e-01 -2.201692255184247438e-01
-1.742114739722894212e-02 1.515014569683733325e-01 2.691368418985183864e-01
