-2.478479731928767971e-01 1.481291881964820867e+00 4.873560788197854078e-03
3.020853918597989352e-01 -1.299203363716612269e-01 -1.088041126279423038e-02
-7.926243504549614904e-01 1.633089023581305588e-01 4.414548308364792117e-02
1.733137252940254169e-01 -2.063131899264178115e-01 -1.962865318063989099e-04
7.912141449804155346e-02 -5.445094845868994060e-01 2.208800692130876570e-02
1.058850861603610305e+00 6.559936601209452600e-02 1.548194040472898880e-01
-5.937740309326688254e-02 -7.069549868213903521e-02 8.261557295118973632e-02
3.087990125954795939e-01 2.441446446037397449e-03 -5.863218022097477222e-02
2.602284438590497517e-01 -1.709424645541472373e-02 2.842477441418049255e-01
4.793324402533792605e-02 -6.881010029115787463e-02 1.070413991392062288e-02
-4.657109436542846148e-01 2.506032854744917326e-01 7.993628955929027446e-02
-1.926498248679977543e-01 -7.616609533973341117e-02 -5.363439460922657664e-01
4.114829468890218167e-01 -1.632946236847434424e-02 -7.318970323571104275e-02
-1.993333545960908615e-01 2.148918415662745829e-01 6.802903268456103603e-02
-2.303444840016166673e-01 -3.681168611329643792e-01 -4.091186145301902582e-02
1.138086012989316664e-01 1.179272770073187815e-01 1.800730827834325365e-01
-1.325570320519513512e-01 -3.847246935676914559e-01 -7.956627462122307648e-01
-1.153703675078565083e-01 1.770081875724285325e-01 7.953378347295020356e-01
1.499251286598721755e-01 -1.225003540425336546e+00 9.721960440837359441e-01
-4.915394056014436158e-02 1.334489808142420575e+00 -9.956332979209916445e-01
4.017321720481228930e-01 -7.409851924419585956e-02 -2.444103648609231849e-01
1.979817961147712080e-01 1.273126322363619389e-01 3.331701492502243123e-01
-1.221803519763251106e-01 -1.136153507307853389e-01 -2.794802967228111612e-01
-5.802052046473708119e-02 1.155604835044493767e-01 3.646882447605508948e-01
