-3.361752674940975127e-02 -1.960279595163262556e+00 -1.409991558947069623e-01
-6.710928025512393758e-01 1.280872796096247865e-02 2.147647914071373065e-01
2.338110362933865927e-01 1.121539379115829051e-02 1.404310045763492720e-01
1.467959385444394804e-01 1.156238043443887920e-01 -1.507344786511377079e-02
5.090759837783996877e-01 1.872871555906177599e-01 -4.314568769821275351e-02
1.490438526470298508e-01 2.096885929041968910e-01 -3.153654565351545619e-02
-9.963553367637538460e-02 -1.247633716167082241e-01 2.400116364056066251e-02
1.593669471797812820e-01 2.837530034066340079e-01 -7.230205331923660050e-02
-2.903263651573875781e-01 -2.558904291511876483e-01 2.918402922560891458e-03
-2.623862835432950926e-03 -1.685366285968947081e-02 9.902503965069022959e-03
-2.347420563008586480e-01 4.357364246217248355e-02 2.185813874023886660e-01
1.792661680211489195e-01 9.542084743174379657e-02 -1.760170451938972147e-01
1.177039277753493124e-01 -1.286862438277053787e-02 -1.277010840890746221e-02
-1.376918929429356842e-01 2.774546560397440076e-01 -1.577867188166046652e-01
-1.529888177221816192e-01 -1.734218407738438716e-01 2.548809590961292337e-01
1.056381246207637459e-01 -5.138321106907578484e-02 1.202706063133772950e-02
-1.804030385209939302e-01 -2.268197159460123846e-01 -5.626994859676400784e-01
-1.023600339968213924e-01 2.339009361544705234e-01 5.754405646672522412e-01
-2.703982924430364254e-01 -7.730433206575357818e-01 5.946605795094418445e-01
-1.881470077263563412e-01 7.590813991657442417e-01 -5.704999400861219261e-01
1.996106414555330610e-01 -4.895077213334141086e-02 -8.860772362824001491e-02
1.202823137238436535e-01 3.387337928275439142e-02 1.812576615829917387e-02
-5.505009729684827435e-02 -1.655515134131318455e-01 -2.919549196770344635e-01
-4.653701695772081981e-02 1.828296297503812229e-01 3.114613679090798559e-01
