8.015804620270865211e-02 -1.585941236025738998e+00 -2.030355081822786054e-02
-1.046878502917500224e-02 9.597655502586988074e-02 1.082989537284525239e-01
-7.332758408490779034e-02 -7.007266943324023944e-02 -6.322009989711664668e-02
-4.807115675367398984e-03 2.772519683067741630e-02 -2.779039480228953467e-03
-3.588915670127410668e-02 -1.550619128897945675e-01 7.841380389463450430e-04
8.705272217399342982e-02 1.105188637418770131e-01 8.122749053667501287e-03
-9.741024433945991157e-03 -5.518745274101315851e-02 3.376202152296186448e-02
2.627908953418575319e-02 2.235997112219750838e-01 -5.378130190555065193e-02
-5.239029198021823847e-02 -2.310977456583579170e-01 1.100232298186435420e-01
-5.314792632934278727e-02 2.935596330626481093e-02 7.812600719739194299e-04
-1.768732268463195367e-01 2.095604174722472124e-02 6.275772126178597032e-02
8.482545175996769604e-02 1.034326158279163937e-01 -9.544623295103647764e-02
-5.849954998733540405e-03 -3.395803705320316751e-02 -1.783058882348094801e-02
-7.651740024807997254e-02 2.101133335491749479e-02 -2.601906156375780044e-01
-1.735605014112745134e-02 8.440444368628392813e-02 3.025481731206163261e-01
1.570561662538938474e-01 4.351492676501197282e-02 6.696063564902295095e-02
1.678237601609285368e-01 -1.765357243158537370e-01 -5.868377048524038297e-01
7.095705057058884768e-02 1.870245655785526540e-01 5.543550030307594634e-01
2.131536623640860884e-01 -4.245844756245889529e-01 -5.246916144205730770e-02
1.068735700132441707e-01 3.641535126422191238e-01 1.009826166327681130e-01
2.376567734860925707e-01 -1.122067300153977987e-01 -1.698849502974100062e-02
2.190668577756938740e-01 9.677133493068690306e-02 -2.736227753355061423e-02
-1.607079836142311369e-01 -1.507126508147361432e-01 -2.125858193543070374e-01
-1.141415628191467108e-01 1.565630716616077944e-01 2.532623203392064259e-01
