-1.028247089063148018e-01 1.569253775216574720e+00 8.027916033481460184e-03
2.403820340610652029e-01 -1.506499141364556205e-01 -5.216799012028851268e-02
-4.683190500448933813e-01 1.587346640322584712e-01 5.093829070969367601e-02
3.527498081983163752e-02 -1.316108498231000346e-01 1.544784502601849897e-03
1.432842233658235542e-01 -5.567928764193731395e-01 1.037569525505842305e-03
5.155229698508398961e-01 1.841565398661043906e-01 4.990213294734002769e-02
4.555977985255846643e-03 -8.034207856842870421e-02 5.814073213173228533e-02
1.553266575167149000e-01 -1.337867459731747165e-02 -5.081954099431376659e-02
2.281948755337764589e-01 -4.501040365400642979e-02 1.546306073679180326e-01
-5.141276033563928205e-02 -4.909165424720168119e-02 -2.038138655754831788e-02
-3.409547380792112281e-01 2.139013086682316767e-01 5.454439423111601126e-02
-6.658073511094607377e-02 -6.539457302499555869e-02 -2.670783788730995978e-01
3.517736972413467167e-01 -3.293540220714193806e-02 -7.863288027502002286e-02
-1.492258434017957047e-01 1.766103299506129043e-01 -2.791901336109486320e-01
-1.738245937722672774e-01 -3.322001238770744824e-01 2.192701993901729762e-01
1.768536232083452175e-01 1.650639753394924358e-01 1.271520941163024609e-01
8.952641446620564214e-02 -2.930100953617340021e-01 -7.597287929369360704e-01
-2.175225434544699604e-02 7.661037668125478262e-02 6.912212564028964445e-01
1.498820879329627598e-01 -7.403015321864659937e-01 6.093242773164142534e-01
-1.319317199962115328e-01 7.643519072944523485e-01 -6.816494934409438322e-01
4.102982128438759091e-01 -1.570419848208330360e-01 -1.506123906962109626e-01
3.017242778122085078e-01 1.388985319581750311e-01 1.981802931369891219e-01
-5.504213442638216519e-02 -1.261678571152867190e-01 -2.397141216836055910e-01
-4.774950009734094114e-02 1.420588547663269863e-01 3.621525151719947044e-01
