-1.252242423898494161e-01 -8.125920591384292457e-01 -4.835644465816589521e-02
-3.465961267914136612e-01 -7.682575367482588277e-03 1.500804724758951492e-01
-1.348404052826483214e-02 8.442509172127975886e-03 -2.658148128597759285e-02
1.281639369893655955e-01 5.811811375517306200e-02 1.019607227904423784e-02
9.564994441262846259e-01 -1.213402648186734656e-01 -2.117973794219597805e-01
1.459896265087093359e-01 1.766423467906500233e-01 1.474344547578767227e-02
-3.383439413122689421e-02 -6.044968901755925356e-02 5.505666687662505443e-02
5.449729447269612698e-02 7.613566294542320478e-02 -8.972376435932712113e-02
2.127680318228789350e-02 -1.324104412967445354e-01 5.332455204152836137e-02
-1.061631617990203835e-02 -6.053366098892665019e-03 -1.948930786449656677e-03
-3.687950619440636957e-01 6.703416174454658594e-02 1.317960946321800886e-01
-1.122004661598808087e-02 5.167105582104707800e-02 -1.802241564573119070e-01
1.793243451337830086e-01 9.836930958935284630e-02 -1.118760199834387993e-02
-8.333805707091203330e-02 3.016122708271938291e-01 -3.556223867884449330e-01
-6.003018139930094837e-02 -1.547457970582222508e-01 4.586746091055266539e-01
1.456200578359582720e-01 5.989282540085837797e-02 -6.901136747903917172e-03
4.233344721129689812e-04 -1.543784335850798273e-01 -7.902782903851223173e-01
1.299395035176298951e-01 1.386526620344292193e-01 8.975732118200351328e-01
-2.743946314475881887e-01 -1.678813051842840964e-01 2.775388267023402022e-01
-1.003041137384279025e-01 1.796003350423155120e-01 -9.256399246114416224e-02
2.133350453450885420e-01 -8.032445625226658503e-02 -7.067482436881351859e-02
1.144050773109494407e-01 6.229005660623598839e-02 1.512861167534088613e-01
-1.119248326876681222e-02 -9.339126504837166887e-02 -1.805859116483537197e-01
2.058852704332400294e-02 1.375557919062311563e-01 2.173667983905498147e-01
