-1.064661306420761622e-01 -8.984131083383392058e-01 -5.606694452940037821e-02
-1.564770533730445445e-01 -2.962363518674676621e-02 9.799252130182077580e-02
-5.501944171837794967e-02 3.706195181441958308e-02 -3.268683354785555106e-02
8.574844501755551907e-02 2.620142439026196604e-02 1.744700898158161803e-02
7.408214780559309043e-01 -2.745769395217453335e-01 -1.893107812494042308e-01
1.569659567445440829e-01 2.044933882533310487e-01 2.886976226012277075e-02
-1.246105973329191853e-02 -5.208740302433536445e-02 5.806356371367314695e-02
8.324254893052225601e-02 2.410265466103405849e-02 -1.059388050748679838e-01
4.753082724251320168e-02 -9.678547775874686565e-02 6.441817626929915996e-02
-2.140578981539070780e-02 -9.269010849051989576e-03 -8.459948333190192571e-03
-3.602724120865417046e-01 8.351208718013955479e-02 1.293654195795668205e-01
-1.804398351906959241e-02 3.336263482199804814e-02 -1.718371108025355254e-01
1.799132350376988210e-01 6.599572603217095101e-02 -2.915336038320439499e-02
-7.684371124328767677e-02 3.089338713459341412e-01 -4.312059211994542784e-01
-6.023683489068336339e-02 -1.711257504954577235e-01 5.140585313144709900e-01
1.539448107789556097e-01 7.867560789596664272e-02 -2.393176891346313929e-03
5.060899590516313579e-02 -1.188993073783879001e-01 -8.457091855902628685e-01
1.439369551354508503e-01 1.214286790537287275e-01 9.039833470398797033e-01
-3.039159051902921016e-01 -2.407746583113224564e-02 2.287880076653091010e-01
-1.636539439055647582e-01 1.158981146489393571e-01 -7.461262659896426841e-02
2.326267600479823283e-01 -8.744179207702500178e-02 -9.307753574838355248e-02
1.398699226237142546e-01 8.253369120020273564e-02 1.796000848060401167e-01
-2.503842431074407553e-03 -9.063046744098952889e-02 -1.684690987838336484e-01
3.016826049096704015e-02 1.222154365751439431e-01 2.091552810165641929e-01
