-4.710344787967587349e-02 -1.157335057746444296e+00 -2.284125163271096826e-01
2.459948679166865382e-01 -5.101980764420709774e-02 5.628976961997109868e-02
-7.099383483896950509e-01 1.647754006816519734e-01 -3.765413699884695778e-03
1.208927983173111315e-01 -1.818667779132057960e-01 -5.888513223013043529e-03
5.115474903200921408e-02 -4.307628443996162071e-01 3.026134136291725937e-02
8.761725208232300499e-01 1.562672602669415711e-01 1.294542150152169502e-01
-3.480680487819635266e-02 -6.705734810008376345e-02 9.487657944011697320e-02
1.003074000781863789e-01 1.138314930286406790e-01 -9.940611787758381335e-03
2.836048431489565091e-01 1.419827735771969635e-02 1.851034822912067390e-01
-4.025306585257997644e-02 -6.644445061297396538e-02 -6.505223089108355325e-03
-2.796315412088615782e-01 1.740820859451164826e-01 7.455585278423441931e-02
-1.344935796328953770e-01 -5.795665324405888108e-02 -2.542646775896930667e-01
2.652767314903542450e-01 -7.546059283291638164e-02 2.958913033073201811e-03
-1.424923505178703476e-01 2.053172138235467570e-01 -3.123895444158572010e-01
-1.678892526643386007e-01 -3.004782472511141611e-01 2.918029535819103848e-01
1.822542215688623679e-01 9.720852038128449668e-02 1.508676191518201204e-01
3.809050697050272993e-02 -2.271942461502562960e-01 -7.179745375998923818e-01
1.830785242803566540e-02 1.159259588714071781e-01 6.749198442619372962e-01
-9.916454113315707752e-02 -5.899605153488807208e-01 5.309916490704067460e-01
-9.080462749266984823e-02 7.158058679798816604e-01 -5.008216451035099048e-01
2.764173701208244016e-01 -1.095037719954354699e-01 -7.201834237539915529e-02
2.309123784667411472e-01 1.179494695594173054e-01 1.592525640113411356e-01
6.571448592362696788e-03 -9.833100380862656864e-02 -1.953374716348174334e-01
3.453537456865416605e-02 9.391658038005233633e-02 2.799801911211548533e-01
