-6.642270440828783318e-02 1.423668039084639680e+00 9.708831319591294806e-02
-4.829628437934802565e-01 -1.876481147636743785e-01 1.770081148463659437e-01
-5.942932828860875150e-02 7.414964466754214722e-02 -8.876696748858754760e-02
1.378784768473785283e-01 9.875215533563372339e-02 2.984122879658544086e-02
9.830257475905773701e-01 -4.491031572503265124e-01 -1.395344341577310077e-01
2.520809580049075405e-01 3.280446162597148163e-01 -3.182317425091661656e-02
-3.317734999667620518e-04 -5.814978379483146109e-02 5.371611919652952150e-02
2.696926472488632154e-01 -6.421403639541189978e-02 -1.717598572985389593e-01
-1.455913942334374489e-01 -9.242783344292652969e-02 6.049767687177897563e-02
-7.998068911081021581e-02 3.632930261991144244e-02 1.059290707209278870e-02
-4.350429112911901042e-01 1.138243753883413784e-01 1.641258713592461393e-01
6.595942707039619164e-03 2.529116249442707812e-02 -2.742606312886227693e-01
2.611281524966030387e-01 -1.115432600272285857e-01 -6.482917295707800454e-02
-7.620784497749368003e-02 2.060047407333234493e-01 -4.545873965914486448e-01
-8.720835891556179276e-02 -3.685597235223123103e-02 4.649888775998612389e-01
2.569371124521203642e-01 5.499238827480663894e-02 9.787992214356013021e-02
1.450974489272414403e-01 -1.131863160387789058e-01 -7.339734251167843171e-01
-4.140087642617423791e-02 2.593506700502554163e-01 5.550387061512784825e-01
5.768282705767723006e-02 -2.445425133235875903e-01 1.910129139613741533e-01
-2.514019516950427025e-01 3.073309549987691125e-01 -2.080468469639386864e-01
2.244999911861012554e-01 -1.709109337987234079e-01 -6.848176772038741533e-02
2.571666374158109725e-01 1.642432398412587424e-01 6.314786063750933709e-02
6.830801765808207360e-02 -1.340673077700601790e-01 -2.316379046438852563e-01
-1.311384360561589080e-02 1.354080320483419531e-01 2.786987001681091036e-01
