5.583985936634010966e-02 -1.879144724147339351e+00 -5.982931513545311497e-02
-5.279853143545608640e-01 2.618283899485203750e-02 1.347086149510286490e-01
2.658576553991820468e-01 3.998154416640030059e-03 1.401696461876758282e-01
6.043621140558616545e-02 1.081968448327510213e-01 4.269055830163740600e-03
1.520154983098931933e-01 7.804331507425525671e-02 -3.696635701876237190e-02
1.508856044237802396e-01 1.841386363550970018e-01 -1.225001657640674077e-02
-9.999813194077750156e-02 -1.073469912951961341e-01 2.923030699332241147e-02
2.151922996099865093e-01 2.492807380325441080e-01 -1.185136787499941891e-01
-3.095131689569596278e-01 -2.894501790120215801e-01 -8.659794811561742633e-02
-4.607444307753452706e-02 -1.327478502872192836e-02 -2.657418079898763320e-03
-1.766569486349963136e-01 4.813997803164540607e-04 2.608878855789316664e-01
2.343794527033703778e-01 1.219822262790596773e-01 -8.127539400021099175e-03
-3.921769042968559910e-02 -1.980856260327398463e-02 7.864182511827119693e-03
-8.741993238448528269e-02 2.963597682596071925e-01 -4.533458090826859577e-01
-9.523315632880050008e-02 -1.446538378321690910e-01 5.403794357388119751e-01
1.824589851383800754e-01 -1.033016797432444525e-02 -1.709934632365309182e-02
6.867878423716315683e-02 -1.332770636623133720e-01 -7.516005401896723725e-01
1.487368492722810631e-01 1.530181336545251847e-01 7.229288384716657800e-01
-3.361227704132046523e-01 -7.202347966685097858e-02 5.487103085100424049e-02
-2.344121728112639191e-01 2.013574609086639655e-01 -5.421289965390157367e-02
1.174608386557820655e-01 -6.169924541797514039e-02 -1.707302388006968763e-01
1.434334503294907442e-02 4.750411465549628925e-02 9.127103636406715126e-02
-2.270865300558623165e-02 -1.674251278338630688e-01 -2.690165148134336381e-01
-4.689269472854080793e-03 1.794350053712610027e-01 2.646487413664149191e-01
