6.009891994179068775e-02 -1.565345012340119579e+00 -2.404570029509931206e-01
2.196484538924566021e-01 1.396130068613915254e-01 2.224671888572525014e-01
-1.003574845821820105e+00 -5.312509265643040879e-02 -2.997476100622617490e-01
2.066454146601150177e-01 -1.872958678018790957e-01 1.652629029995070567e-02
-4.000716529352471573e-02 -2.354687643860673973e-01 3.073597733088824849e-02
1.351515943994113789e+00 -1.969239794211816719e-01 2.066219733600196673e-01
-1.041706780703153673e-01 -5.041538075997783509e-03 1.218754705924070258e-01
1.307224282579893745e-02 2.301718511231952424e-01 -6.924333715652827761e-04
2.485602705044721861e-01 -6.186544044003344789e-02 2.172615944641531627e-01
-3.765050406509669280e-04 -3.619653723693271041e-02 1.450470967921448431e-02
-2.066059588615561105e-01 1.120634646732107109e-01 9.368306115598046269e-02
-1.806648481830165354e-01 -4.286223940250737108e-02 -2.816572449184410742e-01
2.534687084519950395e-01 -1.457952909471244528e-02 9.996788957156599320e-02
-1.827821971550543101e-01 2.807978058479170813e-01 -1.981471302671733714e-01
-1.738073188748378017e-01 -2.824587560169088962e-01 2.197364079047460783e-01
2.082152523030166291e-01 9.035798858770530129e-02 1.189986608541550722e-01
-8.866035663891118357e-02 -3.071864582905454721e-01 -6.356076905877432459e-01
-1.285154249925110348e-01 2.023818591089307783e-01 5.212729957600397146e-01
-2.914399899937686889e-01 -9.048019527636353976e-01 5.692202069481955284e-01
-2.405510399761129625e-01 8.341292281454674162e-01 -4.479023429092139907e-01
6.692703779627716398e-02 -8.083519123697732733e-02 -1.044182500832360055e-02
9.689645982267648672e-02 6.791612809759398073e-02 1.523708231533860147e-01
-5.146058757940082107e-02 -1.090607233272683774e-01 -2.607565948504233511e-01
-1.738855861473697847e-02 1.213951101995023180e-01 2.580628142594796892e-01
