1.243247840258288744e-02 -1.638457338006016561e+00 -1.335001536102995989e-01
-2.952249943312629243e-01 -5.698997936773993883e-02 2.843365192363721955e-02
1.610693694032262757e-02 -4.225145666413971345e-03 9.872515744656626402e-02
4.763718746493601774e-02 4.802858994607579757e-02 -5.073672503350946938e-02
2.126296106516818996e-01 -5.818384611054770034e-02 -7.354553328373859833e-02
9.160461513587888627e-01 6.319392243440546952e-02 1.185961303418535673e-01
-6.820156373536315209e-02 -5.711436699725306460e-02 7.784587146346591546e-02
1.556802452396534586e-01 2.862592495361229172e-01 -5.892064187087949108e-03
1.800387557166847619e-01 -1.879867641377216403e-01 6.401589273522977075e-02
-2.875189651942261504e-02 -1.672829419436938289e-02 -9.422522677059818816e-03
-2.039482113250539463e-01 -7.042498655350097440e-03 2.479662895605745099e-01
-6.310764787905769058e-02 9.738990311414613688e-02 -9.747003188949592001e-02
-1.591770702991476827e-02 -3.684305087866118072e-02 4.574529549273520512e-02
-6.699521473014438677e-02 4.248340017977370042e-01 -3.615120510504380436e-01
-1.097019599324579597e-01 -2.378134819788292886e-01 5.101395870454636938e-01
1.485811369272118376e-01 4.408610185913567833e-03 -2.798008540169723453e-03
2.634338442404283998e-02 -5.257104823638335950e-02 -7.801203416551033554e-01
9.329612454286025092e-02 2.011232688830327520e-01 7.942674015302644275e-01
-3.519463933090741792e-01 -9.523155703190061550e-02 2.569107601980593070e-01
-3.243474163765266982e-01 1.739684248672742350e-01 -2.019583225979402208e-01
1.609845699098366723e-01 -2.773875270606369556e-02 -7.742520283185333474e-02
-1.950548511590720693e-02 5.032584034375586768e-02 5.533841668790666357e-02
6.570717642924578383e-03 -1.097425051138944951e-01 -2.120040769720243912e-01
9.228597542780021812e-02 1.118929161526783234e-01 2.316051289807045110e-01
