-1.167195546705895454e-01 -1.970665417629325677e+00 -1.580960732560439674e-01
-1.027694992948816832e+00 -6.572813230133613127e-02 3.126742920640038226e-01
2.156946025156444569e-01 -4.745136318172871355e-03 8.420276971296096480e-02
2.562739002698704582e-01 1.547991469393760477e-01 -3.619817592218037977e-02
1.375372054616963879e+00 2.967825147417119114e-01 -2.089244102874657227e-01
1.336520432916491752e-01 2.139173109806527251e-01 -4.376873221734851882e-02
-2.174206988513271710e-01 -1.411333248515616035e-01 -7.493149637424023450e-03
1.525644702910710637e-01 2.271921871868157472e-01 -5.283224116456063102e-02
-1.661217261883770890e-01 -2.414906713764950474e-01 1.484391723015053288e-01
8.810465474149140053e-02 -9.554540549656292958e-03 1.594828795412435093e-02
-4.325181448152808916e-01 8.103165151376291730e-02 1.598353956979825796e-01
3.356003568476441379e-02 8.624811060256902528e-02 -5.240024841217784113e-01
1.963500563420081946e-01 -3.553418195999411000e-02 -5.459359244633672087e-02
-1.691728940276339133e-01 3.224479416596112702e-01 1.444798110317256912e-01
-2.125839239901558264e-01 -2.498139812429999440e-01 -7.102785787796914163e-02
1.958789800157209604e-02 -6.071973019963038815e-02 7.173377035438030513e-02
-3.354646544990378954e-01 -2.891176102284879201e-01 -6.685565465601606139e-01
-2.673771769313879054e-01 2.811723065494424745e-01 6.851751840963490325e-01
-2.054842595199222188e-01 -1.197304940495973913e+00 9.291006871342010198e-01
-1.619027273262183542e-01 1.168496475926717793e+00 -8.878167063045131480e-01
8.759789774834017551e-02 2.141243282034284781e-02 -2.683291631535475452e-01
1.977808081607890928e-02 -3.344374856683614977e-02 1.787297689298572856e-01
-6.548622531478578979e-02 -1.314481772674049587e-01 -2.977169869489292853e-01
-8.811355762494740840e-02 1.863370701101424443e-01 3.508564172458771835e-01
