-5.786145669164573929e-02 -1.076390409200347120e+00 -7.492368995752139715e-02
1.669267177547679171e-01 -7.568722597361859927e-02 2.567961370106786392e-02
-1.752712468283919300e-01 1.065368149785378415e-01 -7.819016326989032886e-03
1.450180838080273172e-04 -3.211562214909811919e-02 1.577426464395340414e-02
2.541437082139001991e-01 -4.932525189004731692e-01 -6.202873588690254597e-02
2.186091400995892886e-01 2.677873970969456008e-01 4.747931358335536617e-02
2.254858527156214376e-02 -3.461789117091961659e-02 6.706930366591015713e-02
1.806237386757011606e-02 4.951236654266151505e-02 -5.269078921535956528e-02
8.246689922643282711e-02 -4.496617562846527694e-02 7.878329390788504916e-02
-4.813289903910548256e-02 -1.558077552655223220e-02 -2.279921728288210672e-02
-2.661091837639796287e-01 1.022120698095520669e-01 8.764276814253653403e-02
4.180915739325364710e-04 1.118443353850144192e-02 -9.734162308501406735e-02
1.610506982961379951e-01 1.460778844100366763e-02 -3.521243555261766717e-02
-8.245525085103512508e-02 3.156768499204192224e-01 -5.373282145565185797e-01
-5.228683501254102750e-02 -2.209903940783532750e-01 5.748030378491526537e-01
1.992911541635386252e-01 1.039009550591838832e-01 2.688636995638592209e-02
1.437310226616276831e-01 -9.128808642389860117e-02 -8.895534201047317069e-01
1.708638240159074395e-01 7.512160134770007325e-02 8.561338209231618146e-01
-3.162371873874689765e-01 1.409226104222761067e-01 1.014227557066301466e-01
-2.047442276558410490e-01 3.637857750497489745e-02 -2.425400319466195984e-02
2.413524248234605318e-01 -1.027957475896204426e-01 -1.109273585669957041e-01
1.763316237441942269e-01 1.086869292849431679e-01 1.872375063895251046e-01
2.637918727144334882e-02 -7.937301955551848143e-02 -1.421833975203287137e-01
6.684192160338769950e-02 9.498209576266049281e-02 2.026840210491838712e-01
