-8.888123162729914817e-02 1.108886841431484749e+00 -6.095622657157465096e-02
-9.047772053154971850e-02 -8.963824721789495631e-02 2.221131502479411213e-01
-2.347228576714425197e-01 1.386817209387411209e-01 -7.509768834801583415e-02
1.035410601244915324e-01 -1.640101719789640103e-02 -1.846310019383032644e-02
5.049118053424560548e-01 -4.647773508614730376e-01 -3.173187774996460292e-02
2.388075588862798027e-01 3.550977793173853980e-01 3.465613226445817593e-03
2.050369052758557742e-02 -8.101130047068107187e-02 1.090069285157801993e-01
5.504961307703934437e-02 -3.028307453599010310e-02 -5.207455681593680524e-02
-6.880380641405003939e-02 3.203075950140632511e-02 1.401673134080431704e-01
-7.336378248474925701e-02 -2.385964576108073540e-02 1.385501979957055006e-02
-3.446462524513941861e-01 1.917972158487870615e-01 3.127601361500317173e-02
1.254863127697520078e-02 -4.516362825300806322e-02 -2.663565144812895524e-01
2.575883896366767400e-01 -7.413464242349405986e-02 2.920907644547161841e-02
-8.486476513527657639e-02 2.184291656633041423e-01 -4.691340040186648963e-01
-1.095084628330156851e-01 -1.701411100734213644e-01 5.123629552506658857e-01
2.612492782870398655e-01 1.482935917288121484e-02 1.496019923371933458e-01
1.844558617740070239e-01 -2.334454523600668074e-01 -9.302561739426937759e-01
9.601398383301990025e-02 2.084886290741790049e-01 8.789526684048912797e-01
1.562634596800523482e-02 -2.746355569905882255e-01 1.953630755161344656e-01
-2.294265292236137566e-01 3.511095455037357427e-01 -2.389283279942237548e-01
1.880744451715250787e-01 -1.525262077590018028e-01 -1.107699203202077015e-01
1.035701527947598954e-01 1.323897540977511111e-01 1.351567070161874551e-01
3.117630412398824866e-02 -8.838821472249612510e-02 -2.130846147287724091e-01
4.631905896080749235e-02 9.605923590371082121e-02 2.654814611294146753e-01
