-3.188511484613941183e-01 1.387629097569679004e+00 -4.862154047516807805e-03
3.165099133405357978e-01 -9.347779565651213873e-02 1.819038434998983267e-02
-1.049124496261107931e+00 1.060971933399881828e-01 -4.561513823540141316e-02
2.558727872954091875e-01 -2.459739234866183955e-01 1.924614293343229754e-02
6.004999697074284853e-02 -5.323161534249873927e-01 9.375224092062510103e-03
1.587336144916797753e+00 -1.030666442161868313e-01 2.422335307540167959e-01
-1.085481680862391551e-01 -4.608071303845861361e-02 8.329154532370512676e-02
3.887061986141494008e-01 1.781287417584908120e-02 -6.515418425989381868e-02
1.959234168959109457e-01 -3.321989732740155549e-02 3.363755857845280861e-01
1.107540791463961505e-01 -6.643951585682041083e-02 2.383183398393481575e-02
-5.219341158313717255e-01 2.559463501459319779e-01 9.606992615404769120e-02
-2.579088579173901552e-01 -7.680370065988159634e-02 -6.778102682453270855e-01
4.417956841268169121e-01 -1.240860456348630986e-02 -8.650859740214689175e-02
-2.078005144786324032e-01 2.351931522001285968e-01 2.033585504185113080e-01
-2.383653283273033663e-01 -3.551264915110036169e-01 -1.522021911643622605e-01
6.809325313823896830e-02 1.208719826187426155e-01 1.919533992798722055e-01
-2.331103916233459861e-01 -3.666087777146740945e-01 -8.688413199570400591e-01
-1.884773034790566681e-01 2.103131247934570958e-01 8.422965337135016606e-01
1.237725582819534931e-01 -1.416393589902887662e+00 1.141548271902934841e+00
-3.769630066707929661e-02 1.601525180187727271e+00 -1.123176504980472945e+00
3.849115354482114393e-01 -2.134361182953758637e-02 -2.669798519230499045e-01
1.446580243183271663e-01 1.334972353067126194e-01 3.806765496333560650e-01
-1.808991651897911002e-01 -1.190734305947183241e-01 -3.248526148167873440e-01
-8.418932500428014110e-02 1.051910247596210546e-01 3.792074255062882204e-01
