6.415063329102109468e-02 -1.580075334311873414e+00 -1.998568852975329546e-01
2.074658355569749535e-01 1.334614436501672108e-01 1.997448939763367959e-01
-9.081719994265980977e-01 -3.853064331234792861e-02 -2.582474943747592455e-01
1.738832809944365621e-01 -1.699214423817505815e-01 6.390130226338569357e-03
-4.156892645532703906e-02 -2.215876814593217004e-01 3.200542396400327810e-02
1.123796783256142851e+00 -1.503283734046580722e-01 1.767889029158351555e-01
-7.494646171444717397e-02 -1.478530566672614857e-02 1.183956107763354942e-01
-2.443906708257354704e-02 2.428855931003535140e-01 -6.477280260135943575e-04
2.885815637187594818e-01 -6.805569843581131539e-02 1.808572759396606389e-01
-3.684816315035344819e-02 -3.815054588322255857e-02 6.018737973312836276e-03
-1.647137167098720600e-01 9.367074206333327047e-02 1.034188059336076104e-01
-1.540186689846731460e-01 -3.223739943841637950e-02 -1.964827694560764004e-01
2.005550080684385950e-01 -2.638991676072650894e-02 1.060412439467564721e-01
-1.624356372720769659e-01 2.572030700019597438e-01 -3.186079937026267128e-01
-1.517568837435707974e-01 -2.550512722838022550e-01 3.327760578769700106e-01
2.376131372529544095e-01 8.474091350579775195e-02 1.104672481882996438e-01
-3.778457064704174306e-02 -2.846343820287273729e-01 -5.924209204133417117e-01
-6.868296382281841028e-02 1.783244104045391409e-01 5.112191647209654022e-01
-3.233607241043415792e-01 -7.320048151558217198e-01 4.621174649313848914e-01
-2.243210191358306071e-01 6.781255325613047003e-01 -3.346459096080195983e-01
1.054092164549246674e-01 -9.673152774425211597e-02 2.889101785527560529e-02
1.535933219875866007e-01 6.766645646233236666e-02 1.134334520675775171e-01
-2.231549761588611305e-02 -1.106406203545039629e-01 -2.316304980041207218e-01
4.190811478030214386e-03 1.260326309330359884e-01 2.383006907702781008e-01
