-5.899701600857713141e-02 -1.179951348688150548e+00 -2.602916944342489325e-01
2.503029185643314558e-01 -4.397787923094557960e-02 6.442537407524984161e-02
-8.321132654760913239e-01 1.410732727708494672e-01 -3.988798966336019186e-02
1.596889532452923921e-01 -2.017817769270484340e-01 -1.668877330221947260e-03
5.709026834063256339e-02 -4.290682703535557696e-01 2.709434150706873864e-02
1.093228763194668440e+00 6.486862417840952300e-02 1.519361483947095082e-01
-6.722416639299533259e-02 -5.553903982624332214e-02 9.869499673337013557e-02
1.410884895000523997e-01 1.136193881003596806e-01 -1.659358427534017230e-02
2.743069547704176658e-01 -1.404074646095287808e-02 2.037003692717196668e-01
-1.548410026518697372e-02 -6.486703778826499733e-02 1.824215582502283458e-04
-3.094446631855846674e-01 1.830140815439872115e-01 8.710289998983283821e-02
-1.668913343267444671e-01 -6.257422611242671739e-02 -3.212007462959203807e-01
2.921410525268900993e-01 -7.608354788593017781e-02 3.527331534474154040e-03
-1.624885370088475223e-01 2.314561189662924789e-01 -2.116156678854407558e-01
-1.935058277960276518e-01 -3.144619748082952970e-01 2.105195028112670508e-01
1.675218557725039470e-01 9.364507461626052354e-02 1.565048282031195892e-01
-1.285745460644399998e-02 -2.478850701147865265e-01 -7.093274294424009030e-01
-2.920979593635496599e-02 1.568133333312738686e-01 6.609627240227105016e-01
-7.302595291923100196e-02 -7.898260144518448600e-01 6.494411155899338928e-01
-8.616731532767951673e-02 9.175475858342858615e-01 -6.099055307264386050e-01
2.628478579522822156e-01 -9.332706308721934463e-02 -7.535461156172990060e-02
2.004400459753145347e-01 1.229395493721660987e-01 1.656575597982818115e-01
-1.409930365451863774e-02 -1.018456795857946018e-01 -2.209903669322105246e-01
2.124957984031266081e-02 9.496558408121472117e-02 2.929482717088925381e-01
