5.363066550647604958e-02 -1.867185523816895509e+00 -6.878140764552861941e-02
1.330841383602095751e-01 1.200060074078219685e-01 2.178315894322456481e-01
-3.238162607119960401e-01 3.351478604517664495e-02 4.039762764515287402e-02
2.413762747630936872e-02 -7.371791369670682714e-02 9.093300378447586110e-03
4.359302763691748628e-01 -8.962807980716104572e-02 4.527729847924907847e-02
3.861302565116475627e-01 3.685814997185894726e-02 8.555747777193520309e-02
-8.723602386464637815e-02 -7.734086787955274205e-03 8.659862306998981907e-02
9.587000002596314518e-02 2.871757942011685105e-01 -6.629534358982447362e-02
-1.001997479958674220e-01 -1.767722251930758381e-01 -2.717274954327940362e-02
-5.000721112865710340e-03 -4.046917499104538823e-02 -7.536482871871165272e-03
-3.293296638057096049e-01 4.686435384688199951e-02 1.150612891054150072e-01
6.837067712315447743e-02 4.180430644108899113e-02 -6.349661295768820046e-02
4.372301678423017729e-02 7.302768974314888251e-02 3.906744249624652388e-02
-9.046302784331908264e-02 4.852315660633169103e-01 -3.185862290483666426e-01
-7.826185172297923931e-02 -2.942559870957184298e-01 4.807959673005301471e-01
1.425683190978871695e-01 -1.265887455913817031e-02 -5.630906782810676109e-02
-1.954560368125915146e-02 -7.600514927916672547e-02 -8.839701154579149289e-01
9.148865052797439112e-02 1.535640465919927145e-01 8.524760554266952450e-01
-4.696423311326919370e-01 -2.107845908060828055e-01 2.575275776532341965e-01
-2.060486234175678832e-01 1.354566435770707955e-01 -1.374806138601105121e-01
6.872459099167770036e-02 -3.354505970190015118e-02 -9.987746455063721551e-02
8.133336172499994188e-02 1.641148426072010572e-02 1.197342558979386101e-01
7.137026553404332216e-03 -7.232957425757674530e-02 -1.814205053639788567e-01
7.828945325620789708e-02 9.128625241638264887e-02 2.201439926382065815e-01
