-1.136306987034755717e-01 1.806769437822831392e+00 3.104556973675602904e-01
-1.279897150063652456e+00 -4.978888360426753784e-02 2.967124857897363022e-01
1.795982254111133936e-01 -4.910346118184714254e-02 -7.261212099370026318e-02
3.864569131370680921e-01 1.713144351049534220e-01 2.035506355763774464e-02
1.948864208108189944e+00 2.855926684979191998e-01 -4.817895082459933143e-01
1.290498999216292131e-01 1.635481455550560903e-01 -5.891207945106215205e-02
-1.598737393991843947e-01 -1.466675775946032767e-01 7.170345728986345091e-02
7.382978578257913885e-03 -9.271080670540238211e-02 -2.850750542171648361e-02
-9.784877793817671303e-04 -1.202484148931786678e-01 1.988046946687337113e-01
9.546323116530204544e-02 -1.608184216271249870e-02 3.689657875391712250e-02
-4.961487668382518756e-01 1.871244695452636275e-01 5.453681881846463714e-02
-3.285680898764541114e-02 -1.376490682153628901e-02 -5.366461356014230466e-01
3.574071563753301040e-01 -5.507748393113657409e-02 7.102118801511150825e-02
-8.152131697005142452e-02 3.763689363004409372e-01 3.973808936686921284e-02
-1.727833458534234479e-01 -2.286553636428004799e-01 8.931863167175814466e-02
5.438775665014698724e-02 -1.451789037525424153e-01 2.684388497316271549e-02
-1.435876387695383671e-01 -9.618324232393693496e-02 -9.166190820335641254e-01
-6.968243484516672970e-02 2.296012086378640682e-01 9.566298869348214273e-01
1.149694851931643280e-01 -9.540973601353149869e-01 9.072262466535234715e-01
9.854220179261050094e-02 1.202169743469975183e+00 -8.172784123560526970e-01
2.680914116349176757e-01 -2.113689845927238173e-02 -3.070399386900282690e-01
1.330040381800375870e-01 4.146020865251871801e-02 2.019258629605907018e-01
-9.824532224081319876e-02 -1.128378830998372773e-01 -2.225161778217378816e-01
-1.169582787063627172e-01 1.468019511523414589e-01 2.756350636525120024e-01
