-2.248588812539414200e-02 -1.080954471475055745e-01 -3.081868697777301325e-02
-5.602349720426914592e-01 9.763513744262451721e-02 1.558367666572339494e-01
1.993885376011908517e-01 -1.332407473824073207e-01 2.059593877291945874e-02
4.106924488966096770e-02 1.272254374397326360e-01 4.578076635929755403e-03
2.648285843507991455e-01 2.674503461523133341e-01 -3.874474372913527809e-02
1.298148482769104495e-01 -8.360253336647302524e-02 -4.597855052768554801e-02
-5.846711625613005420e-02 -8.929795560678012445e-02 2.662005066668498079e-02
1.980587054583775874e-01 3.032485475348619675e-01 -8.221734468468600010e-02
-1.927405730254845850e-01 -3.596494780445375627e-01 -5.562811794947327554e-02
-2.299811139130153795e-02 9.098118793451017219e-03 -1.298415286820990599e-03
-1.407977131743681221e-01 2.775551995337609962e-02 2.091691720628012230e-01
2.240465282747991504e-01 5.619238842432823511e-02 -2.882037333870064721e-02
1.623105216171989995e-01 7.768878330920361841e-02 5.781980654257508345e-02
-6.973493144731734983e-02 2.716465164023408874e-01 -4.006892567828437279e-01
-8.263178994844386227e-02 -1.622654969455414042e-01 4.243036344803546855e-01
2.087379966478136450e-01 1.135400868052065804e-01 -1.232034592226384853e-02
1.002414330537667736e-01 -1.406221700166500055e-01 -7.860857748118660338e-01
3.564039842005609082e-02 1.731799445789449221e-01 6.623065994083994212e-01
-1.761981857799620535e-03 -3.508424384290322329e-01 2.564229661044641895e-01
-1.125828225005942734e-01 5.125054794019195947e-01 -2.553659196874558113e-01
2.954038309653496674e-01 -2.650762537159770046e-02 -1.696050050851454216e-01
2.150169641253219521e-01 2.810589907204704210e-02 9.111576279332680994e-02
-1.229815098119026312e-01 -1.956463319180858362e-01 -3.151641693789175025e-01
-1.384090906183393366e-01 2.147372053580357543e-01 3.533300371168293652e-01
