7.344259761320248714e-02 -1.570196359358852822e+00 -1.516002713361883254e-02
-6.244374392670421804e-03 9.821452581736489496e-02 1.191347234904836655e-01
-6.278520629303926959e-02 -7.095598901889518806e-02 -5.010857686757448637e-02
-8.931704485070832839e-03 2.263301188590836899e-02 -5.442710228251507014e-03
-4.247117192259786816e-02 -1.574042211953552706e-01 7.299660651221278641e-03
8.594965615657940150e-02 1.065649385864961968e-01 1.001148495215052614e-02
-1.653507216081817263e-02 -6.033747754772927213e-02 3.221498973264825399e-02
3.644590521962330631e-02 2.159825743824755062e-01 -5.859296330565231387e-02
-5.901781875886805140e-02 -2.353922329803768421e-01 1.071266791570561344e-01
-4.420763384738077978e-02 2.470482684306758367e-02 1.479357042498544335e-03
-1.854253140232155483e-01 2.945754602476918782e-02 5.620073337839275734e-02
8.873264180547074664e-02 9.685298575046451253e-02 -9.631765644140802274e-02
7.805628859825469723e-03 -3.247927690892701835e-02 -1.519175575657126520e-02
-7.638404989182169535e-02 1.147784804467692071e-02 -2.348669552688545104e-01
-1.878194441554801794e-02 8.100599422443911790e-02 2.725071684624258417e-01
1.402984478463422946e-01 3.498405495206780708e-02 7.340854403658579608e-02
1.612316184111883544e-01 -1.915411768361196254e-01 -6.045403559075280819e-01
7.839696184474878593e-02 1.841450332940345880e-01 5.866383670730368483e-01
2.243352618322451419e-01 -4.282522449100552575e-01 -4.329920865688240139e-02
1.347120135877684088e-01 3.715828872610552058e-01 8.566598457327084803e-02
2.337933971731208094e-01 -1.067829007574157135e-01 -1.274911421619890316e-02
1.972112212438917878e-01 9.129989520164333294e-02 -3.353292878420990886e-02
-1.642484407500361954e-01 -1.483495964205616691e-01 -2.181436765635789421e-01
-1.110365995692634417e-01 1.565369091589867701e-01 2.584348849159457395e-01
