6.339666790606089805e-04 -4.983829806120199102e-02 -3.802080473981466618e-02
-5.385186206935463904e-01 1.017905043683876298e-01 1.329378194502997546e-01
1.976300669726711590e-01 -1.392289824308037549e-01 2.699516963435683731e-02
3.062380909851838973e-02 1.249160482712815406e-01 -1.057391846090133692e-03
2.197196904439017440e-01 2.673761739990913600e-01 -3.911459290188541021e-02
1.565782395557997475e-01 -1.027867805700126980e-01 -4.245271929941084321e-02
-6.146384254181566642e-02 -8.665099462175399059e-02 2.070166811530725973e-02
1.916781361667087014e-01 3.265228287830047038e-01 -8.368207054602426476e-02
-1.715606447223368969e-01 -3.818889375909578776e-01 -7.899592812688523147e-02
-3.051352444082174736e-02 8.458242756613172653e-03 -8.729104442863826890e-03
-1.146191118303958312e-01 3.167967435816343783e-03 2.301123979302748535e-01
2.180703314418170891e-01 7.263517889780683745e-02 1.093777354633464205e-02
1.177011390305354177e-01 6.539956194563954772e-02 6.108872600739310293e-02
-6.264061459854385061e-02 2.735658011140908452e-01 -4.667017095320646902e-01
-7.173841321831539442e-02 -1.464099038159719646e-01 4.879932270918629911e-01
2.281922805669855392e-01 1.158776379363329057e-01 -1.323920464144307842e-02
1.230125846561519881e-01 -1.333220181702116924e-01 -8.026487412562610668e-01
8.578872859001945850e-02 1.702319278222248489e-01 6.943667117662736255e-01
-9.192741903081480537e-02 -1.575904236328697083e-01 1.398171574922935922e-01
-1.320877056687003726e-01 3.564827924845933582e-01 -1.120532628882881937e-01
2.725467136049422034e-01 -1.388905311626715926e-02 -1.585329853147151580e-01
1.817327925983937276e-01 2.257366567376439467e-02 9.307885122640131847e-02
-1.003741668070780718e-01 -1.903401393813750064e-01 -2.979793393945504576e-01
-1.088968034005596969e-01 2.125171396545100511e-01 3.281362995225201029e-01
