-2.559845160260193833e-02 -1.106670519239212558e+00 -8.489906078955672397e-02
2.116967270120716504e-01 -7.538239759810490270e-02 2.279447861254650654e-02
-2.714696282600526089e-01 1.331902805901103160e-01 1.393002719072701165e-02
-8.920655849664001907e-03 -6.349144354436477011e-02 1.220930588347821956e-02
1.300643196967995741e-01 -4.980734307206494682e-01 -1.260605427022538742e-02
2.888092361892366511e-01 2.789736998129037637e-01 6.063420267122057727e-02
4.755839784176556576e-03 -4.137395874002373908e-02 6.873418114715386384e-02
6.077908859605833485e-03 8.549692962998908796e-02 -3.159208086028523349e-02
1.095561583459348232e-01 -3.469762389962955523e-02 7.829177548004072340e-02
-5.762092399160631540e-02 -2.729791565237989215e-02 -2.589970982042246253e-02
-2.353505552777639120e-01 1.046757493199609867e-01 6.994851966487089512e-02
6.141461644477169517e-03 8.032863560819189161e-03 -7.259679755868927997e-02
1.471125759335231986e-01 -1.811728507787614684e-02 -3.059019677196731651e-02
-8.847314206196145447e-02 2.895720823202368455e-01 -5.564128329927396921e-01
-5.982065042714489883e-02 -2.455478428606240882e-01 5.608962736967351148e-01
2.262285827448594910e-01 1.090687880892909911e-01 5.520257255474179253e-02
1.648907472218724968e-01 -1.074441538119541573e-01 -8.776089041545569458e-01
1.755884075367032671e-01 4.458765825869502597e-02 8.157828099649289122e-01
-3.212449621462030169e-01 1.547597984102040414e-01 4.726364697352311572e-02
-1.896964992244125070e-01 2.059301181094829597e-02 3.699533120309525763e-04
2.049401996658291314e-01 -1.055269606706177171e-01 -1.177557882047091525e-01
1.817862963916648533e-01 1.033991417014746006e-01 1.844754415180931417e-01
4.551622909859515120e-02 -7.934010470601950138e-02 -1.383499341865157550e-01
7.434264730675629873e-02 9.398399973309912170e-02 2.105659580503099482e-01
