6.616524399997733563e-02 -1.592446248094110395e+00 -1.627497001013680777e-01
2.046883867006003277e-01 1.295436276203748571e-01 1.829987875253840379e-01
-8.185471907288168758e-01 -2.198811488075602671e-02 -2.247311735373143937e-01
1.440138892876836052e-01 -1.570177022464194494e-01 3.435139710081047486e-04
-4.835088701776308479e-02 -2.093246824152704966e-01 3.180180700951363432e-02
9.274409189149798172e-01 -9.951168436938723216e-02 1.491773360020456907e-01
-6.035300918752562610e-02 -2.368700864684169724e-02 1.122541204724275821e-01
-5.428801207696425796e-02 2.487053332226952240e-01 5.091399735178104950e-03
3.081155347927438393e-01 -6.901708792816795002e-02 1.578276119627024243e-01
-5.469084568538284258e-02 -4.067158089355012163e-02 -2.424546694546106471e-03
-1.353559861591897839e-01 8.337464160563645699e-02 9.764271653892439562e-02
-1.275322919495678331e-01 -2.425871577219012795e-02 -1.405183640559458380e-01
1.522766258342686529e-01 -3.745410853285700836e-02 1.055949437667872137e-01
-1.431997321838931470e-01 2.479757008172459309e-01 -4.091209414207164774e-01
-1.314735562505002509e-01 -2.417753326964107441e-01 4.167027377415912226e-01
2.511121944676081852e-01 7.948950213506038309e-02 1.021425246330185665e-01
1.224832499519744322e-02 -2.513343660067607899e-01 -6.091769617412253757e-01
-7.433232982922643138e-03 1.539317221992280438e-01 5.445631872846521393e-01
-3.591066905388560215e-01 -5.457518807219463586e-01 3.572460885313080703e-01
-2.028135746468683331e-01 5.373958208118970736e-01 -2.278413619811492374e-01
1.148717592772245805e-01 -9.237598700777158167e-02 1.980209953729196448e-02
1.818310397372407683e-01 5.604748065115523065e-02 1.146728556023379336e-01
-2.037337537071715944e-04 -1.076563773708944793e-01 -2.043967426932112863e-01
1.920627082946576789e-02 1.253114239943196595e-01 2.206280809834386403e-01
