4.447689209861514781e-02 -1.574557243065753509e+00 -2.860605740526535601e-01
1.791915157426190452e-01 1.164273975726889260e-01 2.165501933303906057e-01
-7.412312112397626551e-01 -5.233171313998503243e-02 -1.865652396204550145e-01
1.855472814834056294e-01 -1.363127804970681589e-01 1.580694824023278280e-02
1.204726319276014368e-02 -2.142020089867914534e-01 3.212529360368485826e-02
1.480424441480970632e+00 -1.638150480942975329e-01 2.341991696568962722e-01
-7.608393324415582692e-02 3.224813168384381510e-03 9.659662160117361840e-02
6.857416707252449173e-02 2.438562969334157615e-01 -1.688928191437495327e-02
-2.892961736725162096e-03 -7.852690479953423897e-02 1.946240837221641651e-01
6.527452713255561811e-02 -1.618940576607555415e-02 2.038111148877284548e-02
-2.780776105283782051e-01 1.139919469563909077e-01 1.325462024049033627e-01
-1.361515645708436528e-01 -2.320597277862151281e-02 -3.144730841365542817e-01
3.321802896848594644e-01 5.649341381566636011e-02 7.539706722788164228e-02
-1.994031451204652250e-01 3.101002463412637078e-01 5.777733241507406609e-02
-1.666522982054577384e-01 -2.238471931170426810e-01 1.325313860225391972e-02
3.326973787236434804e-02 2.827654274685815691e-02 9.417369414747034373e-02
-1.919814950803100384e-01 -3.172779345718699240e-01 -6.690964177202013419e-01
-1.891209758184688727e-01 2.711885759664438011e-01 5.663544075987939630e-01
-1.864137827602444231e-01 -1.164893601338707230e+00 7.056969269224133701e-01
-1.866816292143619882e-01 1.005180101310419793e+00 -5.851020953960622828e-01
8.961323272796654915e-02 -1.219955684617205494e-01 -3.518481633537962061e-02
-4.543021677395917002e-02 1.388585238374538677e-01 1.507157226785310333e-01
-1.319967348272594876e-01 -9.032736688666567759e-02 -3.037209909138033348e-01
1.745735877825204448e-03 8.692512909403950216e-02 2.637708017001128558e-01
