-1.355309811281670551e-01 1.779028555833898517e+00 3.332733543241274687e-01
-1.380415686649640428e+00 -6.429739441775619846e-02 3.552648521169485818e-01
2.327036815626726540e-01 -5.647146982205251964e-02 -8.272799904454757047e-02
4.152724067804819397e-01 1.904172017458631294e-01 7.363695137186251904e-03
1.982259255244485985e+00 2.833923244772693639e-01 -4.821848549534821782e-01
1.161471430509630753e-01 1.839720116333953270e-01 -6.809520343713272583e-02
-1.893478391993335952e-01 -1.584309322690554966e-01 6.748086532975468288e-02
5.517807046386224989e-02 -1.105661835195308473e-01 -4.470431624791516845e-02
6.672408560227615498e-03 -1.168799749811747918e-01 2.482335677142049890e-01
1.273852512160412731e-01 -1.517277585443752540e-02 4.520363026274988594e-02
-5.206371478431326416e-01 1.941228297037743689e-01 6.295802687294912992e-02
-5.013316697883536677e-02 -2.357873702275968888e-02 -6.336262418659877049e-01
3.916717418260400319e-01 -7.318648439549287066e-02 8.322944869029078041e-02
-9.690846700009150827e-02 4.027223771425015308e-01 1.379912475764877855e-01
-2.071378511966010805e-01 -2.623548861393715792e-01 -2.260697445264208197e-02
3.827008194068321628e-02 -1.580437347984183227e-01 6.182252289391641786e-02
-2.066857488933206977e-01 -1.023852012084043861e-01 -8.898433096033395717e-01
-1.662345336107630134e-01 2.603168592956229266e-01 9.140587780434117349e-01
1.180981710215621983e-01 -1.131662410933617746e+00 1.015572441644001289e+00
3.408383286622042319e-02 1.420376162699601652e+00 -9.499064676507137372e-01
2.002530184374644029e-01 -2.356771041691654855e-02 -3.185004156485117810e-01
5.302768098236516209e-02 4.594195969178224009e-02 2.009500413030051169e-01
-8.356295251927475798e-02 -1.056628076298401497e-01 -2.414240001322228990e-01
-1.129411839580304194e-01 1.387195969278772478e-01 2.855319670716968683e-01
