8.371107040617807582e-02 -1.774182012431528177e+00 -3.030885590808602911e-02
2.102421071997821467e-01 1.371270623670844402e-01 1.628615414376707593e-01
-4.752320816142230897e-01 3.162874987747259226e-02 -3.720847081231722087e-02
3.378573084452858588e-02 -1.159778225034874266e-01 1.947349838925600124e-02
1.015058666912431740e-01 -1.041944829319919191e-01 6.430200370934914533e-02
4.545411957004475978e-01 -4.719674182043784652e-03 7.602315834519575433e-02
-1.160493748880088855e-01 -1.130661650437867968e-02 9.575877482379428762e-02
-6.215436629248045214e-02 2.911300739154970563e-01 9.113555495915625151e-03
-9.799418882088947735e-03 -1.571974363302269806e-01 3.406678846003961120e-02
-1.146809944129886100e-02 -4.718157028477280163e-02 -1.400598932889911621e-02
-1.985230134936326607e-01 5.912514588461771636e-02 5.826258729478761555e-02
6.906646674798298802e-02 3.144908017194274208e-02 -6.469685995250475108e-02
4.378318341868606307e-03 3.603279498504638467e-02 4.564104227794951035e-02
-9.097583298945197128e-02 4.937836567822997402e-01 -4.165290060606398059e-01
-8.389411583491378221e-02 -3.543329344025811789e-01 5.367429849945415388e-01
1.758077197454567531e-01 3.059086945467553303e-02 -3.861657328152142549e-02
7.253595396759153491e-02 -6.547413449687275455e-02 -1.011400146552073442e+00
1.168044475583927405e-01 1.185058985921351726e-01 9.018556104480844882e-01
-4.687379520294762125e-01 -1.469619388406453453e-01 2.296153539012734390e-01
-2.566342753581952185e-01 1.238215485807009214e-01 -1.128390915996245192e-01
5.225888358879604567e-02 -3.051046340062658901e-02 -1.121902790308949571e-01
7.841544655986727730e-02 1.339912301246400268e-02 1.327643011637999748e-01
6.916352248641371991e-03 -7.573297170167976600e-02 -1.618804908522873121e-01
6.770066548524289463e-02 9.614581028261452722e-02 2.061603266146352920e-01
