-1.109499135686581456e-01 -1.920529040712589453e+00 -1.289097379501987217e-01
-4.695793498536626753e-01 -1.069858787598044515e-02 2.433169266753730797e-01
-1.775839682628442551e-02 -1.147680979387786376e-02 3.303065769806737273e-02
1.569165185353395553e-01 7.172910716838172551e-02 -3.392821156543194411e-02
1.485446408599756074e+00 2.694881875974418362e-02 -2.112532476028318174e-01
2.237529877652311983e-01 1.488152915073883420e-01 2.715115666208303691e-02
-1.016691858711864377e-01 -6.383406314396426751e-02 1.930032787268237335e-02
-1.013209208409506824e-02 2.342719365749668381e-01 -6.572084885829217182e-02
-7.461744376083111197e-02 -2.200475316990832819e-01 3.647859228266302906e-02
3.217038313004501326e-02 -2.736232302640610389e-03 -2.174228497693813950e-03
-4.412076253663396730e-01 3.536336430519664703e-02 1.483668029257987631e-01
-4.774759108888084608e-02 8.493043309688946829e-02 -2.752387027631152394e-01
1.712172005916443862e-01 2.069009642518513520e-02 -5.837296023258513322e-02
-1.341312477666008196e-01 2.834475471999671203e-01 -5.716383149758273025e-02
-1.245563457277235192e-01 -1.241878742770475275e-01 1.644780556764986468e-01
2.228260139400365866e-02 -4.631157480235287976e-02 2.209186708687983780e-02
-2.476798051351879193e-01 -2.705340870974874967e-01 -5.744124972210911118e-01
-1.323760297530873487e-01 2.384122455870636148e-01 6.453471849662397730e-01
-3.701288257291912576e-01 -5.372194918797559282e-01 4.349257577430022392e-01
-1.543134862202630297e-01 3.806307764830642593e-01 -3.378519638933983882e-01
1.248378002673441595e-01 -4.494576222896106560e-02 -1.443701267707423186e-01
8.987475166255037839e-02 6.383093697783960227e-03 1.356608750582661282e-01
-2.706540521180652789e-02 -7.251488427871856379e-02 -1.894672212044942183e-01
2.295275551858887153e-02 1.254103129914784232e-01 2.455749707560408168e-01
