3.194606761802112199e-02 -1.564011844814785723e+00 -2.093577721904758271e-01
1.410586429584599344e-01 1.044478701094666423e-01 1.762350150047549968e-01
-3.685529801016895757e-01 -5.702826936549383607e-02 -1.265601139559089372e-01
7.643406900100774282e-02 -6.085166195142559242e-02 -1.165479369226465368e-02
1.158804987059572529e-02 -1.963476734685195568e-01 1.190147091942644376e-02
8.273098994675152085e-01 -2.842271156317414602e-02 1.339329787838826613e-01
-2.106198440216339174e-02 -3.046328408021517151e-02 7.702699994163313135e-02
1.955673068577058749e-02 2.382549761018324663e-01 -2.858912849977014378e-02
7.492252723036087192e-02 -1.181079208021929838e-01 1.817961155976162146e-01
3.513925135854425313e-02 -4.284178662534456582e-03 9.787318170628061739e-03
-2.289321267048318731e-01 7.205524428155293815e-02 1.169834670243339036e-01
-8.001948642063667905e-02 2.154353959439141847e-02 -2.264855507395742151e-01
2.596237743441011103e-01 3.061117487085777966e-02 5.340381111844069717e-02
-1.476451344598907478e-01 2.047868640529043882e-01 -6.269599792573798958e-02
-1.144737626190642232e-01 -1.172363691655066847e-01 1.230417513960713333e-01
5.208749165581338936e-02 1.078973991962991694e-02 9.793107412131606127e-02
-1.067333448430250881e-01 -2.981078196251681911e-01 -5.994492468395218321e-01
-1.021704616649480590e-01 2.355965860520789212e-01 5.829874321536293591e-01
-1.186715055743682440e-01 -8.531088144921398220e-01 4.351747229684009843e-01
-1.173340950301612617e-01 6.983401236029125325e-01 -3.512011120753569804e-01
1.479630134380270634e-01 -1.493508791675364489e-01 -4.490736326331565970e-02
2.998255060311821180e-02 1.284850066974883853e-01 1.235221695548300302e-01
-1.169216030779878512e-01 -9.202490061004829636e-02 -2.589115623571150993e-01
-7.216632730062885748e-04 9.961147572786720195e-02 2.361330900007456712e-01
