3.881961833709993842e-02 -1.554836641351419191e+00 -1.795673674581578783e-01
9.863604693161624748e-02 1.260373616977690792e-01 1.711620768605466858e-01
-1.544088533127064011e-01 -4.410757855098126207e-02 -6.513927131541463744e-02
5.211060551005887442e-02 -1.956755147370591724e-02 6.857244239736081000e-03
4.752725825980869123e-02 -1.497262270295376396e-01 -6.583770493750399147e-03
4.802679144521864729e-01 1.344787754832573179e-01 7.363652680599125366e-02
-4.286624763431176599e-02 -5.937749703983351973e-02 5.687689647364261442e-02
-2.316100407901867247e-02 2.143089522714931860e-01 -1.884827522814580547e-02
-1.251005652505102206e-01 -1.828151546615345291e-01 1.369913153038554432e-01
3.006561791386663449e-02 5.892881639252552789e-03 1.239946771087152740e-02
-2.515108320634079631e-01 7.539361986949900951e-02 5.759735734259070067e-02
6.412904860287849118e-02 6.946267452383715624e-02 -1.921416705627070898e-01
1.735297151066167165e-01 -1.379776353601585084e-02 3.972248359387896277e-02
-1.301925640426344621e-01 1.356816912617851700e-01 -1.134359041981811977e-01
-9.059425532916307033e-02 -5.882313060331645360e-02 1.697035869998214375e-01
1.427747613578874974e-01 3.635690743378132417e-02 5.766583686292661715e-02
-4.295434811358214700e-02 -2.328055212752249692e-01 -6.038762545955277394e-01
-4.194130585888057594e-02 1.870373459571571251e-01 5.822130172888181354e-01
-1.964693853685156935e-02 -7.493714899583522326e-01 3.150741103919910135e-01
-4.977862963161492488e-02 6.159820894008112280e-01 -2.370821504744407837e-01
2.113437227580903799e-01 -6.133150691851012998e-02 -9.304859564555267859e-02
1.526850627214002831e-01 4.758552026672750040e-02 6.999327590626840123e-02
-1.635325797891500343e-01 -1.605370670347951167e-01 -2.708622580189851692e-01
-9.351409284338485506e-02 1.489353157253838489e-01 2.779183786025741787e-01
