4.026130920222299042e-02 -1.532666776135375386e+00 -3.571624000460704718e-01
2.858601585088064168e-01 1.727121703821401788e-01 2.985733858181081057e-01
-1.183494232635381893e+00 -8.379619367460310053e-02 -3.910224323614268638e-01
2.750363915483526878e-01 -2.315364717845020681e-01 4.327285101153676566e-02
-5.092826479973213555e-02 -2.834359830011778381e-01 2.757000720659581045e-02
1.934394452332920844e+00 -2.418088605056078477e-01 3.124352551064804029e-01
-1.444629779880041431e-01 2.078683987089234575e-02 1.254147118780388204e-01
1.142984299507602136e-01 2.016980007890757376e-01 -8.224576615949334008e-03
8.943099437517423866e-02 2.005601712738064660e-02 3.298339060827550906e-01
1.067637988399249421e-01 -3.336738943381929723e-02 2.983100927957842152e-02
-3.321917019523733527e-01 1.438829732744469070e-01 6.699794644192141879e-02
-2.631843527896805535e-01 -7.269163130317156385e-02 -5.006773838921222408e-01
3.727604901609001820e-01 3.484792174348270294e-02 8.878264902646768042e-02
-2.158098497959096973e-01 3.590914704941725599e-01 1.164803793553463446e-01
-2.022321976429638235e-01 -3.542950444045255276e-01 -6.368594315492663582e-02
9.677734150438230265e-02 8.204721449813666412e-02 1.295225856076213378e-01
-2.193575121134046790e-01 -3.268645010882001434e-01 -7.682601588983555274e-01
-2.796230302122546529e-01 2.513343392920872610e-01 5.977919211894862084e-01
-1.215655270250282499e-01 -1.250228482383199058e+00 8.397353690009701221e-01
-2.381903420468569343e-01 1.137621414441350343e+00 -7.093460211306121810e-01
8.611890538559038855e-02 -8.526908510853768719e-02 1.596912949691823777e-02
-4.499008134400906724e-03 1.179518984969474826e-01 1.665937358062065943e-01
-1.120981408604473234e-01 -8.037478743097821454e-02 -2.763028580508735677e-01
-2.809087999926351831e-02 7.744790821062395858e-02 2.563248234634399880e-01
