-9.198961073267060418e-02 1.810372157438046470e+00 2.837800397855129719e-01
-1.159447643862199007e+00 -5.180064448184368980e-02 2.520645732402787553e-01
1.243367224074770072e-01 -3.915160345869016928e-02 -6.887650396559172328e-02
3.506129735127108127e-01 1.542922815677190140e-01 2.172337111942106505e-02
1.866891504743634522e+00 2.469379321696160146e-01 -4.550009310770950499e-01
1.479214102111263140e-01 1.600502418902332302e-01 -4.755820977730177562e-02
-1.369497513642002062e-01 -1.346231520014051497e-01 7.346559486437767572e-02
-1.834648323587489277e-02 -5.583635359279730953e-02 -1.883219328781852650e-02
4.927333144327352039e-03 -1.267775938497952004e-01 1.665942944069453424e-01
7.001421283076976476e-02 -1.378334033660539096e-02 2.952282685036495755e-02
-4.680378641312097909e-01 1.673744945989218136e-01 5.561973775640184636e-02
-2.915069865605649999e-02 2.467711760443271757e-03 -4.664931429641875904e-01
3.365530602231127100e-01 -5.117782828109425364e-02 4.716347676890353391e-02
-7.364860800685769926e-02 3.540030340972254441e-01 -3.447339311823214431e-02
-1.516501625521202434e-01 -2.029958196902616752e-01 1.680573022009678452e-01
8.428115060913386747e-02 -1.187396286085547897e-01 1.641909949502841706e-02
-9.490598213636636249e-02 -1.126118932773567394e-01 -9.124726816524880713e-01
-1.719772152513170463e-02 2.236126424701006254e-01 9.538251114276079523e-01
9.822147904589582923e-02 -7.670384629260861287e-01 7.626165211666654509e-01
8.738321704333903983e-02 9.533919577164942094e-01 -6.605663318244193727e-01
2.871727510423289775e-01 -1.704563157303315771e-02 -3.016815067779006210e-01
1.578466503551284039e-01 3.104971885870366766e-02 2.161143728978610901e-01
-9.409597947137240959e-02 -1.116314658318074832e-01 -2.042193446380833333e-01
-1.074506915196038054e-01 1.480490303352928472e-01 2.650289628030662037e-01
