7.959221669398741650e-02 -1.585519276662941568e+00 -2.643785619504936124e-02
-1.183661112247174144e-02 9.484464093544876795e-02 1.093346040884283499e-01
-7.417827954963114589e-02 -6.827897560289225565e-02 -6.370936802435694934e-02
-2.153865131588335313e-03 2.675802936290398379e-02 -3.992058758953539489e-03
-2.466156730945024203e-02 -1.554450935781065413e-01 -5.815634288198051876e-04
9.925781283249174303e-02 1.138629058552895479e-01 8.850779393251196822e-03
-1.260343869256651955e-02 -5.657035973794352635e-02 3.550344299718879992e-02
2.222321439853829766e-02 2.246177396472085197e-01 -5.086462943321042041e-02
-5.456136798421653417e-02 -2.303889855751412308e-01 1.114359521484757920e-01
-5.161087868455793704e-02 2.800147775752323542e-02 1.142944594346145121e-03
-1.793910975254108253e-01 2.149264253401122343e-02 6.263335120119230270e-02
8.244285278497537339e-02 1.033572493701614692e-01 -1.008081472097968057e-01
-3.380383049794313029e-03 -3.715263805745992048e-02 -1.602009729622407008e-02
-7.670692295723723075e-02 2.633549195628467204e-02 -2.593349047597214296e-01
-2.039545288038725757e-02 7.822565587803438636e-02 3.045878522115844644e-01
1.626626377819392066e-01 4.332821466727207471e-02 6.847071166251605945e-02
1.600647073011120247e-01 -1.794712222331565910e-01 -5.915606499982014599e-01
6.612558986387036264e-02 1.911601460458783874e-01 5.607071800984736454e-01
2.006396782805744683e-01 -4.167633022433890888e-01 -4.491206473957155137e-02
9.506787472441169395e-02 3.588427275115386172e-01 9.257048318413219068e-02
2.360057417003147417e-01 -1.059320089079465871e-01 -2.029734680797372348e-02
2.195221169127615779e-01 9.140109734793450125e-02 -2.660191660662798371e-02
-1.589252683408970412e-01 -1.509944511144858670e-01 -2.130957786857031189e-01
-1.120347780022760420e-01 1.567427226934616225e-01 2.539576318798263954e-01
