-6.615988202415380715e-02 -1.204117340991129659e+00 -2.944428249692846444e-01
2.527896801676216554e-01 -3.674226179779641749e-02 7.866512934435695992e-02
-9.656088638088330400e-01 1.227605218366340789e-01 -8.034844475147778775e-02
2.007395440918398055e-01 -2.225439086773532971e-01 5.817102097221823684e-03
6.453033360016229014e-02 -4.285166043761840515e-01 2.348475288956701490e-02
1.323608621212890357e+00 -1.220680427526376829e-02 1.812593765188860451e-01
-1.102859722817534638e-01 -4.182080515598982084e-02 1.036931109768795267e-01
1.858929001211677701e-01 1.085242474108060046e-01 -1.746540029852301432e-02
2.515256011187837482e-01 -2.752186927206337619e-02 2.345339419141531101e-01
1.535129693549153532e-02 -6.104467146233780867e-02 8.194417495981203003e-03
-3.474612687708406034e-01 1.958804028406261055e-01 8.690836721096995010e-02
-2.014380321692687825e-01 -6.762120299497155484e-02 -4.028570817233916301e-01
3.141634735161688563e-01 -7.212313145078018406e-02 1.481733994257668436e-03
-1.830387973524363610e-01 2.606779777638947859e-01 -9.182023507633720050e-02
-2.168768890540439809e-01 -3.258275957913867038e-01 1.180889467648070096e-01
1.548759398370049278e-01 8.948933892182334149e-02 1.630727340175004980e-01
-5.890142721158005135e-02 -2.617348268467329375e-01 -7.249215903754272494e-01
-7.151134124045988028e-02 2.062932954646064243e-01 6.646681161475223032e-01
-3.775499057361809963e-02 -9.553536633425901980e-01 7.447316840705192620e-01
-6.846802321321621143e-02 1.111835130611084743e+00 -7.038748708913789010e-01
2.313560244477786687e-01 -6.866963483709545568e-02 -1.193887872223883956e-01
1.612898889623438636e-01 1.204331120271619204e-01 2.051421321671976494e-01
-3.502941078456302260e-02 -1.005649682015732072e-01 -2.378018571681331794e-01
4.909902544840113840e-03 8.882516915794727574e-02 2.988002694931660708e-01
