3.855736324438565482e-02 -1.707766145753089937e+00 -1.011031552061934929e-01
-3.892162756370135535e-01 -3.938028338945259721e-02 6.089167217256438724e-02
1.393924694321104774e-01 -8.382182619047927677e-03 1.102208819664065170e-01
3.752870698343744454e-02 8.225374767244089669e-02 -3.458890520047699230e-02
2.361335621269762819e-01 -6.499441033980661933e-03 -7.702475917464995936e-02
6.626284268383373366e-01 9.718522503608656438e-02 7.807462784804092282e-02
-7.970115557498248793e-02 -6.288797004874424612e-02 5.952776349919941534e-02
1.746282372437605312e-01 2.682862065428491816e-01 -3.772784336407008360e-02
2.448588492546482920e-02 -2.193688815132945336e-01 1.286714824458993003e-02
-3.516043295260300877e-02 -1.053866338331322164e-02 -1.243047579923777131e-02
-2.064733629457753683e-01 -9.240479568341062808e-03 2.528705533958480189e-01
2.711360660603960235e-02 1.088365087961802313e-01 -7.253834987724575023e-02
-6.154305461448604520e-02 -3.041010054192171130e-02 5.426173186029605022e-02
-6.591112664512623065e-02 4.389595791554404824e-01 -4.226703665320438175e-01
-9.657438831387989142e-02 -2.293212371999069077e-01 5.595331991341735423e-01
1.636274852828796256e-01 -7.385939744168294914e-03 -2.145766487584122029e-02
6.307155401272386552e-02 -4.251002798900235108e-02 -8.463600382113080078e-01
1.340685184282332520e-01 1.906246937660475149e-01 8.490252983472047488e-01
-3.794445261058789209e-01 -5.850945176942172476e-02 2.189049007592386298e-01
-3.296102457388664364e-01 1.406033117938395860e-01 -1.524826611908198237e-01
1.351814140239515905e-01 -2.709321067161890584e-02 -9.034529917433155310e-02
-3.914215968783039956e-02 4.363939505232523886e-02 5.306136321380154619e-02
5.393497926964077246e-03 -1.236604858199552431e-01 -2.264679804588265732e-01
7.722482748180523049e-02 1.336824159418381619e-01 2.338004456978302059e-01
