-8.583671290538946730e-02 -9.914972730331838013e-01 -6.436373175725146334e-02
2.382137566012937357e-02 -5.555921533938037310e-02 5.362069445491746134e-02
-1.049990662997491858e-01 6.908656592185118128e-02 -2.964946880975493151e-02
4.019165535547750134e-02 -4.162721136545991830e-03 1.762464378257146136e-02
4.939412177938235504e-01 -4.136143372128541773e-01 -1.391568578628257224e-01
1.770527445127865473e-01 2.351622593243287984e-01 3.906008186299417262e-02
1.125284205484686564e-02 -4.315976193756946439e-02 6.306277520806442827e-02
5.177514684208876089e-02 7.870715261969148113e-03 -8.710273892260177175e-02
6.828005422760768939e-02 -6.342854838420992902e-02 7.324893477631011507e-02
-3.610927440040655884e-02 -1.289864971173596518e-02 -1.581377124385911076e-02
-3.163775826132190216e-01 9.915441023175354529e-02 1.094633359862296207e-01
-1.284015741327776058e-02 1.498882148593781369e-02 -1.346751405142595781e-01
1.743381046756571906e-01 4.069427509714949875e-02 -3.425669910475378360e-02
-7.692880925303244299e-02 3.129361201523893077e-01 -4.988224019012098553e-01
-5.594707443619729298e-02 -1.930409657658841704e-01 5.589182231011782243e-01
1.716320978233671912e-01 9.310058071379570532e-02 6.699487752651006253e-03
1.043056759220608726e-01 -9.490585814929361486e-02 -8.792003214808199463e-01
1.630967861917592687e-01 9.557152149735730073e-02 8.869843502718098849e-01
-3.179966046427196713e-01 8.609317889176512639e-02 1.699354347770149209e-01
-1.932954997668304975e-01 7.737392671559099877e-02 -5.724472875966735153e-02
2.485243474038463241e-01 -1.005545374781688234e-01 -1.010924668085532857e-01
1.634782105999707524e-01 1.048597561470331618e-01 1.853082673718944862e-01
9.787377605067933140e-03 -8.461038295912785834e-02 -1.532871328527955490e-01
4.846422908689942965e-02 1.058711714358988448e-01 2.025637035412613252e-01
