-1.149037985676527179e-01 -1.204123908002414506e-01 -3.447486100524927988e-01
6.558633977084618594e-02 2.902582784082006762e-01 3.562272696510556669e-01
-9.116776855868805596e-01 -1.011419124257413038e-01 -3.918214019727308539e-01
2.577405841598076619e-01 -1.776651848252430999e-01 8.297342706177462945e-02
-6.766153031190402789e-02 8.141856819308325444e-02 3.050045403841141877e-03
1.899063364728669434e+00 -1.600068845371826198e-01 2.750277421598323890e-01
-7.155944261138155738e-02 -2.125972558157353948e-02 1.674120305268849140e-01
2.192207183463252274e-01 2.611755856974767309e-01 -1.196978308457079948e-02
1.036899482739846723e-01 7.215240012150604676e-02 3.310479048667955837e-01
3.889495677564078907e-02 -3.676003474258322107e-02 3.730393109152793651e-02
-3.197018487285627764e-01 1.226419890934647844e-01 1.110732920023768111e-01
-2.280573525369287702e-01 -6.291937596033547742e-02 -4.534691089244162199e-01
2.846626575107938373e-01 -5.730197630633878519e-02 1.678210245706641401e-01
-1.453991942937567505e-01 2.797823628547638219e-01 1.085286570075393031e-02
-1.665755193323554262e-01 -2.438234113150034854e-01 1.014057746023548923e-01
1.114021827136984361e-01 -6.307823892902011953e-02 4.773979379905952253e-02
-1.545955717143285002e-01 -2.679705475437944573e-01 -7.945417005839124913e-01
-2.087682447893252080e-01 2.993913138036461419e-01 6.079156928632176715e-01
1.946502262142413564e-01 -1.246906645176473205e+00 8.852166895646411682e-01
-6.866659572237162820e-03 1.071691591147275302e+00 -7.781209798551682599e-01
3.997462037155683490e-01 -3.363010053980957509e-02 -5.014358556265261641e-02
3.510759016755636841e-01 6.179074299792432917e-02 1.564038767354513082e-01
-1.893275621369967521e-01 -1.643786205690461466e-01 -2.978411124863326043e-01
-1.461029763352476585e-01 1.307921553901655043e-01 2.753060671523389624e-01
