-1.435483081985051423e-01 -3.012293435342046632e-01 9.456612857324627613e-03
-8.509422172709358856e-01 2.812250770015272891e-02 3.358878295104757439e-01
2.046743193990941678e-01 -1.163588921102285539e-01 -4.110836716359832221e-02
1.652899291342532773e-01 1.550718410680466397e-01 -2.365522120034654896e-02
1.057992707439782354e+00 2.736832120346054387e-01 -1.676543522959248744e-01
1.307439951969185665e-01 -6.439376379508894056e-04 -5.633972703080760563e-02
-1.412726573192349955e-01 -1.135561815299887811e-01 2.639699838198932350e-02
2.382580941375599393e-01 2.051877547778592770e-01 -8.909063692233386289e-02
-1.556729537854585343e-01 -2.779778002389803326e-01 9.930691023720331079e-02
7.096293971928679944e-02 3.831610380321268019e-03 2.620175874977379374e-02
-3.548515308462821816e-01 9.642903922492193636e-02 1.646521486497907749e-01
7.262927473391735111e-02 -6.876826274690819515e-03 -3.813615188499274167e-01
2.990464312426381888e-01 1.139383882729425035e-01 6.812585586271467653e-02
-1.206665669196249902e-01 3.140210280416723676e-01 -3.723946663165594168e-02
-1.705157147324108391e-01 -2.289308402939620180e-01 8.412328617562490896e-02
1.260477183385701472e-01 7.829449005064582912e-02 6.223181017732791476e-02
-1.756748075834174694e-01 -1.601645186554926936e-01 -6.776051077284561686e-01
-1.968351218203326924e-01 2.333485150794417096e-01 6.668038807926527367e-01
1.765781981041310289e-02 -8.998155770680108523e-01 7.586694964658663443e-01
-8.628529800757731016e-02 1.305517321406332476e+00 -7.453446975142306030e-01
2.299671808752333790e-01 -2.472325881722206575e-02 -1.781561288588436320e-01
1.154277348207324999e-01 6.305847710489535796e-02 1.121954985965754048e-01
-7.456952592254634249e-02 -1.416521335885838895e-01 -3.016506202783365564e-01
-1.132620994278538268e-01 1.676397333766165010e-01 3.666683469101551518e-01
