-1.397488503993347779e-02 -1.543107247315175679e+00 -2.451142012495807210e-01
-9.894373335682363213e-02 -1.496804581793538536e-02 5.381356483409676511e-02
-3.401969125894105384e-01 -6.853968199197701949e-03 5.957193164831830340e-02
1.209241976148432429e-01 -3.725023389201743279e-02 -2.789203779036391467e-02
1.427206354560393853e-01 -1.883417694065901704e-01 -5.785897639287850003e-02
1.458426526098304254e+00 -4.650862706305668864e-02 2.339314741266004249e-01
-5.521389275259838691e-02 -2.498284889452671506e-02 9.754027937167125684e-02
1.458518501670209577e-01 2.902271987011519339e-01 -1.691905416296882528e-02
8.482283170991526677e-03 -1.701020632183491421e-01 1.746950743750047552e-02
-1.816926307655207865e-02 -2.130288099140159944e-02 9.744905444994079666e-03
-2.178233130081911606e-01 2.797212721406359265e-02 2.503390269859701589e-01
-7.865419995043007595e-02 4.726929336921353864e-02 -7.396825171850208991e-02
1.292064352326629251e-01 -8.432570546092784183e-03 5.233934472071917476e-02
-1.001783978315890777e-01 3.629143470745438416e-01 -2.203765857898612734e-01
-1.265290148358939049e-01 -1.853761185748463158e-01 3.680254164202254596e-01
7.861853859503958875e-02 9.571271969920672976e-04 2.167782239275976852e-02
-7.903867008540529926e-02 -1.231229320917905795e-01 -6.549666278438402989e-01
-2.138236347525895170e-02 2.309738155972029250e-01 6.371357104159176554e-01
-3.060745777534001899e-01 -1.704104789590571989e-01 3.197395165909083792e-01
-3.067376102762798262e-01 2.093928234891551943e-01 -2.789218508664142449e-01
2.508281289034921535e-01 -2.837005147413887429e-02 -6.998629614066234628e-02
-2.959579352692365273e-04 8.392693140092424842e-02 7.005649440858655042e-02
-5.959382276335087325e-02 -1.021854975985343750e-01 -2.184595711499660031e-01
8.921633934134100274e-02 7.934909414404243966e-02 2.293565381675645720e-01
