-1.402766858778152215e-01 -1.914932225649235153e+00 -1.385639921704245325e-01
-6.937438606098721428e-01 -4.552481588587204558e-02 2.503153796233819062e-01
3.136792619435942175e-02 -2.328205891250764020e-02 2.486365823805112771e-02
2.172848075177206129e-01 1.033441208497850872e-01 -3.576465283179769417e-02
1.731853053882125737e+00 8.136113302749083120e-02 -2.891873798926554162e-01
1.968267055724721715e-01 1.624031089467433131e-01 1.106782009009130326e-02
-1.439888631709794198e-01 -8.536890996763765727e-02 1.566208830253045057e-03
-1.336767073398508789e-02 1.913679669477241496e-01 -7.210070634832356495e-02
-6.425830723353243012e-02 -2.317882021914562385e-01 7.409227178871918840e-02
5.772348048185304420e-02 3.790083181367849422e-04 2.067072984808159160e-03
-4.782739453974274024e-01 4.307136411908767809e-02 1.526352667161647580e-01
-7.152373562967453968e-02 9.370552865683884347e-02 -3.771127205237954638e-01
1.883666773002935502e-01 9.138462789236384770e-04 -7.923892700368934117e-02
-1.490751091562171615e-01 2.735505894945449157e-01 2.540139131912185974e-02
-1.525928631766803878e-01 -1.396450873116672486e-01 5.810146124019602981e-02
-1.582116679208640797e-02 -4.619636400186123704e-02 4.879980680168384544e-02
-2.891709719831710990e-01 -3.004320619557343530e-01 -5.652414175661270024e-01
-1.885036981171987203e-01 2.369465828903903060e-01 6.371525414363813367e-01
-3.328762690630928667e-01 -7.154070594604862166e-01 5.422327279654090004e-01
-1.697546314942137702e-01 5.520338945705868250e-01 -4.461138298452421158e-01
9.251012394609757494e-02 -4.578164349272778599e-02 -1.741851208845247301e-01
3.220247495679885719e-02 5.230426079760211282e-03 1.526481079652706463e-01
-4.022887130242457782e-02 -7.745777671546957843e-02 -2.067288148288871363e-01
-4.422479366548887590e-03 1.413682841072939622e-01 2.640121678720181997e-01
