-1.445670267040942772e-02 -1.121989013873856855e+00 -1.280852559646696032e-01
2.300945811904662464e-01 -6.482098758865402488e-02 3.569298252130880672e-02
-4.465801546885130868e-01 1.715002893951907692e-01 3.484188591421663594e-02
3.104471705769091053e-02 -1.186656058346786946e-01 -4.833308197990146549e-03
4.912292503713681230e-02 -4.736662849749179172e-01 1.905692535032521909e-02
4.690768778150163909e-01 2.883757605902310117e-01 9.313125549932613212e-02
-1.116662640793455834e-02 -6.734793197576728618e-02 7.290942298212618744e-02
1.043790144327152482e-02 1.209781944181172880e-01 -1.360977539235171639e-02
2.102134842205821141e-01 2.032527698242570218e-03 1.079906615471504794e-01
-6.487269131966570679e-02 -5.143282930812977799e-02 -2.415603348021353250e-02
-2.157500997028684586e-01 1.173254371108243127e-01 6.590339671420840373e-02
-4.137265116570439799e-02 -8.111644491918467217e-03 -8.999256732471455633e-02
1.679470343242397967e-01 -6.784545765074578849e-02 -2.065696538280143921e-02
-1.019637031514165071e-01 1.959576132721922437e-01 -5.291559797514083785e-01
-9.009463711678697417e-02 -2.429622134809844292e-01 4.826724637627918812e-01
2.321135917078522015e-01 1.121772184550124257e-01 1.227015977811191511e-01
1.652703028482808423e-01 -1.647564395180826369e-01 -7.869635969772088568e-01
1.718795877409987627e-01 2.959258527755681198e-02 7.274542698181483136e-01
-2.722630924212189885e-01 3.493043884173642477e-02 2.782321810146243593e-02
-1.125213934564141260e-01 1.433301556233841922e-01 6.470560837110725556e-03
1.677508765833189142e-01 -1.208129896797644903e-01 -1.302215839153901267e-01
1.687914237892012836e-01 1.081630698445939509e-01 2.088647565939498463e-01
5.771518771451017438e-02 -7.792093750613074410e-02 -1.411836978208894089e-01
8.090581030483474934e-02 8.672314768743796809e-02 2.205270621336109516e-01
