-2.148336671289514110e-01 -5.846759841880105890e-01 -1.300019422757276236e-02
-9.244984975852788001e-01 2.460100657376077318e-02 2.815122539083071973e-01
1.485759025702348690e-01 -8.942234288462154457e-02 -5.975661252730800344e-02
2.479169347150536606e-01 1.477767162047841643e-01 -3.485785166268430264e-04
1.657542660361851272e+00 1.809666692511308350e-01 -3.875001180798398059e-01
8.743329282254320989e-02 1.257651560769451615e-01 -2.353517140734792679e-02
-9.720100081858919217e-02 -1.041540672595930028e-01 2.346370189586539923e-02
2.672586228317198886e-02 5.814758423053842384e-02 -1.174830813262527779e-01
-1.046689955235095403e-03 -1.975550159580319320e-01 7.122149094700994110e-02
3.884629556435042347e-02 4.861440826216518291e-05 1.114616142559199559e-02
-4.467163239870199365e-01 5.224422693701129966e-02 1.534634808940557316e-01
-3.322060333108495939e-02 6.800799393830031514e-02 -2.985334008272367834e-01
2.520915567909354782e-01 1.429673292131053153e-01 2.586032495275539245e-02
-1.143703943250686944e-01 2.589819535392102190e-01 -1.434750182316837652e-01
-8.543921722331414281e-02 -1.547841693342667246e-01 2.203115744925942254e-01
8.773243046867203188e-02 2.921533039294834169e-02 1.340684179307889863e-02
-1.680540041554656749e-01 -2.637900539963212720e-01 -6.330325279334376720e-01
-6.934703288217693162e-03 1.250480008483948191e-01 8.026089734198841308e-01
-1.527974508496906247e-01 -6.105981006182280568e-01 5.183497010339889188e-01
2.225462021084289449e-02 4.543679241048739215e-01 -2.914244936833719213e-01
2.777157957134322452e-01 -7.978470451428265608e-02 -6.097883066880609160e-02
1.377731975038200551e-01 2.915212492944169870e-02 1.373779361278769928e-01
-6.698986276860116607e-02 -1.192637023888732800e-01 -2.221141329293755129e-01
-5.635214376424431404e-02 2.016249503077363892e-01 2.497348598815207210e-01
