-3.688685635898696913e-01 1.275283376761025433e+00 -3.545144059988950686e-02
3.170398168258851679e-01 -4.810992048706599911e-02 5.813891838895716979e-02
-1.208901000766753997e+00 5.768410324347630902e-02 -1.481772054256103310e-01
3.107886632952363559e-01 -2.640071287776665221e-01 4.111284968917589683e-02
4.512509721379356908e-02 -5.089947403114619684e-01 -9.253150978947822028e-03
1.978311469579274506e+00 -1.864272416969129376e-01 3.090542735254711015e-01
-1.340456416917099325e-01 -1.931141102721593145e-02 9.357956898802681500e-02
3.884510417713091801e-01 2.620479242104306258e-02 -5.156564612380565293e-02
1.205180410852986078e-01 -6.466560930478981728e-03 3.691985619923680573e-01
1.389333948199507063e-01 -5.817857149701223529e-02 3.156761883016650366e-02
-5.390410077178505732e-01 2.556111951649076564e-01 8.556130086241948984e-02
-2.935695432400810545e-01 -7.999304176028218527e-02 -7.346452139833629102e-01
4.515422043133664465e-01 -1.859558396432775583e-04 -7.458701499317620109e-02
-2.119231561235142280e-01 2.778075888567695939e-01 2.627031029397962070e-01
-2.360806936457141847e-01 -3.684056090033848707e-01 -1.923285240272595842e-01
3.448649652471908605e-02 1.170160230336982493e-01 1.802218359019271965e-01
-2.471727722207940348e-01 -3.455711942646020329e-01 -9.371609871684659643e-01
-2.253789268787627642e-01 2.169653399847661646e-01 8.620092466168217671e-01
1.506858792941044300e-01 -1.503243428412355032e+00 1.181610120161225908e+00
-6.874649117130089693e-02 1.638501079932368931e+00 -1.147542594502442226e+00
3.546769013009340443e-01 -9.376201841475200957e-03 -2.621827478445006854e-01
9.372371335181749197e-02 1.388383519587392811e-01 3.885819338225705022e-01
-2.230119769886914349e-01 -1.198427056060453189e-01 -3.457223829880665122e-01
-1.062814435062406498e-01 9.710441111481624143e-02 3.786108618992095054e-01
