-8.072612867441790463e-02 -1.237714665080325682e+00 -3.706863845621636844e-01
2.825171230403014100e-01 -8.162428230698518666e-03 1.265093945818029086e-01
-1.198370264226296111e+00 9.017761958866005179e-02 -1.733795013153661135e-01
2.754638457125336282e-01 -2.598240626126921970e-01 2.314473056121393868e-02
5.415251207690489205e-02 -4.435997058506522817e-01 1.794119661498545099e-02
1.749806162599361725e+00 -1.024949522183903894e-01 2.535586571914177356e-01
-1.709598191564193348e-01 -1.298384035299278254e-02 1.153108169026087482e-01
2.686829870685284449e-01 9.878344406477315709e-02 -2.816410309567852349e-02
2.062899478421133248e-01 -7.167940998624017061e-03 3.157236013896952964e-01
7.216720379897847981e-02 -5.124344834956585243e-02 2.267492847670623396e-02
-4.265945228356466945e-01 2.050707144514916369e-01 8.795975487493411238e-02
-2.793037834958931320e-01 -6.777939732550600227e-02 -5.683409981830674917e-01
3.447005562160286307e-01 -5.966488424072229763e-02 -6.621093436518702031e-03
-2.160136449540054349e-01 3.214318635773855126e-01 1.172673745040808124e-01
-2.461788096639904722e-01 -3.505303324694620248e-01 -3.722848342895126311e-02
1.183210153887137850e-01 7.560946062044707205e-02 1.751782642922653233e-01
-1.476143395554609661e-01 -2.937159722845791854e-01 -7.577091340362911431e-01
-1.684666765337746452e-01 2.891304968720595503e-01 6.736033294499002011e-01
2.654887184484477913e-02 -1.216905141983345207e+00 8.892621154531343830e-01
-9.868226815356224979e-02 1.328166470834205137e+00 -8.431886363344440749e-01
1.842937531410697993e-01 -3.529285156825507502e-02 -1.888299267341231602e-01
7.757701060086485967e-02 1.127690252622528672e-01 2.824258018088898758e-01
-8.201030465235861766e-02 -9.495059200549525735e-02 -2.607231500553488512e-01
-2.313025960987375937e-02 7.383220906929631455e-02 2.951979739674278069e-01
