3.694884707103607280e-02 -1.570592890524878937e+00 -2.506307113299727773e-01
1.608074495332276199e-01 1.098504219393875159e-01 1.942639798486753833e-01
-5.507253030814125427e-01 -5.794422100128366476e-02 -1.563402727199770248e-01
1.311179231419246360e-01 -9.753003306877974787e-02 1.481491210074610630e-03
1.588237116773092567e-02 -2.050984468520321291e-01 2.495965973210422656e-02
1.149732087260959323e+00 -1.083843875402778489e-01 1.799079236941847904e-01
-4.619381341778049099e-02 -1.295474655928658889e-02 8.715182434066200134e-02
4.086560332764194864e-02 2.465075154530002310e-01 -2.576744173841458846e-02
4.207960998240468237e-02 -1.100947285348149729e-01 1.772819587718666157e-01
4.890028643380998907e-02 -1.028187033558911924e-02 1.480614449664037838e-02
-2.474561491452484385e-01 8.913450859828582484e-02 1.331766450202951091e-01
-1.064704116412207857e-01 7.559777514238139214e-04 -2.572279717187626047e-01
3.009452297323997882e-01 4.277028568258242625e-02 6.732605035948557859e-02
-1.741129590718335229e-01 2.578331017512389134e-01 -9.191202050747875399e-03
-1.417930579631324628e-01 -1.688803216352491865e-01 7.167947459261740650e-02
4.275102070855626990e-02 1.835149402725312281e-02 9.667193936876362914e-02
-1.502828313154214723e-01 -3.147521568766883382e-01 -6.230815658691241099e-01
-1.421264674022584273e-01 2.517422255763295258e-01 5.665995176511712250e-01
-1.748938708615710991e-01 -1.007992517342717553e+00 5.592924486672585793e-01
-1.647794167408221655e-01 8.459401735013026835e-01 -4.523005405712883231e-01
9.613905138710721054e-02 -1.434307764069600588e-01 -2.939154212086176124e-02
-3.281886075397275060e-02 1.370400152696855944e-01 1.326137809011154189e-01
-1.181619171549841557e-01 -8.974988581115568576e-02 -2.867461818600866574e-01
8.033816458083490458e-03 9.396463230846023584e-02 2.508121569687299379e-01
