-8.080429093814800456e-02 1.581283265314611608e+00 1.593965127934817982e-01
-8.096743332044608055e-01 -1.548630651474713071e-01 2.355982152546775843e-01
3.442851877196428934e-02 2.282807741370390317e-02 -7.214106844964426890e-02
2.237166136322305543e-01 1.372373830512153836e-01 2.341892467918822371e-02
1.287453025054281053e+00 -2.046854479914577418e-01 -2.320999889564062946e-01
2.072349725528890851e-01 2.736510400517573327e-01 -4.767864999285512106e-02
-6.151955704165797123e-02 -8.482821586232743016e-02 3.903865393932898914e-02
2.746398248380190754e-01 -3.856610349453429287e-02 -1.778448924242426732e-01
-1.086192347307531336e-01 -1.330243356635146812e-01 8.037221964062243873e-02
-3.958986351083471078e-02 2.388130575433839234e-02 1.518510341890582684e-02
-4.577224270759363556e-01 1.029559939962856330e-01 1.917514049135914111e-01
-1.392133403439066788e-02 2.696978775811885790e-02 -3.553717933139679541e-01
2.972628691901194053e-01 -1.111387876376240674e-01 -8.902651479062641260e-03
-1.086383086589074037e-01 2.677386170353279748e-01 -2.962092936677899746e-01
-1.296972804816986236e-01 -1.110164079467256121e-01 3.172632353287357931e-01
2.153480660090791310e-01 -6.854468516652442028e-03 9.068151992666544092e-02
-1.561725949218837999e-02 -1.592206116279094030e-01 -6.653655370202781194e-01
-1.132677733729295505e-01 2.688089789600925927e-01 5.728669084517075127e-01
4.049312599415909320e-02 -5.202311753305284281e-01 5.321051063062306463e-01
-1.561034143652850203e-01 5.330186537456977902e-01 -4.443942839217556173e-01
3.338720330717134810e-01 -1.292624257333374882e-01 6.977145350877509040e-03
3.099811980571054448e-01 1.263258453002271409e-01 1.182106754749335902e-02
5.726057387453246245e-02 -1.423104258530307198e-01 -2.226962882435425117e-01
-3.419407241488286314e-02 1.707813779487816208e-01 2.667881817812481349e-01
