-3.481308343607322081e-02 1.706425434704648803e+00 1.377711158517976042e-01
-4.334454703717341428e-01 -6.356873569744002361e-02 5.679813965617485499e-02
-1.163369894254619313e-01 2.455895186406714670e-02 -4.704065122317728498e-02
1.481120612015254800e-01 4.427450245663731160e-02 3.308981161652543163e-02
1.138402727966102868e+00 -1.010869998633222300e-01 -2.670375145010580598e-01
2.282431693731288014e-01 1.618369562560221520e-01 2.637996180771732396e-02
-2.629580807489246760e-02 -8.405509484064904724e-02 7.270848075121981446e-02
-4.868536905412833293e-02 3.273355895586880365e-02 -1.477272039097329154e-02
3.949892055144017117e-02 -1.005006115489630453e-01 6.681462707101562537e-02
-2.133280404368290833e-02 -9.662579929894572067e-03 -3.337483242309275538e-03
-3.296206271878937555e-01 1.311126209814707788e-01 6.117876629497826652e-02
7.100217934381010745e-03 -2.971654543918780030e-03 -1.867989962734180609e-01
2.987823326995869277e-01 -4.905048750771547061e-02 -5.828039168191836289e-02
-4.966842380077226421e-02 2.462813276156108344e-01 -3.834436350543322658e-01
-9.725506625877670952e-02 -1.559446611393789095e-01 4.258882396994540520e-01
1.772306433371269863e-01 5.874609105721777941e-02 -1.919437064720149778e-03
1.263079793653360261e-01 -1.115751709756840349e-01 -9.112699040186698074e-01
6.577631412760814866e-02 1.489550145649765900e-01 7.767471916201212911e-01
3.752752833186765065e-03 -5.899669655196796564e-02 1.960003112240566447e-01
-9.514690989233738627e-02 2.711214664802309993e-01 -2.118644701899192462e-01
2.996892937944356516e-01 -6.099891539758835884e-02 -2.762159415244300753e-01
2.835054461397537584e-01 6.368962336314512585e-02 2.032246970625317117e-01
-6.559068230025379143e-02 -1.038405143683557574e-01 -1.575207397860248215e-01
-7.735862217302814925e-02 1.150297318836157046e-01 2.682994729837385184e-01
