-3.494439519696594387e-01 1.335666517406427944e+00 -1.848969172051309270e-02
3.199895638357200256e-01 -7.138856158834193388e-02 3.958464622977073827e-02
-1.145677425275252626e+00 8.583148492976122590e-02 -9.256599425041803220e-02
2.889053874026993318e-01 -2.590876603916815735e-01 3.135499448344587076e-02
5.337273215111106028e-02 -5.237119465177139110e-01 1.515937157580560333e-03
1.799649226709693295e+00 -1.440450452112918833e-01 2.826254740454359760e-01
-1.235449393441878374e-01 -3.303874604233898726e-02 8.654091106687632207e-02
3.984092193574280127e-01 2.077839755661193416e-02 -6.080755268708847028e-02
1.468415422692022632e-01 -1.582985131113867974e-02 3.569539148052324751e-01
1.295816989074190795e-01 -6.337064967246205938e-02 2.861227939159294645e-02
-5.388709956006066948e-01 2.589532669297265333e-01 9.169206448526384667e-02
-2.771433582100888415e-01 -7.901339161465291416e-02 -7.208474232468909948e-01
4.500054774223545828e-01 -6.777134842666138886e-03 -8.287735735558060535e-02
-2.114320275321598386e-01 2.535026011872117957e-01 2.437698039785465565e-01
-2.375920036694393611e-01 -3.585843740702316929e-01 -1.854627467398503871e-01
4.780859635748718056e-02 1.199844655633940799e-01 1.920256849712312086e-01
-2.502187611542909251e-01 -3.552017034354788549e-01 -9.095356803254173172e-01
-2.117344891136157814e-01 2.163152854159952343e-01 8.581530464268740666e-01
1.280254774715731125e-01 -1.480309037817713280e+00 1.179522146150199902e+00
-5.106200461965386406e-02 1.652812981849686835e+00 -1.146922592135629637e+00
3.668758644876436992e-01 -9.501038720389645351e-03 -2.754239316195897791e-01
1.098306621792977528e-01 1.367658560856749861e-01 3.979709356874528980e-01
-2.085652923064581499e-01 -1.199105371923500363e-01 -3.399220431921202157e-01
-9.693571488470205388e-02 9.931349069454428746e-02 3.809212667078870074e-01
