7.596688982782327793e-02 -1.571372052982865641e+00 -1.750911725849970887e-02
-8.100498726594806270e-03 9.767095968129010930e-02 1.166007061501313780e-01
-6.739110440090727294e-02 -7.104785770447824556e-02 -5.315803906798165918e-02
-5.983547328546493481e-03 2.366051578576173001e-02 -5.251472665391102544e-03
-4.227900302133007215e-02 -1.585176207606910914e-01 5.507752466758780371e-03
8.792110867558439180e-02 1.076686746935479055e-01 9.612898179793548034e-03
-1.297505529272505002e-02 -5.929304706354612819e-02 3.253221391582533650e-02
3.351951764384033389e-02 2.186980610264118163e-01 -5.860195746230254660e-02
-5.689694240100943295e-02 -2.358650890310777515e-01 1.065260530680003231e-01
-4.864160683613733688e-02 2.531906068384954037e-02 1.417401488911054211e-03
-1.823058417720344881e-01 2.539489178339951470e-02 6.107505287824202544e-02
8.725232072047310605e-02 9.992726902335721806e-02 -9.471321354713334306e-02
-1.711817372935062632e-03 -3.714368954950447027e-02 -1.605116432410375049e-02
-7.585507299934240999e-02 1.131036785554745752e-02 -2.462802568711406070e-01
-1.849903358804293532e-02 8.443192953911755894e-02 2.845927411662383943e-01
1.461189564731739665e-01 3.452605987353776079e-02 7.195499369747197782e-02
1.674032627731289746e-01 -1.867756157385433158e-01 -5.898515825965250370e-01
8.078368323809188845e-02 1.812272752940685683e-01 5.689930939837771762e-01
2.309223686691007638e-01 -4.414039633053992717e-01 -4.964259517046205189e-02
1.337227452575442399e-01 3.790353867785158926e-01 9.659988699459010064e-02
2.412793843723478882e-01 -1.107439242199710766e-01 -1.035359088446717937e-02
2.054326149877662988e-01 9.564239939379631794e-02 -3.212381703645793285e-02
-1.645748152099201222e-01 -1.507461818434739365e-01 -2.176846574605806051e-01
-1.126231469144505226e-01 1.578107789538680250e-01 2.572816834307885547e-01
