-8.789454720055113468e-02 -2.161168167372074789e-01 -1.301623090759609393e-02
-6.556175587920833880e-01 6.730003291637054463e-02 2.349494224779312690e-01
2.072291750337388883e-01 -1.208412158136864117e-01 -3.984810853298802365e-03
8.849168005774368795e-02 1.392299322567423780e-01 -3.549751701973067209e-03
5.594693748308204873e-01 2.687400655525516990e-01 -6.980846151904579466e-02
1.252015845854106690e-01 -4.027566032895991965e-02 -5.471592858642849305e-02
-7.536178212236692431e-02 -9.535816572680858028e-02 3.170203002975299084e-02
2.114808631589210342e-01 2.654938001635935296e-01 -7.360430597262952734e-02
-1.920009354114408928e-01 -3.128261716644372137e-01 1.859124719266401840e-02
1.443505855469890894e-02 8.857877921617310357e-03 1.273794923045632257e-02
-2.319109225636388216e-01 7.066930998903508954e-02 1.729996849602145614e-01
1.708679195645291249e-01 2.021226256925039155e-02 -1.831106895652589717e-01
2.482684932808063571e-01 1.038800637285901968e-01 6.781712903774911316e-02
-9.639809716974102882e-02 2.951073894664457131e-01 -2.175563048412943457e-01
-1.210467355217000468e-01 -2.017657857594019610e-01 2.563328360281539320e-01
1.637430611833620708e-01 9.175796324539618742e-02 1.343195951402227986e-02
-2.472676070448768387e-02 -1.615568132412981694e-01 -7.536604735796549326e-01
-8.858337780518923954e-02 2.066330113383667288e-01 6.650106052304587401e-01
6.063066217855335449e-02 -6.614766610519301482e-01 5.425113755036151675e-01
-1.063742415734645341e-01 8.591402615350159921e-01 -5.554095555523878014e-01
3.116866424494660337e-01 -2.939083723459867681e-02 -1.739764182473617360e-01
2.089861110646927533e-01 3.881376460210451962e-02 9.508047693523263844e-02
-1.208088109864892679e-01 -1.774009685029111494e-01 -3.180819134689358285e-01
-1.446355803537556217e-01 1.986644702449853195e-01 3.727192669754372245e-01
