-2.310271225246249283e-01 7.498436604749999512e-01 -1.030282291720492766e-01
3.732675808626311625e-02 2.438048689795004748e-02 1.812070709695392037e-02
-5.242024736846253585e-01 -6.928668250346102508e-02 -1.453176371297374148e-01
1.481448418126717903e-01 -7.543110775553947545e-02 2.430752759240776065e-02
7.439464934224869486e-02 -2.202734752860204537e-01 -1.022626015593531279e-01
1.614087463373750309e+00 -1.642043495363123551e-01 2.131628424250800735e-01
-9.872470472809011938e-03 -1.240970192583400016e-02 9.593600420979028764e-02
1.597697491356939725e-01 1.736126432428238275e-01 -3.402371584996258420e-03
6.109436731181389080e-02 -1.206174086064639994e-01 1.311274112192191699e-01
9.560254955337847693e-03 -1.180846056989472842e-02 1.595598709993733015e-03
-2.695625060409521101e-01 1.078076959199096574e-01 1.639878804157096082e-01
-1.421714395125124875e-01 -8.016716132851852902e-03 -2.271684227165225445e-01
3.215178892285020518e-01 -6.154381631520555902e-03 6.737236339791663475e-02
-1.186063843846959787e-01 3.181140165157648192e-01 -1.748151980912680536e-01
-1.174665165392953792e-01 -2.192184031012254786e-01 2.660403489286620182e-01
1.033558265288636591e-01 4.961458924952478339e-02 3.570209566619974434e-02
-2.529350062322270609e-02 -1.994872583754054296e-01 -8.260998042370125694e-01
6.765073162743306598e-03 2.001916386866840480e-01 7.908911666099378568e-01
2.657307027496213364e-02 -5.521056571138367453e-01 5.672817643283001310e-01
-8.234874830941506241e-02 5.426710668222414213e-01 -4.765465443115159405e-01
4.546067569066726821e-01 -4.085329348355284246e-02 -8.131897425544902525e-02
1.934137724793565105e-01 1.097600895906177682e-01 1.663385728084970927e-01
-1.652838074773030352e-01 -1.390907806431049276e-01 -2.711554871565297620e-01
-4.533230218840858528e-02 1.314065703382517047e-01 2.742751102287283027e-01
