-2.909178642437686979e-01 -4.655356782398169524e-01 2.100939108496537033e-02
-1.287604549478476468e+00 1.971191535414313148e-02 4.477270226386944607e-01
2.884834530663436536e-01 -1.474243374040255239e-01 -1.181061917152526064e-01
3.344779623340769503e-01 2.028472535048284064e-01 -2.168952551863200309e-02
1.994260067300273720e+00 2.767262865268323990e-01 -4.619934816511033771e-01
6.416953847522628707e-02 1.041288308779620697e-01 -5.687732203360371108e-02
-2.046428726427107769e-01 -1.484597704677970698e-01 5.500372072850005442e-03
1.641927585140603718e-01 -2.352034145950033031e-02 -1.545639376706336166e-01
-7.139727982637486363e-03 -2.071828275311257961e-01 2.081340459567443402e-01
1.439227914520141427e-01 -2.106805798141373094e-03 3.870578662038245965e-02
-5.521279867653031692e-01 1.055728281829079462e-01 1.370599727571635007e-01
-7.706954604601196079e-02 2.691434835262942939e-03 -6.025739621868684281e-01
3.749916881859673423e-01 1.537111340084198752e-01 2.984671457382110163e-02
-1.375655571752914252e-01 2.733216111324580644e-01 1.294829340772819526e-01
-1.765652617568937988e-01 -2.317654894032872559e-01 -8.800932413053380587e-02
1.149643336200007089e-02 2.607712617528016794e-02 8.050641898691938969e-02
-3.588443147334053895e-01 -2.247073071154512547e-01 -6.202436765085629355e-01
-2.720354857966841844e-01 1.329238977762992324e-01 7.601402512664089395e-01
-7.520378135479839632e-02 -9.341417582314007761e-01 8.963079622070625474e-01
-5.703262242608087007e-02 1.220606116883913961e+00 -8.089750865852635142e-01
2.143056516003025713e-01 -5.396138751981743864e-02 -1.528580561588315512e-01
4.384139517884688697e-02 5.195771621508021854e-02 1.375974703960597956e-01
-6.929881682267099996e-02 -1.121957191091840500e-01 -2.630720680163539105e-01
-1.112229676994861138e-01 1.796459415065442544e-01 3.233505598424635807e-01
