1.707661785979566402e-02 -6.126872386734422138e-01 -1.369964926456230525e-01
-2.856081405633071127e-02 3.481734757635954747e-01 2.428389288156131698e-01
-2.539840726131192827e-01 -2.046489521080277763e-01 -1.637299584421712251e-01
1.293408018056984091e-02 -4.987100304190272837e-02 -6.456261315386112656e-03
-4.479038373362111136e-02 3.367237585321691262e-01 9.198913035320378101e-03
5.676427112054892588e-01 -2.525762565216060906e-01 1.014843721257830123e-01
-2.669976239186880925e-03 -6.929306606023959147e-02 9.985850676965139783e-02
1.212283174308736861e-01 4.565841632287317986e-01 -6.474010294382584463e-02
2.242291943590084824e-01 -2.605686476324786671e-01 1.732460128305834957e-02
-4.553193382823923080e-02 -4.217914082748533411e-02 -2.575905739292968372e-02
-6.344454173803099062e-02 -5.993928387613094155e-02 2.078253624891375773e-01
1.956850735235694111e-02 3.804049927966509509e-02 6.138049159604123950e-02
6.534205162105669040e-02 -1.411549080881925877e-01 1.262144205257887397e-01
8.822858910722829878e-03 2.505548085457975915e-01 -5.076169684433939899e-01
-7.293952504055624397e-02 -1.288056940667627603e-01 5.953959506371392374e-01
2.769239085686959756e-01 -8.667906251337295642e-02 -5.985798677486529884e-02
9.174129463536608020e-02 -1.118613173512377768e-01 -6.406760920280525351e-01
6.912223023646543729e-02 1.807763290421397495e-01 5.618783980412024315e-01
-1.166013936415737362e-01 3.082918472800397214e-02 -3.268614562069553642e-02
-5.828854746248151447e-02 9.918735221717794870e-02 5.413868747601718184e-02
3.286432914739491618e-01 -1.906215934561001496e-02 -2.729734264453659992e-02
3.822213344106259458e-01 -8.857600442604708288e-03 -4.677134785018577379e-03
-6.332639913506858675e-02 -1.417079615741995702e-01 -1.588820683683276891e-01
-4.841444252864230552e-02 1.345263758324121706e-01 1.975112517071183349e-01
