-7.247610287999507739e-02 -1.297075698277775802e+00 -4.566957981349414886e-01
3.093983511261136354e-01 7.703475452002908619e-02 2.010231389500343746e-01
-1.365668895885647771e+00 -1.429511195146767992e-02 -2.989209368520626686e-01
3.277062402029662369e-01 -2.677970482296587740e-01 3.166856281304562815e-02
-2.464877156593994409e-02 -4.241869830745348957e-01 8.732974312223654167e-03
2.165658576232721622e+00 -2.246118552099823085e-01 3.592465938242654366e-01
-1.571812888865067592e-01 3.384465528396188305e-02 1.387086488652019833e-01
2.712016188831813390e-01 1.251409178886795648e-01 -4.162230597019911382e-02
1.739524485777334262e-01 3.666412760460525250e-02 3.434871930822827046e-01
8.593228192825348721e-02 -3.219357754812809946e-02 3.778864280741050380e-02
-4.241549350198105528e-01 1.735316765066768629e-01 9.338275659560416053e-02
-3.324415090438570530e-01 -6.213037313119098431e-02 -5.662390497619776975e-01
3.516782539235102645e-01 -3.484274809819057350e-02 3.214481135352867391e-02
-2.205213960750327384e-01 3.653042932538557719e-01 2.013452371171338962e-01
-2.218621003365739697e-01 -3.365737130124064613e-01 -7.086218128497982771e-02
4.926777606443807911e-02 2.417585766716542559e-02 1.549736196970967206e-01
-2.023931469541478401e-01 -3.247568916448443366e-01 -7.132458919634051542e-01
-2.774311201532787541e-01 3.128584362740811087e-01 5.861359926570772760e-01
7.039651335615101924e-02 -1.274785949083350189e+00 8.724248667526914858e-01
-1.878546866013108552e-01 1.072632366652529257e+00 -8.264773049474646305e-01
2.383704626246859470e-01 -4.683510169459752931e-02 -9.898674012245303744e-02
1.146433172403995421e-01 9.978141170873462695e-02 2.183014788903526737e-01
-1.464798827298695039e-01 -9.135589343636488224e-02 -2.569579647502193698e-01
-4.935606177741377193e-02 7.056063213105608078e-02 2.574617712055466967e-01
