-1.959214245713956082e-01 6.926709278632806055e-02 -3.639374980951409211e-01
1.720192701214383890e-01 2.777510424068298511e-01 3.801719499429705995e-01
-1.157905808144058746e+00 -9.458105276523169624e-02 -4.273594923403976065e-01
3.165315262302019761e-01 -2.215021843335468199e-01 7.998423384503237921e-02
-8.455196270574087680e-02 -5.074554638951406238e-02 6.515397067848512427e-03
2.177649077604038030e+00 -1.708219658656191242e-01 3.534733442791282987e-01
-6.029501726524442301e-02 7.838479235881778279e-03 1.728792533041688395e-01
2.397838119557612890e-01 2.172505294837117074e-01 -2.358369406063640789e-02
6.580524366589970975e-02 1.402749095289954617e-01 3.828896117637070051e-01
6.044801148289354747e-02 -2.805359710079615224e-02 4.366095428920310773e-02
-3.958686848927016610e-01 1.444220607769965137e-01 9.133228132080953299e-02
-2.808584405376323145e-01 -5.806853909053056456e-02 -5.418376984969042187e-01
3.271344374082806872e-01 -5.003346248784124733e-02 1.672312547018265927e-01
-1.629631889492782759e-01 2.985150169873221349e-01 1.105100751712833618e-01
-1.494043074865562537e-01 -2.460238403961825526e-01 1.973747146876063049e-02
1.131239331890167704e-01 -5.858750281368509116e-02 8.948229197069805518e-02
-1.744247437786472510e-01 -3.418166699172429657e-01 -8.497115111065260962e-01
-2.601334156944682952e-01 3.534778048678753337e-01 6.189581374354132803e-01
2.520579330809321617e-01 -1.487878170500016139e+00 9.193313828660341080e-01
-9.314549163849031657e-03 1.048479031373332093e+00 -8.093601288262155524e-01
3.744272088241520358e-01 -2.913551385080091413e-02 -8.079892757935422387e-02
3.397936276342397588e-01 4.959100525072578786e-02 2.217965505926284830e-01
-2.384807316589750981e-01 -1.550262869508734487e-01 -3.181754056140710940e-01
-1.520451795541988838e-01 1.250770894935163691e-01 2.619388611878841755e-01
