2.808906035019535785e-03 -5.240906002511813710e-01 -1.733219867546853810e-01
-1.699206413212401429e-02 3.421588751570833198e-01 2.515836369520884075e-01
-3.335706497930099323e-01 -2.049925807607992367e-01 -2.103137172591466320e-01
4.133493334332846020e-02 -6.798227162421234537e-02 1.190836627448552815e-02
-5.907636791837928003e-02 2.956635165739716631e-01 2.523606107489882299e-03
7.888137113889400753e-01 -2.794086281726566035e-01 1.174700357835417319e-01
-1.428007995648106904e-02 -6.148699037180289234e-02 1.071169873143863471e-01
1.256376519915614887e-01 4.283824533695912429e-01 -5.980661041561836921e-02
1.837183494339926226e-01 -2.353836763313578995e-01 3.335365301921674325e-02
-3.433684181567007998e-02 -4.478101617595679068e-02 -1.762224597207286830e-02
-7.051099284462156169e-02 -3.111728308117502756e-02 2.032105270095471983e-01
-8.519426358127649146e-03 6.046603887815656282e-03 2.521029293381534669e-02
1.331072420906153353e-01 -1.239752749114829827e-01 1.462573325905222876e-01
-2.126687599136750997e-02 2.579731857554991015e-01 -4.427907536849102765e-01
-9.399121428962213531e-02 -1.471807184999725238e-01 5.245757127514159013e-01
2.353857680706978595e-01 -8.823934004831715527e-02 -5.065762266769980454e-02
3.730582044336409886e-02 -1.189123437409015244e-01 -6.219563935187331083e-01
3.926035741132728046e-02 1.770206014298655595e-01 5.605631591008396475e-01
-9.433215478642950624e-02 -1.124598652037842317e-01 1.632510035242351054e-01
-1.745107693662350731e-02 2.831244301013498554e-01 -6.981309816420355752e-02
3.930332203193286911e-01 -3.297484799134761668e-02 4.632857236458458317e-02
3.893149009644002456e-01 3.084450419409306282e-02 -2.346836822183203178e-02
-6.343203977703470997e-02 -1.426523594775902237e-01 -1.686225222302264459e-01
-4.540866985061819960e-02 1.333120479984021833e-01 2.002350662343249099e-01
