7.400502277018869424e-02 -1.568704674775791341e+00 -1.616479090586772638e-02
-6.685670193640317650e-03 9.793289946018528258e-02 1.183409815847469987e-01
-6.352492203657472691e-02 -7.130867365882602449e-02 -5.084407540330839609e-02
-8.302241817840819507e-03 2.302167008900058917e-02 -5.907522357737502935e-03
-4.281701505242011679e-02 -1.585077177530177794e-01 6.817963976627199919e-03
8.620294393794955545e-02 1.060756358011080286e-01 9.853322172191604153e-03
-1.430995107920370393e-02 -6.035805303585650011e-02 3.239804631373362914e-02
3.551315999574033294e-02 2.164223584966235570e-01 -5.882954063165354158e-02
-5.822367039025264090e-02 -2.359726153647516977e-01 1.066231646396505889e-01
-4.562076498222494836e-02 2.462474751016353533e-02 1.549105145770733214e-03
-1.842703872802367582e-01 2.835042438373607671e-02 5.779918376109022954e-02
8.850311944561617405e-02 9.756026441252617365e-02 -9.535405327991917923e-02
5.250117416999297397e-03 -3.220300860832382706e-02 -1.668128266840603405e-02
-7.559114352233065048e-02 1.008992301243634947e-02 -2.389355077701135754e-01
-1.853148130040653541e-02 8.203000117184092166e-02 2.770333354001376369e-01
1.408628170158411907e-01 3.613912081785838892e-02 7.263289027787640795e-02
1.630332460967541808e-01 -1.908376799335445295e-01 -5.991640668118769497e-01
7.913077191900087792e-02 1.819306219513004974e-01 5.821707665622544159e-01
2.266130247466486836e-01 -4.330221813314306112e-01 -4.541863132454632135e-02
1.330690939791345229e-01 3.744369809942299510e-01 8.785088305426817790e-02
2.357715663000562178e-01 -1.085108763732293424e-01 -1.019511437442123698e-02
1.990840731430977284e-01 9.310514834203699464e-02 -3.475380056448224703e-02
-1.645783442758220194e-01 -1.490256210076380261e-01 -2.185237260937486492e-01
-1.113732975103237932e-01 1.570116595290511619e-01 2.591028081705166186e-01
