-8.138410063603548905e-02 -1.903142767016523240e-01 -3.169738504046805683e-01
2.940690042905935719e-02 2.915027515212341158e-01 3.298321291251865572e-01
-7.960659530826266206e-01 -1.201916687488906732e-01 -3.644141867946193436e-01
2.189981575677110992e-01 -1.567457951889771883e-01 7.451631282064101469e-02
-6.007450531307562125e-02 1.273728573270572761e-01 3.278219394857561329e-03
1.748157874025950020e+00 -1.991051164563573395e-01 2.341045290727521988e-01
-6.637161160615070998e-02 -3.067597032948931463e-02 1.563392877025706063e-01
2.021529312261353961e-01 2.886354426646732252e-01 -1.395183571969462258e-02
1.166298585985725972e-01 1.086785843738731223e-04 2.694522928854147237e-01
2.256274402125714104e-02 -4.005145242886414686e-02 2.711087326548139095e-02
-2.715764250927856227e-01 1.021607328519113789e-01 1.293871497835565321e-01
-1.878113871576236604e-01 -5.610041444732174337e-02 -3.655149242109429486e-01
2.623152584076897109e-01 -7.050972688957049539e-02 1.705388787891410629e-01
-1.280563858591141357e-01 2.788735342107010462e-01 -7.120551665710640743e-02
-1.606007067398138310e-01 -2.391893213891093384e-01 1.685468508660911136e-01
1.215912832874407601e-01 -6.688732541510325480e-02 2.726344636029738241e-02
-1.202027739707120096e-01 -2.310246108359162442e-01 -7.574479713415860349e-01
-1.566360546599308290e-01 2.591010335482896720e-01 6.022365637066692257e-01
1.565520459397913844e-01 -1.114790519124388535e+00 8.122982972388010925e-01
6.961948520050754985e-03 1.017111590094923690e+00 -6.978455195178899784e-01
4.040949790854540535e-01 -4.052663223218979510e-02 -1.334037184291938551e-02
3.470757293158540646e-01 6.706683506090471703e-02 1.068312843496313641e-01
-1.657340766176532976e-01 -1.688933672908853878e-01 -2.935339551773699096e-01
-1.312847172557332076e-01 1.402363620814521539e-01 2.805085792350902052e-01
