6.623628509621505567e-02 -1.604020793554203905e+00 -1.285795208325836436e-01
2.097413392944054988e-01 1.274456087746388133e-01 1.687958161973828475e-01
-7.356618204105657144e-01 -6.747260064803970933e-03 -2.011037432277901771e-01
1.160710304983517960e-01 -1.481511548666868960e-01 6.336691742530222837e-04
-5.701776362200118575e-02 -1.977411651115105196e-01 3.288561763321828230e-02
7.718684783082951917e-01 -5.318533313558410081e-02 1.224333350634617401e-01
-6.235522770677079385e-02 -3.074576645447747725e-02 1.070392569073078670e-01
-7.644400137742735080e-02 2.504968872586949002e-01 1.282961695697311388e-02
3.106002343226274554e-01 -7.119935027283813556e-02 1.503251578072110350e-01
-5.387048506008365600e-02 -4.226281823700105827e-02 -9.114990691823490754e-03
-1.225316191864836979e-01 7.602231026524326751e-02 8.215874204921946866e-02
-1.011302589956134812e-01 -1.333793487922229140e-02 -1.159598919315291549e-01
1.114212528306665895e-01 -4.408703586461195506e-02 8.990479733159549569e-02
-1.238479717347557019e-01 2.575296239560258549e-01 -4.624901500753201278e-01
-1.150431019810356087e-01 -2.462289264134508993e-01 4.694661016152427147e-01
2.500714653326323589e-01 7.948382892858035786e-02 8.873173533455193385e-02
6.199734358376029347e-02 -2.162795766991784940e-01 -6.880644212648043823e-01
4.143861546365646548e-02 1.334782998881363925e-01 6.064647108017883204e-01
-3.819980043520636581e-01 -3.683517923603747968e-01 2.482226729854746794e-01
-1.986470592478094266e-01 4.013272535963293142e-01 -1.382931334031435588e-01
8.476883064741530527e-02 -8.412842720729855894e-02 -2.133049914667424149e-02
1.810264947967440974e-01 4.278938785271974021e-02 1.297769857933827875e-01
1.632068860286830722e-02 -1.004329702631059501e-01 -1.835326368390402529e-01
2.709992121027164289e-02 1.195771837453151465e-01 2.103798703825810745e-01
