-5.226144088694284484e-02 1.782862350458101597e+00 2.044605886094739977e-01
-8.153056588551602646e-01 -6.336951581033960224e-02 1.438923294714728462e-01
-8.588911207506147102e-03 -1.206942979695638934e-02 -6.414813312467217143e-02
2.527616434237239251e-01 1.037693910345320325e-01 2.775698986469835386e-02
1.539257662939169213e+00 6.762187720374003563e-02 -3.771180408784626792e-01
1.860269110776696933e-01 1.588033817163391759e-01 -7.433557297132932333e-03
-8.427586799175110222e-02 -1.048487268426588070e-01 7.832059880512695638e-02
-7.164458176287120950e-02 -1.732110424292235967e-02 -3.854308286013141856e-03
3.242145576216043379e-02 -1.134259556499659372e-01 1.166546316776296555e-01
1.840658289656333518e-02 -8.612211855749882239e-03 1.460897022849478796e-02
-3.913109829607694379e-01 1.435736267700631064e-01 4.705432309521283968e-02
-1.758794550511598789e-02 8.339535706968981971e-03 -3.163281457394194751e-01
3.041691096136236450e-01 -4.955583252554007778e-02 -6.405045552536260504e-03
-5.886416179662448678e-02 3.018838116382666081e-01 -2.083938319218376078e-01
-1.164907596773555043e-01 -1.628414786001521619e-01 3.194249376514549654e-01
1.434608574344914955e-01 -3.922815478890717689e-02 -7.292719612562956763e-04
2.168107333358922431e-02 -1.172104905054778545e-01 -9.127054528546516554e-01
3.979184399408677852e-02 2.016787051619185478e-01 8.902115828571985912e-01
6.872365694014775928e-02 -3.621020420259893347e-01 4.732031904193108041e-01
1.214485988145218298e-02 5.068578016865624702e-01 -3.924261292045954086e-01
3.288731990556363338e-01 -3.093025270279487621e-02 -2.701581809344129614e-01
2.415161024058651018e-01 3.838112767491997507e-02 2.040732831857308138e-01
-7.735765806763662822e-02 -1.039426811728758199e-01 -1.584710663160047717e-01
-8.563305330407662563e-02 1.331595089859201608e-01 2.459060067418988305e-01
