-1.912904846899288469e-01 -1.932278184924948627e+00 -1.734861907776656109e-01
-1.244487460132404077e+00 -1.178330873324558020e-01 3.137452901285745499e-01
2.273853530436789894e-01 -3.801952417593567474e-02 2.567824146961541695e-02
3.334685532543098518e-01 1.832868855243444950e-01 -3.980456258668024772e-02
1.989898172047103841e+00 2.714992169943303835e-01 -3.868849851150615859e-01
9.680804755177789545e-02 2.046751129344741571e-01 -5.636281193336060286e-02
-2.613350966576815648e-01 -1.510951819338396673e-01 -3.094643554348294051e-02
5.653753401033598247e-02 1.028063567867589789e-01 -5.592275666908439608e-02
-5.668782489436609284e-02 -2.442140475591890736e-01 2.247487102068522480e-01
1.461814625653843625e-01 -1.659795911192211244e-03 1.771912140853017237e-02
-5.447370532059823134e-01 9.962050950072452726e-02 1.245901462522395059e-01
-6.898895012009913230e-02 8.817140074057981669e-02 -6.931076688688559972e-01
2.320376844242312830e-01 -6.119473618527007663e-02 -8.934174007007741891e-02
-1.687728767407314368e-01 3.139254193788951763e-01 2.546284246243429861e-01
-2.277076403812311467e-01 -2.628316600769302069e-01 -2.268581049716262288e-01
-8.877257556786879999e-02 -6.792897622047645856e-02 1.116743173094963681e-01
-3.832889450846807544e-01 -2.860062024276039394e-01 -6.913728815130804062e-01
-3.413742830553725405e-01 2.194875525998723209e-01 7.307539216624873157e-01
-1.719397567764968937e-01 -1.397228300710581017e+00 1.027345767191442993e+00
-1.712393189913074820e-01 1.350500014813441840e+00 -9.777203533445862904e-01
1.752941001365268536e-02 -1.190244854366211830e-02 -3.028199399001014203e-01
-9.030573848696357708e-02 -1.267429328854713377e-02 2.167843242048205221e-01
-8.788483017024958932e-02 -1.093784944173378793e-01 -3.014525554449969391e-01
-1.000981429326168459e-01 1.839370509359795069e-01 3.589589103602344178e-01
