-1.415289234776979932e-01 8.432998916532947753e-01 -1.178217832528348358e-01
4.568722151017085009e-02 -2.954996672951654569e-03 2.197100688185461004e-01
-3.614532249680627585e-01 1.003911624008285569e-01 -1.750982805798638464e-02
1.380414607325784748e-01 -5.627997190591278037e-02 -3.456909718202468701e-02
3.403734530158059046e-01 -3.648126779339829762e-01 3.886073968774089900e-03
3.222698966647677965e-01 2.200061475092901508e-01 8.044471401621554330e-02
7.468537664175875501e-02 -6.571695874610715415e-02 1.218834741065437238e-01
-5.755410611295623362e-03 8.086518761701179392e-02 -2.698410613022707988e-02
-7.743176863382374153e-02 -1.048098990082973678e-02 1.217369301617884647e-01
-4.301817698362288278e-02 -3.118410675037058474e-02 2.322965319532130368e-02
-3.105508788635316653e-01 1.772273374943916513e-01 2.900882338256416740e-02
3.592993573360524218e-02 -3.731194180168472679e-02 -2.196222968508302342e-01
2.943403142650155013e-01 -3.088385547400845574e-02 6.601331674543324535e-02
-6.866194680138384965e-02 2.022926320244166631e-01 -3.240424097031752715e-01
-8.257908599835862840e-02 -1.494180964222355801e-01 4.099209832449179913e-01
1.897650077840813132e-01 -2.205843336337986668e-02 1.490955444995179791e-01
1.285849752860534212e-01 -3.064553276409570093e-01 -8.960272331731435891e-01
6.182950823724817774e-02 2.284587081063471636e-01 8.820379384038665727e-01
1.588989206791517061e-01 -5.284108634667848969e-01 2.621963571081553090e-01
-1.095279549538686892e-01 3.464071437521319408e-01 -2.770910356780770245e-01
3.006439798329292867e-01 -1.196465411444476434e-01 -1.138083301998912972e-01
1.347173914154839724e-01 9.226414521877074337e-02 1.426422360433149961e-01
-8.821417021107530454e-02 -8.109492463547215979e-02 -2.165503864278846835e-01
2.483276169276000048e-02 9.073681007510975283e-02 2.565666174102216313e-01
