-2.959047594553643884e-02 -1.502239801412667886e+00 -2.935516553749674129e-01
-1.258270694674641643e-02 1.131411534383284026e-02 7.172123786233142173e-02
-5.589990850243210518e-01 -9.127813491083845709e-03 9.319960283822766034e-04
1.725054529906352996e-01 -8.321231637829110128e-02 -8.166965175223568282e-03
1.072571566047236663e-01 -2.431384074853950861e-01 -4.820436274815566996e-02
1.662129981542023849e+00 -8.966750176935782413e-02 2.708795498565207405e-01
-6.150979303912612606e-02 -7.420935423934148234e-03 1.013324412938213376e-01
1.556342248162896347e-01 2.763694501233494027e-01 -2.980117773625800756e-02
-6.684098639052810098e-03 -1.420228009522301049e-01 4.535428243911642648e-02
-7.195590144324784734e-03 -1.857934018398274198e-02 1.599680896131215613e-02
-2.390748143011807159e-01 4.383476959559581831e-02 2.404807766652875822e-01
-1.168730856542993524e-01 2.915080975911974598e-02 -1.239206181633768916e-01
1.866035083047826726e-01 -2.327276481291247826e-03 3.973554057733830192e-02
-1.260469109504404606e-01 3.325742079465429102e-01 -1.525804251748178186e-01
-1.373006750478418803e-01 -1.750761537501590859e-01 2.872829955444830552e-01
5.085844053419581040e-02 1.058680624040435336e-02 4.287859964435447591e-02
-1.180941946306456464e-01 -1.689640188612574756e-01 -6.146722953599200734e-01
-8.852648834853522886e-02 2.447114273949609897e-01 5.680652742436362868e-01
-2.602376291319456469e-01 -2.745084260531297504e-01 3.752187832717775451e-01
-3.004510136571120205e-01 2.637118022883108148e-01 -3.334984800329631183e-01
2.804740420996733041e-01 -4.070589778175408291e-02 -4.673612765892344589e-02
3.728094137385799811e-02 9.960978063417491590e-02 7.033720343573827971e-02
-8.085129075903739471e-02 -1.009632567315639079e-01 -2.166618373261589015e-01
6.909865103943985121e-02 7.284296896116837505e-02 2.253539634167147088e-01
