-6.481312542623214601e-02 1.348530499691225071e+00 6.046697517391305676e-02
-3.414339252037095207e-01 -1.812057017010480775e-01 1.744152790865672320e-01
-1.048032861066503785e-01 9.929972560940418524e-02 -9.240348578937924995e-02
1.092040497432583829e-01 7.204324538496252595e-02 2.577902543470037000e-02
8.339336698140230597e-01 -5.110544185720224952e-01 -9.818748230645517328e-02
2.673072859351402486e-01 3.447589108074358144e-01 -2.429060731920356514e-02
1.127662765282949967e-02 -5.473268574394002384e-02 6.599300097761309769e-02
2.462709611295103573e-01 -7.516744589223650630e-02 -1.531770429159537150e-01
-1.531215863183027492e-01 -5.875746373705656445e-02 6.953402515907960990e-02
-9.039683731652548015e-02 2.885446423123536400e-02 9.728202559943725097e-03
-4.234981960370368115e-01 1.369431178913794733e-01 1.366253808274555392e-01
1.417273154279068657e-02 7.587874451400986563e-03 -2.613070314060694233e-01
2.473787068191325156e-01 -1.013643747570241865e-01 -6.221704205443757962e-02
-7.492350923300883370e-02 1.997289847960791731e-01 -5.023191950141465689e-01
-8.427188046971414992e-02 -4.570857668549356545e-02 5.168324549858941408e-01
2.708861707501104554e-01 6.183368195866122130e-02 1.035545825166602762e-01
1.956550008031325005e-01 -1.166453469954379235e-01 -8.004540854286286145e-01
1.658074677720969628e-02 2.454792982060672590e-01 6.207495795550812545e-01
4.915824710208286513e-02 -1.828871466688405112e-01 1.177221129282751827e-01
-2.576749412049191279e-01 3.128426406583622588e-01 -1.702613551899954669e-01
1.907946470545102413e-01 -1.785598936259103486e-01 -1.105105454106194568e-01
2.137783677689673589e-01 1.750917345751235588e-01 9.999860988377611004e-02
6.458052364119376554e-02 -1.274163701768380452e-01 -2.374439560221819900e-01
-1.211620879300762468e-03 1.212552438290050161e-01 2.856705532534349334e-01
