-5.099685539354344849e-02 -1.615822024266438672e-01 -2.289312272068044080e-02
-5.990277883365437983e-01 8.458562215356513203e-02 1.882845642365973404e-01
2.016647522760490752e-01 -1.268806110666584885e-01 1.127483430842674689e-02
5.934981535534882002e-02 1.317314896005473968e-01 2.736083643720319935e-03
3.740345396631041819e-01 2.658866902630095397e-01 -4.664673018988020614e-02
1.202813885502061891e-01 -6.278022256462366391e-02 -5.027872482857305425e-02
-6.514487025831193490e-02 -9.195540894365156204e-02 3.158963006430761528e-02
2.080013530115328579e-01 2.833990136449668906e-01 -7.894676024445998475e-02
-1.964511329595012845e-01 -3.384416752787081095e-01 -2.244667599750061263e-02
-8.412135671829754427e-03 8.854975933089015080e-03 6.001716679878844884e-03
-1.804479194351860660e-01 4.907778539920132355e-02 1.893349136522283482e-01
2.079879043543116646e-01 3.968905356057280537e-02 -9.481872142149021243e-02
2.081937038833258646e-01 8.729432645968535076e-02 6.061752996293303525e-02
-8.033159959152617879e-02 2.854458376596485936e-01 -3.135829285243250109e-01
-1.020988980424974019e-01 -1.891396376589311312e-01 3.438880409609015865e-01
1.902755134515564939e-01 1.041145500593581574e-01 -1.959186822767760086e-03
5.296925865536884076e-02 -1.530402267781452441e-01 -7.700425113362114882e-01
-2.675607125134263006e-02 1.857786194504298938e-01 6.550891375881797707e-01
5.355831173094194320e-02 -5.172389398325812904e-01 3.898322335214047807e-01
-1.259671322333300036e-01 6.671199617881116151e-01 -4.084196417770740162e-01
2.981921010535327765e-01 -3.649622819415383745e-02 -1.629937405733918043e-01
2.045423988250765768e-01 3.575650483965737286e-02 7.719395112240168277e-02
-1.266423463820580964e-01 -1.894376654620704703e-01 -3.211673717200450029e-01
-1.466916956703233077e-01 2.086741929891728631e-01 3.692333938480193978e-01
