-1.529861048090271070e-01 -7.303622866713744832e-01 -3.728397132289828358e-02
-5.523319165547083687e-01 4.408377237843096345e-04 1.931145415572191326e-01
3.106612881306834717e-02 -2.260663035119613723e-02 -3.013839199048023998e-02
1.759628868361967358e-01 9.178618478275757386e-02 5.467625029073100093e-03
1.201299172812951399e+00 2.570018478756623190e-03 -2.589343106794209648e-01
1.349954058486110831e-01 1.539502762269085445e-01 5.587349809755789466e-04
-5.547828012758296984e-02 -7.284126722845406243e-02 4.308747413149510708e-02
5.246190433952663268e-02 9.389812837252059508e-02 -9.082466115403232954e-02
1.032879704284197196e-02 -1.620898998431889726e-01 5.127055875907186866e-02
2.662761226469783932e-03 -2.150501750247430129e-03 3.655367743352084826e-03
-3.908315801848455950e-01 5.909148578805262231e-02 1.385773774122400770e-01
-1.808044835239519879e-02 6.239855590518789824e-02 -2.112911041694360836e-01
1.958740639931446093e-01 1.190274069313370098e-01 -3.236231773839056639e-03
-9.484362033104884460e-02 2.749480105883786996e-01 -2.817570185490352874e-01
-6.347865283255849089e-02 -1.342302114555724568e-01 3.822058777611895275e-01
1.218517496633842456e-01 4.918893675845772973e-02 4.383244987952194562e-04
-5.329189188845771807e-02 -1.879229091865326218e-01 -7.287881193225388410e-01
1.032575009646313491e-01 1.396559831899055470e-01 8.688063740157752068e-01
-2.336135602111823195e-01 -2.984115153010542532e-01 3.383869207886832653e-01
-2.520816030813810213e-02 2.609234555338916794e-01 -1.231949633195453669e-01
2.304344647838314497e-01 -7.151144873070862384e-02 -7.601772059105928181e-02
1.235315786071180533e-01 4.544685705121141034e-02 1.594729342566682528e-01
-2.745004977589636519e-02 -1.019067967831629867e-01 -1.931028130927907038e-01
-6.252670361902353674e-03 1.590964901566194190e-01 2.281620333988313154e-01
