-2.332443716693234290e-02 7.835239155923975352e-01 -3.301355872964013144e-02
1.818041516700273919e-01 -3.980170179441064326e-02 4.302731550516378234e-02
-4.679223655156777850e-01 1.084430818428769039e-01 -3.541026181158877378e-02
1.319491485189289992e-01 -1.268929269500349011e-01 6.384651996937992791e-02
2.105300872830943582e-01 -5.782469444216918886e-01 -6.543294359716141095e-02
2.411737902799416799e-01 2.997547931713904212e-01 1.304420004597184324e-02
-2.464641095649040825e-02 -9.823630626560425627e-02 -2.955364621361247432e-02
1.658197827653789813e-01 2.835036142258006917e-02 -2.159009380050095628e-01
9.111808163463316901e-02 -1.634799240030914147e-01 2.373140632001902450e-01
8.873302885423114961e-02 -2.610356558980251804e-02 -8.156841310997548639e-03
-5.292869722466111426e-01 5.899000782009358040e-02 1.263289655423276980e-01
-9.943935924528819748e-02 1.408982199813486325e-01 -4.558987094660341688e-01
2.161862142673608156e-02 1.469871462449190980e-01 -2.645680080441355497e-01
-1.373913828669526827e-01 -2.143470571878321462e-01 -1.373372354906118586e-01
-1.493627194856933342e-02 -1.656998643581888697e-01 -3.854019978792551371e-02
-5.179005561819056969e-02 3.286553111537267036e-01 1.879092452587738660e-01
1.381845546531497160e-01 -6.523736167024268839e-01 -7.985655290997257794e-01
2.004878791176110675e-01 -2.740583537351495846e-01 7.829817854686865752e-01
4.318356380715234200e-01 -1.082372584316265929e+00 7.334754895528390606e-02
3.440396471107498022e-01 6.639535714344448891e-01 -6.817378937855822496e-02
7.900823315537085223e-02 -2.867965279098710352e-01 -4.154763056792768611e-02
-5.599260742028839416e-03 1.749945877878790745e-01 2.514681090606666336e-01
-1.457391178006700594e-01 -1.545760201421483571e-01 -3.503239252738573617e-01
-1.225661819944504766e-01 2.661209628099309166e-01 4.093319775943154992e-01
