4.977706234120214679e-02 -1.449473422493154029e+00 -1.130592239064911464e-01
3.572887679281756823e-02 6.240916548041914452e-02 8.780491466468037798e-02
-5.134567155004293726e-01 2.392056375602096344e-02 -1.850283704816742258e-02
1.741255683558509126e-01 -1.173095472238607634e-01 3.096300403326373088e-02
-7.392062397951502072e-03 -3.099161554525375895e-01 -5.528919039241784322e-02
9.916817365016338259e-01 8.413628903735609343e-02 1.187663708960882136e-01
-8.819149406980655859e-02 -7.555619968516047447e-02 3.620757597315552717e-02
2.326684966530900567e-01 2.229089959780103658e-01 -1.211394453479086725e-01
-1.274490411035941462e-01 -2.826023519812129736e-01 1.455102135951475140e-01
1.205117443177587955e-01 -3.296474802729531389e-02 4.134164096828409941e-03
-4.237658784394655043e-01 1.525643053700101621e-02 1.642511806952933473e-01
-3.417646113919377976e-02 1.587789662584377925e-01 -3.941193717326554879e-01
4.969305727444810888e-02 -9.956329421116084585e-03 -8.634993562187684435e-02
-8.675901485067644137e-02 1.121678473521630082e-01 -9.832592554697627829e-02
-7.492747481256099851e-02 -2.272659075203328771e-01 1.545974478031564014e-01
7.944281616587620110e-02 9.628675835728775501e-02 1.547004746137740361e-01
5.341507141127513868e-03 -3.997441116060059807e-01 -8.449991612772818073e-01
1.251706154291951645e-01 -4.453919413054950593e-02 9.884570969953258013e-01
1.953580432786134469e-01 -4.749943706763146700e-01 7.487654951421328364e-02
4.689734371041410360e-02 2.336133756675965734e-01 -1.711220148048647471e-01
1.685187633004736063e-01 -5.347333026095674180e-02 -1.824296152646348035e-01
-6.866031396075789051e-02 2.926887447770205181e-02 2.288746030634021544e-01
-1.520416444427006020e-01 -1.440112139517018830e-01 -3.005738964924286050e-01
-3.885424052360281905e-02 1.895948291796837326e-01 3.135348852938780184e-01
