-1.510157538197197946e-01 -5.924038065642875939e-01 7.216151363862323420e-02
-1.501806122443967828e+00 -2.727482411516577443e-01 5.789418672331152205e-02
6.721163590152517964e-02 -1.005686504694257299e-01 -1.123821885923342451e-01
3.941777966409660272e-01 3.417498274542196124e-01 -7.795568835582908536e-03
1.888190654153704351e+00 1.698003431688527576e-01 -4.554222335317661408e-01
2.064533004849474496e-01 7.759834764305256760e-02 -3.174978681289547522e-02
-1.495480115102193197e-01 -1.984493708625979444e-02 -3.921962859382478739e-02
-5.487568294685968989e-02 1.251154002293186074e-01 5.583378834861188467e-02
6.572204407195164633e-02 -2.440196848061290946e-01 2.965906825276644621e-01
1.119666848951902938e-01 1.528017759104856044e-01 2.821629076562320870e-02
-2.763145943574883412e-01 1.975157439633599271e-02 1.298533228980193188e-01
-1.684912158395953374e-01 9.518547515520275892e-02 -5.591010847421830077e-01
1.351980076466829106e-01 1.063582284578173595e-02 -1.415223918483980159e-01
-4.713971477232965779e-02 2.231377505612968659e-01 4.042294009873159677e-02
-6.206257049073421461e-02 2.192146432735911921e-01 5.456680359700150085e-03
-5.974704375076552582e-02 1.385679514467340057e-01 1.502273387247076986e-01
2.059711650851774045e-01 3.269345956139507736e-01 -6.125006462444032573e-01
-1.423809019481790950e-01 4.171068243606437242e-01 4.068822856021595546e-01
5.471091179893666778e-01 -2.978806762206805403e-01 7.243332271003728728e-02
1.290306569857885555e-01 1.590904112597777198e+00 -1.561564620183421466e-02
-5.520770412332457605e-03 -1.532664837408465042e-01 -2.873663511658143821e-01
-2.048948193233193216e-01 3.826615650687122394e-01 3.341710946108077118e-02
-2.030270335919090452e-02 -1.436528476551374861e-02 -1.452791451568233999e-02
-3.708015908317824350e-02 -5.188016162736987236e-02 1.425225116920383617e-01
