-8.815390718925626701e-02 -4.398655664887454741e-01 -1.022252738587899577e-03
-7.626064039628164259e-01 -1.164158923338719787e-01 4.482707086421763160e-02
2.210070038595836062e-01 -9.941382259900481688e-02 2.707758351354881167e-04
1.872788653333649911e-01 2.743707128294263220e-01 -3.157049901385823587e-02
8.046246742156417664e-01 1.387288693460984323e-01 -1.403271671367726514e-01
2.078526924824093125e-01 4.100849265500526586e-02 -2.990356934521488843e-03
-2.613883698058563562e-02 1.800915841619911070e-02 4.478355475269539705e-03
-9.501239808227542050e-02 3.847409430718707335e-01 9.481431774841568572e-02
6.445153226109798759e-03 -2.762551381589989363e-01 2.524893944730978168e-01
9.913612006461489101e-02 1.416495610933583005e-01 1.317666374824205330e-02
-1.247789111386262001e-01 -4.438310493078387320e-02 1.988269299081240615e-01
-7.335334996229662952e-02 1.116472362775376981e-01 -3.435905106419443467e-01
9.814304414352052752e-02 5.576465138331057614e-02 -3.826935156796060222e-02
-3.939478361917869015e-02 3.120111092775121331e-01 1.515559429082239361e-02
-3.734602458682412252e-02 1.955156976959489257e-01 1.169978393825117369e-01
1.594032586164981918e-02 9.010678256132942376e-02 8.291201647627510773e-02
1.883984970057636377e-01 2.423144408108049430e-01 -6.078287792917965726e-01
-8.945369727929337877e-02 5.285948997160898610e-01 4.060098578489885757e-01
4.867700401904341834e-01 -3.140962217569780446e-01 1.020952012439121578e-02
1.240179058980170751e-01 1.422406348458256087e+00 3.139711512667359844e-02
7.920128059481831850e-02 -1.380850036131104908e-01 -2.596008133476447322e-01
-1.697394711557168590e-01 3.547819249303784117e-01 3.980256235163602552e-02
-6.784131345004455749e-02 -2.089185784267327817e-02 -6.061414050246047291e-02
3.556371354531533829e-02 -7.163909494369238851e-02 1.219936006109728077e-01
