-1.259925315433130799e-01 -8.677986139181147474e-01 7.509114018289983483e-02
-4.865264863503419024e-01 -6.198213117192363092e-02 1.189717402444275679e-01
-1.038579388597082320e-01 -3.697703457137808958e-02 -1.446698385746232052e-01
2.132052264690463550e-01 1.253287019943032654e-01 -1.246007507376049091e-03
1.405212763810128829e+00 -1.319204731488529403e-01 -3.009082511024503970e-01
1.535938583765888155e-01 1.979140716486488816e-01 -1.172913190062431325e-02
-2.239882165987835613e-02 -2.017842640277861185e-02 1.176787999741215132e-02
-7.458164405273758069e-02 1.153680675278991319e-01 -5.438438675473633924e-03
7.291810697804954056e-02 -1.748934684173362453e-01 2.533249866918422244e-01
8.219814245345469228e-02 7.341312016371719096e-02 -2.956745568680994862e-03
-4.575815939009815758e-01 2.640973441891177748e-02 4.121879409054139687e-02
-1.550824580428780408e-01 1.290845917457199843e-01 -4.831489260198578162e-01
1.424318651004826408e-01 1.298927442277976185e-01 -1.596585686270536597e-01
-5.747359541476288608e-02 1.881410209896839936e-01 -1.057426501051176859e-01
-1.295092123350744320e-02 -6.084359705095843812e-03 2.352317170925800616e-01
7.943427345509056214e-02 1.433204289293158462e-01 6.184173734991600668e-02
9.264232381520540183e-02 -1.588238011224626378e-01 -8.010581388751815135e-01
2.176876106602157121e-02 2.150874078724640814e-01 9.057896040458602860e-01
3.303698620932824515e-01 -2.408706480779092829e-01 4.123868471249347162e-02
-1.425733745093654865e-02 3.583148964820246918e-01 -1.347095309912898012e-02
2.019711804091307572e-01 -7.467327391011946425e-02 -2.209889709628453103e-01
-2.093638929505448401e-02 1.004746797539678715e-01 1.994270273321313292e-01
-1.144014657148851311e-01 -6.220811699418582474e-02 -1.262774746093422717e-01
-5.664110587909060301e-02 9.308093052168911474e-02 2.248326358840803119e-01
