-7.882312439245790781e-02 1.140297212861370646e+00 1.763363467889684788e-01
-1.070478088454369425e+00 -1.861198172388689454e-01 5.274638677852650642e-03
1.337902915763282928e-02 -5.425850020913523114e-02 -1.038528268257423309e-01
3.338675726397299370e-01 2.250177084175603026e-01 8.720721256592343582e-03
1.846324130179098466e+00 3.550407446497539504e-02 -4.762456586977831807e-01
2.077019241799693272e-01 1.708354552625446776e-01 -3.815614125967290576e-02
-5.207274810268724269e-02 -5.958833154498411472e-02 -5.125843501472463100e-03
-1.759416243974508964e-01 3.863616682275190090e-02 5.818844296356192464e-02
8.295953840604515517e-02 -2.061477504793138571e-01 2.366892899556646279e-01
7.793322548766885849e-02 9.936540100472589232e-02 1.810151127744974789e-02
-3.690019544644452809e-01 5.934876603691138786e-02 4.293871577429456132e-02
-1.490430313615920266e-01 1.121078658107888676e-01 -4.522852240150176395e-01
1.459273786807751550e-01 5.328487057729455745e-02 -1.703909039511626033e-01
-1.819223389071058031e-02 4.509354605778981978e-02 -5.983752727668029819e-02
-1.786973250483898240e-02 1.836367289297697603e-01 1.122593406730051924e-01
-1.486934985199173977e-02 1.562794434819623213e-01 9.661484541274507898e-02
1.923309842098236133e-01 2.538282026265199082e-02 -7.254403001332973000e-01
-3.168659802271278636e-02 2.705369672724105001e-01 6.486829209677330565e-01
5.468086021242180017e-01 -2.933001011322946550e-01 8.303156951792024440e-03
1.246658291828539045e-01 8.748806808180579209e-01 -3.497266175440653241e-02
1.315019103025637515e-01 -1.394180407125783783e-01 -2.634253921664270193e-01
-4.755509231323619412e-02 2.344955287119681875e-01 7.976871767576590444e-02
-1.130997336797164438e-01 -6.101751587666599808e-02 -8.860846184669467218e-02
-9.329960132613090984e-02 4.443315630511118081e-02 2.187292904315326081e-01
