2.573686562061157021e-02 -1.072976204700492486e+00 5.992121489154626085e-02
1.701423395488424750e-01 -1.290560768823856286e-02 1.003118806102772792e-01
-4.892949894241063191e-01 8.738836701035340715e-02 -8.142751854478483264e-02
1.210381294053353568e-01 -1.149555821493605801e-01 5.026023718956168507e-02
3.171827241916795326e-01 -5.351386262863688792e-01 -3.277863929387114794e-02
2.801837961932461263e-01 2.898627154655843419e-01 -4.295834492902964215e-03
-9.009512905915760539e-02 -6.263042873739753380e-02 -1.293590640971315972e-02
2.965689175730532590e-01 7.852801863997437015e-02 -1.978682107385656141e-01
5.896549936657880658e-02 -2.089037435545390009e-01 2.690204560351280860e-01
1.139492322001129099e-01 -7.116145655041809792e-03 -1.490210846893261741e-02
-6.009009244657445015e-01 3.286897099600566419e-02 7.595230484350005973e-02
-1.098733834737564974e-01 1.645842107410729060e-01 -5.828390701613344049e-01
4.179687419528327341e-02 1.012232997721717598e-01 -2.446544488058708111e-01
-1.158806521412397150e-01 6.706768803680143720e-02 -1.132824522049313970e-01
-5.665242218497486965e-02 -3.073031667369173769e-01 6.797718321137886932e-02
5.554822820773063635e-02 2.722666564618340668e-01 1.733160241644762511e-01
8.948915314776682839e-02 -4.786789264829805490e-01 -9.001731017519883915e-01
6.874790445949566231e-02 -1.465108820647517962e-01 1.008818069219473923e+00
3.689125926547896506e-01 -6.839273521669519962e-01 7.666719663181296995e-02
-2.924294260583883490e-02 1.681651831329049607e-01 -1.796741921198548309e-01
9.347583125064541643e-02 -1.552667805424691461e-01 -1.097417131941480495e-01
-2.445846046289514367e-02 4.278484750158366434e-02 2.354005870554454205e-01
-9.130911565327820556e-02 -1.306049780562149321e-01 -2.918795248571536272e-01
-9.410162423725686176e-02 2.291527759745084214e-01 3.745215809637963966e-01
