-7.550715043438893659e-02 -1.002261317357857395e+00 5.134364905864144402e-02
-1.098772846570829492e-01 -2.587513697642467719e-02 1.163913278342854629e-01
-1.965941736081145141e-01 2.533689242573971753e-02 -9.778543182401223943e-02
1.473061501222505398e-01 2.728240645020243646e-02 2.760239737569874022e-02
9.006343066674495912e-01 -3.257216411515553856e-01 -1.669863515486180727e-01
1.527842464520313692e-01 2.598788785060122120e-01 -7.388489234238037641e-03
-3.091061123501083821e-02 -2.617965162156041942e-02 -5.143130368486792392e-03
2.316242955446147778e-01 1.063126800707446529e-01 -1.486881162884985952e-01
5.844875889047933260e-02 -1.853511336322430925e-01 2.616848483863734587e-01
1.037573227438820106e-01 4.590417157387952085e-02 -1.323782657576946103e-02
-5.807156075648227667e-01 1.013116278100023755e-02 1.108668029952350059e-01
-1.458858595226183719e-01 1.491035006618674497e-01 -5.676163214145880653e-01
1.246695782622324611e-01 1.377411764957672813e-01 -2.059069811159083829e-01
-7.365509099426909012e-02 1.839803837718394786e-01 -1.343989552603343240e-01
-3.074249519921961465e-02 -1.396665289610094229e-01 2.046694865121195250e-01
8.687829270384844760e-02 2.145327431564331977e-01 9.461528902233488914e-02
7.666815129862110390e-02 -2.643725449386516435e-01 -8.895621010290588604e-01
3.898384963873214454e-02 9.782574229852254721e-02 1.010421570626772070e+00
3.019214335610775901e-01 -2.993257809321930862e-01 5.870683335640443368e-02
-9.758990134809168715e-02 2.099770816831883491e-01 -7.564877036624076401e-02
1.721701109784438133e-01 -9.260488328480669107e-02 -1.795721458145667915e-01
-3.393558244997477158e-02 7.812737938833791418e-02 2.367771135229312651e-01
-9.290860173114726117e-02 -9.003354305057310880e-02 -2.017843064163848954e-01
-5.995095697123092870e-02 1.396176656293223184e-01 2.866115150723457794e-01
