-1.858055563461182558e-01 6.794719089390111044e-01 -9.379645006121886674e-02
1.886892291322516679e-01 -9.170995095100969996e-03 7.753135779019369733e-02
-1.324922869495448019e+00 1.597369133337468439e-01 -3.341687201129886053e-03
3.212329152434264534e-01 -3.104324833089023294e-01 4.919970335756804897e-02
1.224976713827921893e-01 -6.531961249969555627e-01 -5.349972143040571809e-02
1.548692185989474668e+00 1.112852885400402864e-01 2.540755465631299170e-01
-2.777978813024412422e-02 -1.016070146868760654e-01 -2.353295980356170242e-02
2.281370963420332187e-01 1.549729561474282036e-01 -2.594392579671714882e-01
-8.916040173420154702e-02 -2.301324772811175201e-01 5.629835569929872441e-02
3.307385099258740302e-02 -8.132406157488586418e-02 -3.831558603881416759e-03
-5.620925981092013135e-01 2.275286269599629055e-02 2.578148760113664895e-01
-1.374639660795524965e-01 2.030102865668712564e-01 -3.569542356674284544e-01
5.215270016023432946e-04 9.762276251025915619e-02 -2.736202134351518045e-01
-1.926264748344056199e-01 -3.995065900399220604e-01 -1.386788583456609047e-01
-2.501323043954416236e-02 -1.831426651538155537e-01 -6.643367155379432953e-02
1.376074365057289133e-02 3.355850612315636194e-01 2.754072011175248136e-01
-6.834337622258707112e-02 -1.026454847023248185e+00 -4.310243088999811678e-01
1.585363476169867336e-01 -3.916501902469973762e-01 5.731086883225906536e-01
2.394834176886664057e-01 -1.488947297188492280e+00 8.251383424512925835e-02
3.544978571767147812e-01 2.994875191548547200e-01 -6.197903630079991399e-02
1.788586805840004790e-01 -2.272482930843321425e-01 1.826101777865852052e-02
5.295559450094831228e-02 4.493089150660468933e-02 3.242194797900996295e-01
-2.300801658378731906e-01 -2.317855594424280408e-01 -4.739847553597794083e-01
-1.132287685566220892e-01 3.835470563520261833e-01 4.697705425515636413e-01
