-2.252664971399922222e-01 6.496323244441747358e-01 -1.192021208647032066e-01
1.901385320666269807e-01 8.853854839016085318e-03 9.816974241812430335e-02
-1.553169411153087376e+00 1.556926452381248993e-01 -2.595672670031065263e-02
3.681733462521823430e-01 -3.515094859204606070e-01 5.122424567375226390e-02
1.078197090949396392e-01 -6.473287247795400656e-01 -4.622732841246479651e-02
1.882744134362512867e+00 4.092705467680680248e-02 3.309354994861337107e-01
-3.288049019793567312e-02 -9.137526245319314844e-02 -1.689655522608739247e-02
2.516933175669224254e-01 1.750309055763215327e-01 -2.556262393908914632e-01
-1.031761577041836325e-01 -2.054697556305623840e-01 3.760841048392762898e-02
2.449981397449564613e-02 -9.106710196772938026e-02 1.799860552408035841e-04
-5.621402056012763104e-01 2.906582328045398400e-02 2.619352814732591184e-01
-1.624787691670712964e-01 1.904965071370459395e-01 -3.405563279965390655e-01
5.144556732165447843e-03 9.687730573716436810e-02 -2.705496852829607501e-01
-2.004401949241263470e-01 -4.310009106728398542e-01 -1.377169971025907769e-01
-2.444740966509499971e-02 -1.738518988301542556e-01 -7.127846362590008200e-02
1.967768385740032225e-02 3.369139076842577740e-01 2.827985774116179574e-01
-8.643875488735294765e-02 -1.046410874919851297e+00 -3.994583263692317310e-01
1.480902817210603684e-01 -4.049892896348161742e-01 5.281305774075099047e-01
2.134608498107676000e-01 -1.511119192942747658e+00 8.254532145228830886e-02
3.692600433834640761e-01 2.824916654929164328e-01 -5.470252512208343548e-02
1.885370684812463504e-01 -2.143990627321976095e-01 2.882817077148438004e-02
7.517434306618378526e-02 3.786044852317067139e-02 3.294625683414512674e-01
-2.433670349109879893e-01 -2.346917545650183956e-01 -4.761688055377658046e-01
-1.168869196808640237e-01 3.821349039835378325e-01 4.719276164427558817e-01
