2.985520881783958885e-02 -1.604561458962165066e+00 -1.138773952333925130e-02
2.404027119958732431e-02 6.133244376879126020e-02 6.474599442000594784e-02
-4.710920534720956787e-02 -2.744151899493665892e-02 -6.446160814931078606e-03
2.481423292138100478e-02 2.747218500383276363e-02 3.802809259748068244e-02
-8.968558284229075084e-02 -2.111547366548174598e-01 -2.083158984989446488e-02
6.217841734252019248e-02 1.563952750583021967e-01 2.421187718152256751e-02
-6.709022601883449233e-02 -1.745500575675074800e-02 -1.435315614592343973e-03
2.242766711666172308e-01 2.325274540016777081e-01 -1.406602317538691582e-01
-7.310425356748355419e-02 -2.692479479708176915e-01 2.372163691639283534e-01
1.302608928638721297e-01 4.893796270847979718e-02 -1.314730638677299654e-02
-3.704723512564648824e-01 -2.908545903280457604e-02 1.638816269282255822e-01
2.493822818800368532e-02 1.784917873640702313e-01 -4.259899165730322568e-01
-1.701941315537104996e-02 -4.563091467466756646e-02 -4.169552011625814181e-02
-9.024460157118763259e-02 3.021221949475825785e-01 -1.140851961640413081e-01
-3.773908063473425251e-02 -1.410853423997442124e-01 1.801077354644161077e-01
9.046403794470565807e-02 4.787718992902542658e-02 9.738617522951902028e-02
1.008571625467636346e-01 -2.056648971494266509e-01 -1.034504504323836116e+00
4.272581104090072968e-02 2.097470985719890046e-01 9.226544612194755857e-01
2.009539156382567360e-01 -3.493129282697277627e-01 1.207967826237507092e-01
1.141304712586506398e-02 2.337062613023493662e-01 -1.525714359647510343e-01
2.068847437418451229e-01 -4.748302260058135521e-02 -2.146180525299589692e-01
1.171448490548588628e-01 5.225094200097981506e-02 1.772910229649626579e-01
-1.387122154486063741e-01 -1.171596374829120685e-01 -2.051694768475366970e-01
-6.613371318250141351e-02 1.470743109518301284e-01 2.013092475442721241e-01
