3.870442319569154799e-02 -1.608545000859855412e+00 -1.588813641213092723e-02
2.281692543696606928e-02 6.626550396924200947e-02 6.638587985119254187e-02
-5.018601494704712229e-02 -3.279844010059466963e-02 -1.079223124044102929e-02
2.639324328969334943e-02 2.611505115545559308e-02 3.100456127826413735e-02
-7.609211458093059766e-02 -2.028902351527167303e-01 -2.849619415686144644e-02
7.478853244002352241e-02 1.537109330952624586e-01 3.457550924859539854e-02
-6.880068931025258572e-02 -2.446986713315626658e-02 4.612035475389178116e-03
2.051220587846578625e-01 2.414192242842788383e-01 -1.307947969044135905e-01
-4.748779493848361011e-02 -2.634767193508898986e-01 2.478869901813167409e-01
1.327160836793168375e-01 4.524903678192049306e-02 -1.142257262673612890e-02
-3.632557094155928201e-01 -3.352146731217762327e-02 1.634414492136524732e-01
1.372395240593038759e-02 1.772745325322750143e-01 -4.348125344513711354e-01
-7.848858589220224918e-03 -2.982930367114634482e-02 -4.492672610273665962e-02
-8.499926149133200937e-02 3.013135596736312705e-01 -1.201283430156274284e-01
-4.558768711224255032e-02 -1.542120575377950997e-01 1.912037578175847241e-01
1.067916916849336456e-01 7.246745393848282035e-02 1.026585205521592103e-01
8.191177946816367850e-02 -2.160846646710117558e-01 -1.018001865324354993e+00
1.721591276106394786e-02 2.122752321766593897e-01 9.295962069859794452e-01
1.676847197070608919e-01 -3.248692256766811393e-01 1.194839666703667869e-01
-6.564869671665797546e-02 2.185369531338579863e-01 -1.582685892004013495e-01
1.882155118862639254e-01 -3.486746707049818983e-02 -2.223156099847877210e-01
7.402444748623304704e-02 3.754604483922659858e-02 1.888400314486761433e-01
-1.424686198181557284e-01 -1.149165039494816354e-01 -2.085631062170230643e-01
-6.327242480894389176e-02 1.436325824164881859e-01 2.092468583777090940e-01
