-1.665468607575148474e-01 -6.378902689075124366e-01 8.017946387453016299e-02
-1.496157679996106937e+00 -2.553148950962980668e-01 6.870176525076687746e-02
2.629007732729938401e-02 -9.918577346326760968e-02 -1.331214663881322979e-01
4.030784916817132801e-01 3.272034540146840365e-01 -5.181698231117960263e-04
1.979925354554204153e+00 1.602736530428197359e-01 -4.831887840840843329e-01
2.182590048518633918e-01 9.759304551471394140e-02 -3.624646758976851624e-02
-1.455558270893568540e-01 -2.265832257594396076e-02 -3.524837955907007825e-02
-8.140788104721165264e-02 8.779814034713405435e-02 5.702106478429419534e-02
7.850666339377598835e-02 -2.323763117360202191e-01 2.898507611044864318e-01
1.058455386473139553e-01 1.435540687864409193e-01 2.670216963893476056e-02
-3.177279569647806778e-01 2.762128753463670428e-02 8.924444268328753094e-02
-1.725435204808210554e-01 1.109291568219082647e-01 -5.451812590264820679e-01
1.294219460938468846e-01 3.037527468747697884e-02 -1.389976295365084324e-01
-4.919502103903085344e-02 1.948575678895967667e-01 3.162648336529169657e-02
-3.497559287482717577e-02 2.017342201802151402e-01 2.584703743413301058e-02
-4.305642957701346502e-02 1.223907314604338187e-01 1.367723655428589313e-01
1.898091373460029374e-01 2.573398052861624041e-01 -6.352115256585233460e-01
-8.269844325953994157e-02 3.491804441808538662e-01 5.014134009999441366e-01
5.231355989877682910e-01 -3.091350384949568819e-01 7.193147202991126421e-02
2.052300649221450168e-01 1.382406987378350660e+00 -4.687542430248493137e-04
2.497822808089923685e-02 -1.506386777228934104e-01 -2.511882162504705529e-01
-1.392863158817626290e-01 3.418321242614473232e-01 2.859107509236990044e-02
-3.108329886611351650e-02 -2.531069747748153007e-02 -2.289449724279716755e-02
-5.371351116867042336e-02 -1.400833574944401402e-02 1.474546541276750833e-01
