2.865376683262295474e-04 -1.241222174033983494e+00 -1.715820726281886421e-01
1.651132155662085044e-01 4.836372955812454771e-02 1.295125680581335481e-01
-1.507676263229968061e+00 1.561179578429400805e-01 -2.376352988936341823e-02
3.590578185623533591e-01 -3.562030708712385918e-01 3.059253806149326779e-02
6.347331898291637409e-02 -5.020709823713038755e-01 -3.589258513540284634e-02
1.936530162308686354e+00 1.393136696493374634e-02 3.208037915959128794e-01
-1.304604595079471296e-01 -9.252227244915327276e-02 4.409388709138827023e-02
2.154719829741284509e-01 1.953649154472151539e-01 -1.359860473413599391e-01
-1.723789566563009856e-01 -2.177691657417236137e-01 9.699677453738188293e-02
7.595547807031483023e-02 -1.093404087378640616e-01 8.845867346303737735e-03
-5.731297500707933645e-01 7.671401197879454403e-02 1.225373207362123879e-01
-1.024285755233668022e-01 1.832220870771684162e-01 -4.434121616580885550e-01
5.869468140882182911e-02 3.638698895412502410e-02 -2.121096336655227954e-01
-1.766476770235783367e-01 -1.216227840087432538e-01 9.361604891647085092e-03
-1.005683867007303445e-01 -3.821970707535017886e-01 -2.893861495178949236e-02
8.886397485827955689e-02 1.939778450319299130e-01 2.505218016057353392e-01
-5.743292034658873529e-02 -8.828239479703786641e-01 -6.487144861394447126e-01
1.775743762891251187e-01 -3.253773437636418575e-01 9.334536749412144507e-01
3.077457145337821887e-01 -1.480430114859650814e+00 1.481842628089823921e-01
1.822060174940682564e-01 2.493513289610846118e-01 -2.363463817398521738e-01
5.590988996369822273e-02 -1.246526434103271130e-01 -1.225223130318669473e-01
-1.568494912612980463e-01 -4.577207316267892928e-02 3.427063655541001674e-01
-2.478698693040261025e-01 -1.882701494735720404e-01 -4.469391620431203416e-01
-8.759496891002771513e-02 3.163099318047744024e-01 4.607052954545173273e-01
