-4.846031614216481792e-02 7.572950988269606665e-01 -4.536470039601537413e-02
1.913330460546902589e-01 -3.693827501734468083e-02 4.114772775784780040e-02
-5.577886482338665353e-01 1.265709949783850596e-01 -1.946235813418702859e-02
1.511315115340578497e-01 -1.532065611278886630e-01 6.516643372016825420e-02
1.678913130097814954e-01 -5.949179821578015614e-01 -5.452539730655862893e-02
3.606682751714889168e-01 3.023532000428656996e-01 2.415115535166398666e-02
-1.803716551407025942e-02 -1.083149763576434776e-01 -3.081216744608969091e-02
1.686395387569246396e-01 4.432340692946626359e-02 -2.288209399221692586e-01
4.859271044215700275e-02 -1.793111580262364280e-01 2.029319694053848822e-01
7.738336733924897071e-02 -3.649227453676705951e-02 -7.851808880546323408e-03
-5.308184995375113679e-01 5.465979091643756449e-02 1.475047587489582146e-01
-8.781738609172271004e-02 1.566142585063811654e-01 -4.301781770920208303e-01
2.826976952977792654e-02 1.397323861177925952e-01 -2.668361888222481881e-01
-1.505453666490954023e-01 -2.647158474909432901e-01 -1.404703012378953064e-01
-1.564653567564365175e-02 -1.710048780107388811e-01 -5.347798030721893914e-02
-4.153399956496045542e-02 3.332654976490644350e-01 2.094560967696666443e-01
1.026876979832919423e-01 -7.488198982976181917e-01 -7.267403964056898813e-01
2.025457053108123684e-01 -3.067430732107044866e-01 7.478154617256396186e-01
4.044460798036422222e-01 -1.189693433644914311e+00 7.410530781657467814e-02
3.566004603453788446e-01 6.013483099989392899e-01 -6.417380151295713764e-02
9.214226398040736843e-02 -2.932054793713101959e-01 -2.029373639905038967e-02
4.104728987989553213e-03 1.559701686990044855e-01 2.618946388516535939e-01
-1.583774907956658484e-01 -1.737669646948467317e-01 -3.835343669854505699e-01
-1.260586286740652262e-01 2.985512199111529652e-01 4.270221347920731270e-01
