2.939151421168594361e-02 -1.604599486603858427e+00 -1.015156593956882680e-02
2.554682343200064334e-02 6.022076048415637289e-02 6.354174280000490782e-02
-4.615283213409818175e-02 -2.686871156557741822e-02 -9.006566050518532637e-03
2.442168460683963663e-02 2.829354373977940873e-02 3.596477109697712726e-02
-8.776055606079767590e-02 -2.125440269052000231e-01 -2.279740166247435848e-02
6.349569097469473511e-02 1.616856077667523650e-01 2.534972662065032578e-02
-6.584017046520031224e-02 -1.787043432158684150e-02 1.083172429105858651e-04
2.105987625665968477e-01 2.348060258460101524e-01 -1.351579731758083269e-01
-6.216746877381978259e-02 -2.637764326248651092e-01 2.438688658969041800e-01
1.308463779615966494e-01 4.929755395742659724e-02 -1.347951344716924980e-02
-3.660010172993782285e-01 -3.041970428809833218e-02 1.624544898921682634e-01
1.973097120718248637e-02 1.792284212967576174e-01 -4.280802353432729412e-01
-1.669748960229507084e-02 -4.348527861175864595e-02 -4.277490586079811530e-02
-9.101239456536125427e-02 3.055121784260148021e-01 -1.176304000995194721e-01
-3.888305056052217962e-02 -1.452599789498679461e-01 1.861195864555349466e-01
9.416583107136329567e-02 5.187023360330695471e-02 9.761378215076668696e-02
9.667681072291937905e-02 -2.085286759510425747e-01 -1.031343158827453976e+00
3.694193575744076502e-02 2.120931645286088241e-01 9.226676526757472407e-01
1.871334446577861410e-01 -3.460795491716482375e-01 1.230494367695229019e-01
-7.100004355720031593e-03 2.294703168801375537e-01 -1.560314299752618150e-01
2.023288137684552956e-01 -4.482461794285570733e-02 -2.140007944538774576e-01
1.113949944555634453e-01 4.843759794910543204e-02 1.777319264222481654e-01
-1.386830719541361223e-01 -1.163463646700023529e-01 -2.047408253114517962e-01
-6.453108580293789864e-02 1.462368115270653857e-01 2.014372001050597771e-01
