-1.418147569788299756e-01 -7.995165930713001856e-01 8.260921641031579443e-02
-7.358382773525236065e-01 -1.000808753123527822e-01 1.182452173319346322e-01
-9.001475359160020229e-02 -5.616012309365032290e-02 -1.466134257318717771e-01
2.718793743299106058e-01 1.721966927233260225e-01 -2.859285962339855845e-03
1.637095703429861215e+00 -5.424471429763100261e-02 -3.544887933025233639e-01
1.862113216123520154e-01 1.722405091313028991e-01 -2.268274729453188115e-02
-4.594410195060336793e-02 -2.084999936853831892e-02 4.317884977959300478e-03
-3.225432804256937735e-02 1.037681438144372886e-01 -1.716539048860075273e-02
7.917701849365894884e-02 -2.021394463741694181e-01 2.430933405886709642e-01
7.596172387119282110e-02 8.890681195484685662e-02 5.246160506326254074e-03
-4.658949811612217995e-01 1.725582238407624702e-02 6.969290661686691757e-02
-1.725966035457636438e-01 1.423047375740755793e-01 -4.977041539419656546e-01
1.236485481839917633e-01 9.976505201189223015e-02 -1.537722024286776734e-01
-5.342958182529322642e-02 1.784886634224197577e-01 -9.131299233813559846e-02
-1.066205177746245431e-02 5.875110569755725987e-02 2.253505860795959881e-01
7.753484436228078036e-02 1.243848467606763625e-01 7.669463091398238952e-02
1.010827929556921689e-01 -1.054747172302663433e-01 -7.430980099413371232e-01
1.222062283383667375e-02 2.603455054414677838e-01 8.243561830773088461e-01
3.575000798707859695e-01 -2.365683814395287410e-01 2.699292144269300336e-02
3.239773376244278746e-02 4.605716193013238979e-01 1.728964271466647273e-02
1.839093786893371829e-01 -7.895125693653017029e-02 -2.082199048427765820e-01
-8.989655379433780444e-03 1.269930444688011917e-01 1.559020760860122257e-01
-9.271200074009565417e-02 -6.637885855767283738e-02 -1.130979170572759818e-01
-6.264563256263998292e-02 8.967827704557099211e-02 2.093254145905414088e-01
