6.115658916557118602e-02 -1.567209939044500677e+00 -5.246354672612060788e-02
1.674900308227151094e-02 7.161994918311748171e-02 7.678303287357619855e-02
-1.077468345761106727e-01 -2.481831837597650234e-02 -1.240364810833004608e-02
6.052162378265649179e-02 -6.959649180275245296e-03 1.590898166563102858e-02
-4.651661287343053508e-02 -2.215839833207235154e-01 -4.957505505253783501e-02
1.913376365781062627e-01 1.595532218505407995e-01 3.830651444383320614e-02
-7.465606038775381148e-02 -5.838885458371344261e-02 1.886414979717084689e-02
1.879433042569909618e-01 2.321700739716402728e-01 -1.189088604863901139e-01
-3.692284265980633889e-02 -2.709476635262088040e-01 2.432102375930606797e-01
1.394755065983380726e-01 1.368131780798863446e-02 -4.122181677826139770e-03
-3.730667270773408983e-01 -2.017454755038181752e-02 1.443762999534805025e-01
-2.703172788112146504e-03 1.708299306681230478e-01 -4.425887334993539035e-01
1.140784343720226308e-02 -1.087521243086829632e-02 -5.486180228829867778e-02
-7.254837664514471318e-02 2.466686026813940946e-01 -9.658801247447747207e-02
-6.007215073913890757e-02 -1.999475672647221536e-01 1.774793306950162020e-01
9.151358020897400192e-02 7.987192807850855558e-02 1.323902567760288362e-01
4.014531751884747868e-02 -2.619969376891397306e-01 -9.270930258022817005e-01
4.610501900787437879e-02 1.090622685844509082e-01 9.839622463716372058e-01
1.885577809281984152e-01 -3.440215814435921282e-01 9.593685202564236625e-02
-4.856416391697666868e-02 2.519898941379306589e-01 -1.754636463261867452e-01
1.871406185954685997e-01 -4.596144688133688844e-02 -2.174616495823770423e-01
1.079612395947075016e-03 3.412787263693959489e-02 2.025656635923537563e-01
-1.452593679735932897e-01 -1.140882530976634890e-01 -2.220105102156089416e-01
-5.116536044196846184e-02 1.498116157737033605e-01 2.359978048822730934e-01
