3.068206221241181336e-02 -1.606917270675307652e+00 -1.080195166470408405e-02
2.563824400679327528e-02 6.192975824294297271e-02 6.408333563791768217e-02
-4.719266322654058765e-02 -2.965056441550257410e-02 -1.101778156840070057e-02
2.448090367094161654e-02 2.825780517071089029e-02 3.410533187234385255e-02
-8.206692753175395816e-02 -2.094189053322820515e-01 -2.598295201627070714e-02
7.021468026814220442e-02 1.588678099364691509e-01 2.990189364498870364e-02
-6.655816352097110311e-02 -1.935811559114483313e-02 2.319246243084591586e-03
2.032256271180744311e-01 2.375590473130843039e-01 -1.312933067861522529e-01
-5.540833537658822888e-02 -2.620194119892201301e-01 2.469091745667520155e-01
1.317566015760969489e-01 4.864827679451842746e-02 -1.295522342020215961e-02
-3.635431510842115355e-01 -3.186950779466390937e-02 1.619058017730521104e-01
1.730904714005738337e-02 1.792101185397180219e-01 -4.304451267532023451e-01
-1.392508104780906288e-02 -3.995447625060186136e-02 -4.452896225045875622e-02
-8.850072377458224893e-02 3.065732916357067905e-01 -1.195590185553467577e-01
-4.046765662968192234e-02 -1.482609947749110590e-01 1.911553519878704810e-01
1.002112493670705984e-01 5.801428464693067499e-02 9.736122911021351245e-02
8.977529558780630858e-02 -2.109852048832218385e-01 -1.029287698643856164e+00
2.591589135097683086e-02 2.149548554928747968e-01 9.236417792825591944e-01
1.738297490673966772e-01 -3.356300354323409896e-01 1.220027556768532445e-01
-3.524362734309546136e-02 2.207697357629244406e-01 -1.612775991072821491e-01
1.960067163508171784e-01 -3.909292013330162296e-02 -2.202200885651952877e-01
1.008984385367993619e-01 4.180978392881515987e-02 1.822739605828057607e-01
-1.413108179575381373e-01 -1.158255527210317326e-01 -2.060667421998233773e-01
-6.480813795061614313e-02 1.448494716401573512e-01 2.040308282235479276e-01
