-7.111271939995905678e-02 1.193745590059621699e-02 -1.276626065197426774e-01
-8.309470238885444116e-02 3.115614777846285530e-02 4.459346761039097856e-02
-3.062934882578262630e-01 -5.113721224613218541e-02 -5.401915257947351168e-03
1.134605572420089581e-01 -1.269335057669171776e-02 5.281824469658198684e-02
-1.146251278888663905e-01 -2.143080876402173596e-01 -7.779340264022015228e-02
1.401469025566701943e+00 5.464828679526688958e-03 2.183447496495142526e-01
9.360926865391515708e-03 -2.850976840884509797e-02 1.779832010465322301e-02
2.676406377024185268e-01 2.446508001711990843e-01 -1.137018417739518866e-01
6.712952491324676585e-02 -1.871551452021315287e-01 1.681854937838835606e-01
6.843779480211635569e-02 2.865708021527922297e-02 9.885928338199227727e-04
-3.779684198401836448e-01 -1.390883485628464748e-02 2.568263188662192609e-01
-9.569031324289267726e-02 1.585612270086155795e-01 -2.580772267293804378e-01
8.086050581588556663e-02 1.463514822652387248e-01 -8.951019574882668195e-02
-9.451656123791185582e-02 -5.439770039981597222e-02 -1.791842269783207320e-01
1.875186502195727925e-02 -3.710424845979805319e-02 1.434612497513749196e-01
5.702038841794185298e-02 2.103255804817639185e-01 6.127423644847602296e-02
1.224543929710214113e-01 -4.635255949290469357e-01 -8.972968813887667316e-01
1.801184748229970045e-01 -4.400010750967577738e-02 7.917812013859361064e-01
3.344545790043509381e-01 -6.219976424313909957e-01 -2.676469210479717319e-03
2.323715419198782717e-01 2.878722610069856525e-01 -5.018659165632562147e-02
2.106661300091924593e-01 -1.490666547682451271e-01 -1.691397000770216430e-01
3.990762116008897409e-02 1.037702385061880644e-01 2.534092947057698386e-01
-2.425916766049811824e-01 -1.889331373191140140e-01 -3.999067157482111834e-01
-1.209487491795735725e-01 2.300558241448188990e-01 3.806210558269539357e-01
