2.446550303293460599e-02 -1.111639311217563542e+00 4.823072784604851004e-03
2.177543455938794614e-01 3.163233235380640690e-02 1.108780620968276148e-01
-6.047698213539557388e-01 9.451918615334668761e-02 -8.693601386057714375e-02
1.365608622088941293e-01 -1.818737792718702895e-01 4.591271258847193226e-02
1.386037565099936530e-01 -5.201857504299017831e-01 -3.020722913525589193e-02
3.495484948286259330e-01 3.024182099373563526e-01 7.224590215606631859e-03
-9.740344468477762918e-02 -1.169495416293434842e-01 -5.534247282645677647e-03
1.889721573348945027e-01 8.459079594212554065e-02 -1.823933403274305975e-01
7.540486337267926498e-02 -2.166428291284969165e-01 2.728244458176962706e-01
1.205178882347032049e-01 -4.933582412059964173e-02 -1.033254023880661281e-02
-5.709372682629153539e-01 4.920797418719573962e-02 3.336316504621848755e-02
-7.929602392994894444e-02 1.824875861192500059e-01 -5.617674284772680160e-01
7.304509663205939474e-02 7.856499122105130295e-02 -2.517419814674961009e-01
-1.404521643200257464e-01 -7.465285243230193601e-02 -3.547158183725381692e-02
-7.286167911299465394e-02 -3.897930090959959015e-01 -7.238608651917036174e-02
1.833307999625911205e-02 2.669790595999186333e-01 2.280245253885522794e-01
2.299841568746228276e-02 -7.338292872111207288e-01 -7.857485489367201925e-01
6.587271665183641600e-02 -3.194304646195886277e-01 9.714981871846891659e-01
4.212863460342999300e-01 -1.155386326733671920e+00 1.127323084934557657e-01
5.100977990743493784e-02 1.740263459988683759e-01 -2.432947491529087181e-01
6.523768805246463187e-02 -1.875505978801844942e-01 -1.265688851681186777e-01
-4.183446338828426814e-02 -2.582780503418416126e-02 3.134698028416921800e-01
-1.715021718009109575e-01 -1.664818594527298357e-01 -3.791468312605141833e-01
-1.578619290889368976e-01 3.130666030412238565e-01 4.434241916104165182e-01
