4.503009186295037214e-03 -1.154226884357845373e+00 -6.932358629941499928e-02
2.080286375574464108e-01 3.456656882290185667e-02 1.065222144690341627e-01
-9.599054935517884468e-01 1.331542911505523008e-01 -4.921239979117348479e-02
2.289743646427075952e-01 -2.605289156442352483e-01 3.869371112251974998e-02
8.386284019045947558e-02 -5.407686351293253812e-01 -2.986270378327017874e-02
9.024702566002492654e-01 2.223567738168440999e-01 8.734089452004210885e-02
-1.136664434658912343e-01 -1.269577474476536461e-01 -2.610001163016473439e-05
1.856905809238836857e-01 1.389817658379850773e-01 -1.807691404555018810e-01
-3.167471676594509067e-02 -2.793688393305669981e-01 1.919176114603345640e-01
1.104956700572513328e-01 -7.890410670610220611e-02 -4.262329834343631975e-03
-5.863026199727430221e-01 4.723004609434460627e-02 7.622099011757713094e-02
-6.913437835513511209e-02 2.244123098796699245e-01 -5.353773500453533618e-01
7.304766094748230132e-02 4.413736321288744269e-02 -2.570861036738330552e-01
-1.748029954778027029e-01 -1.637770267874912311e-01 9.520964525207403426e-03
-8.556977671395360474e-02 -4.028867617706591853e-01 -1.135988082919648784e-01
5.360935312908526873e-02 2.429392960842146620e-01 2.741601742178886858e-01
-7.930024936395059509e-02 -9.305504380738908177e-01 -6.403338213648156474e-01
1.022481128323635968e-01 -3.931448588512946318e-01 9.545824346854721032e-01
3.342898815198592777e-01 -1.475258460339843536e+00 1.483733627492671292e-01
1.207155980187146621e-01 1.793176341633508641e-01 -2.526740697047876738e-01
4.750397680197696038e-02 -1.618422573334166448e-01 -1.056480796934732291e-01
-1.012125964991931193e-01 -7.547927120201305962e-02 3.519462699950955953e-01
-2.172416098689677055e-01 -2.025696451968747591e-01 -4.601271713739878977e-01
-1.500346172838497305e-01 3.729510888590684692e-01 4.856422661178384503e-01
