-5.126403276696867017e-02 9.010009866919171939e-01 4.825091845063684409e-02
-1.381772333773399475e-01 -1.426053792132864553e-02 9.042754895542121085e-02
-1.252823853137584320e-01 3.057995219820994204e-02 -5.418437018632260571e-02
1.288729002306734928e-01 1.917916288905666816e-02 5.369681926584964765e-02
9.380359279578182052e-01 -3.065704259322503122e-01 -2.079479072938951734e-01
7.134151736592792004e-02 2.562491737965009730e-01 6.360826052848616956e-03
2.744381395273158206e-02 -5.963940191024447168e-02 -7.683982583570416608e-03
2.343591563916801734e-01 4.790757361176909562e-02 -2.235138468612457019e-01
5.501695723089140844e-02 -1.611865145155877976e-01 1.896600941508611859e-01
6.863359184942854907e-02 2.560951304958765384e-02 -6.738196584716237350e-03
-5.762854133914260268e-01 1.726686318981121224e-02 1.920883117475472301e-01
-1.127208403996295683e-01 1.181039721369059742e-01 -4.273379079000566572e-01
9.887432061035736353e-02 1.635871079734813882e-01 -2.141490054696963408e-01
-4.750958870928706501e-02 -5.029341642068562053e-03 -2.258072655007948015e-01
-4.749612318316635481e-03 -5.313173980386167589e-02 1.826350491187684888e-01
1.895908562858038271e-02 2.781169548800424551e-01 7.279083006369378717e-02
1.954813555412996673e-01 -2.947658372319314490e-01 -7.905359545111190211e-01
1.268111764217386694e-01 -2.875659508854450791e-02 7.353394008265032866e-01
4.972808899411154671e-01 -6.114313907920279068e-01 -1.598847599938452851e-02
1.634163910046159407e-01 6.431646566846737079e-01 -4.948208361188448888e-03
1.516744799217472350e-01 -2.529330232771804798e-01 -8.937527169192076293e-02
2.975295444044717685e-02 2.261058478486943357e-01 1.561640398616515046e-01
-1.197546200449215309e-01 -1.208032235113586927e-01 -2.589865898524624788e-01
-9.546737596535698200e-02 1.573690715227726578e-01 3.441969234418694734e-01
