-1.663214413214199050e-01 6.954502055568497765e-01 -7.967738539719115831e-02
1.948085479667797382e-01 -1.570567589682709056e-02 6.592060932800515582e-02
-1.162922093098166743e+00 1.476836219283879093e-01 -2.138931444495300108e-03
2.914905957888604404e-01 -2.803391288751255206e-01 4.887504993404347825e-02
1.271752635545692900e-01 -6.546437106295078800e-01 -5.472901724547301477e-02
1.321237311554574134e+00 1.413164947565027640e-01 2.010284926117050508e-01
-2.221149856474056647e-02 -1.077714220714519888e-01 -2.685176080608765031e-02
2.175929322984535563e-01 1.424312514321739165e-01 -2.627474138377667301e-01
-6.599077576843388748e-02 -2.510816408291927648e-01 7.123480511902138823e-02
4.345080844155286420e-02 -7.453735161316663027e-02 -5.441938816684943961e-03
-5.592561588192560551e-01 1.772690003044816512e-02 2.534335147248873432e-01
-1.257073689112717663e-01 2.074929012173365173e-01 -3.662621421130515253e-01
2.589553208680142691e-03 9.625069681048022130e-02 -2.738075994854080042e-01
-1.825757430854849650e-01 -3.817345683499729914e-01 -1.423499866873906283e-01
-2.330657761395948588e-02 -1.829704775778934478e-01 -6.149679036227836265e-02
9.857048750997549069e-03 3.350341926751715937e-01 2.680930450471092907e-01
-5.345293127577813164e-02 -1.001803608094820275e+00 -4.575173952508352904e-01
1.659004334540499781e-01 -3.844366142952367893e-01 5.987739877510430686e-01
2.593443211872470400e-01 -1.456711575425121197e+00 7.175393265446901314e-02
3.555608140441873233e-01 3.249384812091252184e-01 -5.426606578166037059e-02
1.690909493593648893e-01 -2.363152972573262789e-01 1.938171207749706665e-02
4.834678703812925887e-02 5.352261943960605339e-02 3.148279059726667439e-01
-2.172167118485130444e-01 -2.286801456075720496e-01 -4.720082403072172195e-01
-1.137840091405408760e-01 3.820917703564248313e-01 4.678369249940502184e-01
