-2.253383829816436867e-01 4.767708322707548962e-01 -1.775154088824451581e-01
1.064946240948104333e-01 4.126918709829603682e-02 1.102027672703242422e-01
-1.570328725619035026e+00 9.581028409396645518e-02 -6.859132756567379308e-02
3.721124001198686804e-01 -3.218567314030679194e-01 5.609515794147415524e-02
5.753892645873903006e-02 -5.036781789553338440e-01 -4.892383155784005289e-02
2.262258078914879178e+00 -7.159257365422372343e-02 4.035361899373000050e-01
-3.711088475094249245e-02 -6.255895044879813960e-02 1.114291979652731746e-02
2.910131045574487207e-01 2.160459481024324391e-01 -2.041654099845964243e-01
-1.795311240035453448e-02 -1.572065692880786070e-01 8.546218685782000501e-02
3.131252327709251049e-02 -7.411161193037139883e-02 1.090902103904981858e-02
-5.377295323710605812e-01 2.775017501412149409e-02 2.533618932283978054e-01
-2.141433489990526851e-01 1.728297985966163464e-01 -3.401183025536976823e-01
1.514469313918432626e-02 1.180939205134274861e-01 -2.179989987637056537e-01
-1.894648805920928492e-01 -3.860707970816898427e-01 -1.062009790554176020e-01
-1.804538081060257093e-02 -1.331061051109294346e-01 -4.323861593748039994e-02
3.161316276465709479e-02 2.968483788124126055e-01 2.406710775862311857e-01
-5.351977587213022775e-02 -9.594118469801671267e-01 -5.160774141183709363e-01
1.638746373042602456e-01 -3.410286297278111167e-01 5.922354730444407966e-01
2.522655455059794050e-01 -1.341420559145660718e+00 5.659205320280528279e-02
3.586507537328300632e-01 2.578758564907323581e-01 -5.046511318880673308e-02
1.836306506015883411e-01 -1.868969818130854499e-01 -2.660891107869033448e-02
5.995195587418303274e-02 3.829179923021704124e-02 3.374123009531365680e-01
-2.663754199792193189e-01 -2.243937856188839564e-01 -4.614346430493327933e-01
-1.328382483072615139e-01 3.453806367874152627e-01 4.562804276320649999e-01
