-6.262854982356182154e-02 -5.080888214628406785e-02 -1.124906139081776751e-01
-1.071400917041061968e-01 3.156203909776919558e-02 3.956501202556569202e-02
-6.345177846684926792e-02 -9.023481096367806653e-02 1.969889318006356766e-03
6.532155683300089333e-02 4.392416677622937998e-02 3.336392279244743131e-02
-1.090160958226573662e-01 -1.641874481322373180e-01 -7.834937370743172425e-02
1.079788941461833796e+00 5.280094909622130156e-03 1.703268515335027156e-01
2.693837355884528759e-02 -2.891800322602939427e-02 2.080270712323852023e-02
2.395797302903016346e-01 2.603369546864979789e-01 -1.021229245926061763e-01
1.477742473071500806e-01 -2.112536709279466129e-01 1.923323585162329541e-01
7.928672931248087474e-02 4.047938160811073022e-02 -2.252736696658818281e-03
-3.370735554561682945e-01 -3.343104171733074503e-02 2.633661155014891397e-01
-9.036516290723160816e-02 1.540015939599522765e-01 -2.463310501177906620e-01
7.791453996180724983e-02 1.415591030105491366e-01 -5.471223091209474060e-02
-7.039633051599915314e-02 2.417596559258526623e-02 -1.899401465403585398e-01
1.965607889132783836e-02 -3.281129520254008614e-02 1.814431508850737063e-01
6.640779502371554899e-02 1.870776632138149986e-01 4.277810497963036029e-02
1.402889586630040042e-01 -3.596514396305891537e-01 -8.901022529906488234e-01
1.766627104824315397e-01 9.309592743209523652e-03 7.911236066410022305e-01
3.363141656394170731e-01 -5.327862285071652826e-01 -1.522904939359688049e-02
2.233007664862301234e-01 3.780974531834851993e-01 -2.718853210039156448e-02
2.134840772849361801e-01 -1.519695736089283211e-01 -1.774765057180015815e-01
3.623801589077666613e-02 1.237834803169417103e-01 2.327741634896604572e-01
-2.192986928061612106e-01 -1.695536136856482523e-01 -3.662782156660026600e-01
-9.894219232518269846e-02 2.005480094968695726e-01 3.458463177262489086e-01
