2.689926792444210721e-02 -1.088855116968211467e+00 2.894599343928963564e-02
2.131946109989410476e-01 2.187666600388588761e-02 1.104617377374351728e-01
-5.623242960324777995e-01 8.864210864865301742e-02 -9.417583204856705414e-02
1.281318035044347881e-01 -1.642567317716027153e-01 4.728400849965017083e-02
1.735802946396215463e-01 -5.293931155528557309e-01 -2.704849876234991304e-02
3.075938093963649922e-01 2.999214360473162477e-01 -5.851661215087387543e-04
-9.522549378790390318e-02 -1.037458125424528949e-01 -5.988356472546261904e-03
2.121865684630001581e-01 7.942983998022433434e-02 -1.853880312077080539e-01
8.040126270291052257e-02 -2.114246982440661504e-01 2.780685728825376679e-01
1.206258248111223425e-01 -3.906488692861821710e-02 -1.127109965728918285e-02
-5.726714033799992221e-01 4.513566952670984567e-02 3.959470930803293820e-02
-8.984685420745718021e-02 1.720672841083245030e-01 -5.695126201814005862e-01
5.688974809006389771e-02 8.435964845681193092e-02 -2.525421259987273848e-01
-1.304782224583862227e-01 -3.369167493050215234e-02 -6.045153735262934203e-02
-7.164649120818408767e-02 -3.725393123661100980e-01 -3.173875485176751859e-02
1.860347675345465357e-02 2.704725143013408384e-01 2.096254650836821554e-01
4.737617326526765565e-02 -6.553502410721839810e-01 -8.308671485131917667e-01
5.672656658048267492e-02 -2.734040643522598346e-01 9.809049551639362763e-01
4.122645607505822651e-01 -9.952449858273955119e-01 1.028184976495468833e-01
4.033122202262044882e-03 1.597007696278707756e-01 -2.360897037942405186e-01
7.234372704488753469e-02 -1.795264041408189681e-01 -1.149817101070619990e-01
-4.153239592862158214e-02 -6.272754424271953684e-03 2.796431198010356778e-01
-1.448856512833787413e-01 -1.535604135181720398e-01 -3.485855973713974931e-01
-1.401620399229717151e-01 2.857948529552306605e-01 4.242952886245815458e-01
