-2.483369146012120721e-01 5.951709862966323428e-01 -1.486841939179639749e-01
1.837090299662674509e-01 3.522839078828983450e-02 1.174768570702808823e-01
-1.658185124262240517e+00 1.329123983297234579e-01 -4.403557638286340059e-02
3.910967448308090844e-01 -3.638318563063872579e-01 5.677260871641274381e-02
7.978670978105961709e-02 -6.136767150583283259e-01 -3.895606361632537873e-02
2.101190314979975327e+00 -3.038434750279894389e-02 3.840411223568451216e-01
-3.374883420459103001e-02 -7.783556850495931823e-02 -9.965225992714417044e-03
2.767169195543364713e-01 1.894777311522827246e-01 -2.508113246779851147e-01
-1.525447832931920433e-01 -1.944763918386996915e-01 1.604169414238943228e-02
2.366770734160236755e-02 -9.204696946304065375e-02 5.542279276104328418e-03
-5.577102702465812634e-01 3.650503542259997403e-02 2.600763216227596208e-01
-1.589972165444927255e-01 1.768412354318489033e-01 -3.154630722800838005e-01
1.494699982941999003e-02 1.088322052619037777e-01 -2.538097636043485372e-01
-2.006492260976083797e-01 -4.322065514730262237e-01 -1.268334053656875737e-01
-1.975568681953067049e-02 -1.547086274181473098e-01 -6.858056464267783814e-02
1.811459366130279205e-02 3.231060601406497979e-01 2.708324827073528840e-01
-8.588652195451912386e-02 -1.031161215579866841e+00 -4.175538496598951155e-01
1.494586033728460828e-01 -3.987950415141729432e-01 5.236895588798181622e-01
2.102155963152953499e-01 -1.488828789063105340e+00 7.117238438389285327e-02
3.760538929205777259e-01 2.782313650170052388e-01 -4.589686034792268832e-02
1.892626869192939321e-01 -2.037080194233483466e-01 1.918924340634864736e-02
7.154441722499044198e-02 3.911969970696908133e-02 3.314974047264885870e-01
-2.653248173126946385e-01 -2.344845646638556713e-01 -4.793956388400906210e-01
-1.258792323905135735e-01 3.721462660252528032e-01 4.710403336434449972e-01
