2.933407589603204482e-02 -1.604894631994245868e+00 -9.823480719759098562e-03
2.571199281764767822e-02 6.080347871403073839e-02 6.326351954149124490e-02
-4.617258987445232998e-02 -2.736775241272782974e-02 -1.019686834640865306e-02
2.436740528813888251e-02 2.842387741433326231e-02 3.542570135185395958e-02
-8.622151866127242270e-02 -2.108241640079699664e-01 -2.427566202560705461e-02
6.520730788450916637e-02 1.621393006615681753e-01 2.653537804604669953e-02
-6.580681953697721520e-02 -1.828072276215232314e-02 7.148080792504099903e-04
2.063533460993132451e-01 2.362448641344251365e-01 -1.331291256940671797e-01
-5.924398805396489942e-02 -2.622801853717486864e-01 2.458793087604094485e-01
1.311490755954657916e-01 4.928080323456504597e-02 -1.353064266045618351e-02
-3.645218391402907931e-01 -3.121674164934425469e-02 1.620706285018538584e-01
1.845489537291121820e-02 1.796384689700449011e-01 -4.291999687670309815e-01
-1.613975637876393851e-02 -4.271839174529595134e-02 -4.348654192974926724e-02
-9.051652262023951456e-02 3.061809483250124697e-01 -1.186967017734179841e-01
-3.917819401335581597e-02 -1.463637804623474092e-01 1.882904604256151748e-01
9.623717911590103091e-02 5.366609513702391698e-02 9.734869120385353236e-02
9.430652340768770625e-02 -2.093991478784116844e-01 -1.030535687623371333e+00
3.351312132068430538e-02 2.130789505458218214e-01 9.225910596705251265e-01
1.818175473037570988e-01 -3.433156425676942014e-01 1.232508750066321351e-01
-1.567425226843519384e-02 2.269084885952243613e-01 -1.578812810354888740e-01
2.006532947129136824e-01 -4.295120490951918890e-02 -2.161788338293173239e-01
1.094116786795677754e-01 4.610806696857126796e-02 1.795362080356101842e-01
-1.396768286551989813e-01 -1.162634026980548796e-01 -2.048639001487063405e-01
-6.483822117159820930e-02 1.459055174366100383e-01 2.018379694443938055e-01
