-7.863870984063844882e-02 7.404210228685771389e-01 -5.330545001460544607e-02
1.963355659221376059e-01 -3.409372760050283224e-02 3.991122156545915539e-02
-6.802606667917816541e-01 1.382746713021627827e-01 -3.881969681678395026e-03
1.814093133884705500e-01 -1.833881638678196424e-01 6.347321002302674930e-02
1.449685147525202056e-01 -6.157030269375542986e-01 -4.890196439339448975e-02
5.495126098756402122e-01 2.810769535573314215e-01 4.654318233279315653e-02
-1.746739009776259940e-02 -1.147768975549366827e-01 -3.400714751059182722e-02
1.809411118700873511e-01 6.898309422108024613e-02 -2.419491685232147415e-01
-5.990872968123402142e-03 -2.157782137157852609e-01 1.570963586730559636e-01
6.973817505551230256e-02 -4.660140287494118905e-02 -7.838546538123148527e-03
-5.392983722314634853e-01 4.556686948389152697e-02 1.742956709522711090e-01
-7.901546921168352278e-02 1.785166923695768459e-01 -4.069557985437437519e-01
2.674225616493758687e-02 1.219705808499515071e-01 -2.685521953688355667e-01
-1.606649946674114093e-01 -3.104753474884516251e-01 -1.405067917680176692e-01
-1.531556536167149978e-02 -1.713008470215733603e-01 -6.548835514641644651e-02
-2.501364612985064115e-02 3.338419864247623714e-01 2.327802337297128765e-01
5.692141473137720536e-02 -8.378671904792891478e-01 -6.506798504328921151e-01
2.005655912334996238e-01 -3.348404138828738330e-01 7.141748091539583676e-01
3.618841603784542782e-01 -1.277065153900080130e+00 6.545565659743757259e-02
3.703015964527502368e-01 5.137556295236289650e-01 -5.344200440808723196e-02
1.087875862848952518e-01 -2.751474209967543216e-01 -1.672679807576353539e-02
1.663003611508647242e-02 1.198042757016284932e-01 2.867909847103768950e-01
-1.760426128734408069e-01 -1.960284624361182115e-01 -4.202553205213467868e-01
-1.293541531157340607e-01 3.331817744869634557e-01 4.453943234933831485e-01
