2.032193505513360879e-02 -1.137297930391159451e+00 -2.268602229797399977e-02
2.186643444085489274e-01 3.784187277756777962e-02 1.102445469616080281e-01
-6.802411080012742417e-01 1.050667607900730716e-01 -7.199159357616401189e-02
1.555091290511415036e-01 -2.016015537663178869e-01 4.412359018340670375e-02
1.128394273731501835e-01 -5.163953939334899879e-01 -3.070772658465320201e-02
4.530341900491500762e-01 2.931149817143227643e-01 2.503819589202699314e-02
-9.833767257342533596e-02 -1.241345520451404422e-01 -4.543622702246803875e-03
1.798704411620666022e-01 9.859040494698374790e-02 -1.817417433460057630e-01
4.799805467785241836e-02 -2.297944659502303699e-01 2.535494388758551265e-01
1.196549786456423542e-01 -5.821898797768100542e-02 -8.406159080741767292e-03
-5.734758625601912296e-01 5.008602602326064218e-02 3.945773001985866668e-02
-6.875110357228397806e-02 1.964749109166168684e-01 -5.505328058161865767e-01
8.144748745103184973e-02 7.222989032040695589e-02 -2.501364609927910210e-01
-1.510925092651972668e-01 -1.105893517570594869e-01 -1.565675307848277825e-02
-7.379431570195954526e-02 -3.943746628922211173e-01 -9.763690332133688476e-02
2.742037822990694637e-02 2.605980484565144084e-01 2.446993530348949841e-01
-9.629150137053900729e-03 -8.060616711537449408e-01 -7.377086551959998184e-01
7.723755264438242341e-02 -3.496060901859066039e-01 9.667568820437701937e-01
3.962936341677970042e-01 -1.286120101749393507e+00 1.221180650173833010e-01
7.772812241020411739e-02 1.842104787356554085e-01 -2.439413262126731152e-01
4.833788483977072281e-02 -1.842184441102664716e-01 -1.236777941275895992e-01
-6.538694892219819310e-02 -4.426048909212176169e-02 3.317144302526687794e-01
-1.930934179768890313e-01 -1.784508241353524316e-01 -4.093873999236565808e-01
-1.632683145324339558e-01 3.350663609899625639e-01 4.593304312208718043e-01
