-3.671134101887316842e-02 -2.059175619271061686e-01 -7.104045396551184055e-02
-2.010390823830149887e-01 3.913580992302228417e-02 2.121164670290650797e-02
2.116819420780761962e-01 -1.509391610401585870e-01 5.005174352050219960e-03
2.786691731063797167e-02 1.339638287682692053e-01 9.490648901588823530e-03
-7.709426943199100546e-02 -5.099764786211463674e-02 -7.296346399607733790e-02
5.867663866909441639e-01 -3.143341310870399058e-02 6.675746727935931435e-02
8.537969042554277230e-03 -1.304665940132118500e-02 9.548949636526112353e-03
1.799115544290560142e-01 3.041342190965979353e-01 -6.879596375233169858e-02
1.001164557826736690e-01 -3.016052513534507318e-01 2.208002869395786494e-01
1.190146885177619518e-01 7.385476433613474834e-02 -2.466315014668852678e-03
-2.638074725755001348e-01 -6.195543570080596502e-02 2.500865722460435814e-01
-4.679807435286638395e-02 1.663246050792378805e-01 -2.732644566454094370e-01
4.699211249915116739e-02 1.466138456089802755e-01 -2.675613900937635556e-02
-5.106296561105004572e-02 1.745247623406070148e-01 -1.040624823900098972e-01
1.423370834049251382e-02 8.413385879198638159e-03 1.767023827555094240e-01
5.846295064511156797e-02 1.527990336352846035e-01 2.572942836441823380e-02
1.641665979483203641e-01 -1.532878686397075862e-01 -8.895625285918068448e-01
1.484579936280118195e-01 1.695417421689346116e-01 7.906210915426457042e-01
3.970167735464979475e-01 -4.093212016363408923e-01 -1.876800817526231083e-02
2.343734493296064647e-01 6.582753111869513729e-01 1.211977453390698269e-02
1.972503189907852117e-01 -1.240004260745744685e-01 -2.169178679115583430e-01
-2.778691972084650422e-02 1.771011027778622293e-01 1.803392827892877637e-01
-1.973658508721592986e-01 -1.310871651725553366e-01 -2.819447027535587069e-01
-7.164968962858397905e-02 1.327713727355624984e-01 2.665851859944829982e-01
