-1.368625107747519810e-02 8.345225573527921270e-01 -7.896606540315194087e-03
1.111949705373425079e-01 -2.313626475279351516e-02 5.777561910157610892e-02
-3.111936494559409683e-01 7.260504604002425422e-02 -4.384271814893221653e-02
1.082454968386820232e-01 -6.882337247251231471e-02 6.516158809618827208e-02
4.376928806582097708e-01 -4.919803037058626538e-01 -1.085375991946010699e-01
1.215710739753944336e-01 2.728978091724511001e-01 1.700643708635480450e-02
-5.414545780787215906e-03 -7.206657344470261684e-02 -1.754654113833677490e-02
2.251167280431670692e-01 3.360703739584285782e-02 -2.372916562253487016e-01
9.684901696942010974e-02 -1.600583511377985935e-01 2.292555818479305452e-01
8.665706752674090518e-02 -1.833011476777052793e-03 -8.802089256210747850e-03
-5.582881883426906722e-01 3.142419614922258020e-02 1.708006569270705544e-01
-1.089362320173225401e-01 1.312101092202696828e-01 -4.539095468160161961e-01
3.282699503799345331e-02 1.605963656423610719e-01 -2.453591108165460444e-01
-9.474173561127079146e-02 -8.627182958132496859e-02 -1.864538279932560216e-01
-1.297781161011501462e-02 -1.318538950063593285e-01 7.444768187339226295e-02
-1.755219270348453223e-02 3.196484381225263571e-01 1.256898473077530665e-01
1.874838808723987005e-01 -4.664572212927993733e-01 -8.329974241710799143e-01
1.724830226593767890e-01 -1.555462786511520867e-01 7.694872029271615510e-01
4.620423285727737195e-01 -8.618021451408381939e-01 2.323249850173031775e-02
2.319877617736462727e-01 6.727636893148506436e-01 -2.980296382414448358e-02
8.118851864224882475e-02 -2.834969928109143944e-01 -4.633787796778049417e-02
-1.511061743343454326e-02 2.142098309410475077e-01 1.934859454790550659e-01
-1.239622869095040325e-01 -1.328166701909208325e-01 -3.065179458428278214e-01
-9.894409558281533346e-02 2.064654523137416930e-01 3.741002817933553604e-01
