-2.901904493935456714e-02 -2.557956007293741285e-01 -6.773575228291002504e-02
-2.502866401741963842e-01 4.229521272173882018e-02 2.966493984289112970e-02
2.779396050994825118e-01 -1.468588837885741738e-01 2.645879246613144081e-02
2.804879535154376075e-02 1.606580318120175987e-01 8.073782603255303184e-03
-5.781903431536647431e-02 -4.028700549941057613e-03 -6.608330120437874711e-02
4.081699928626961738e-01 -1.908599765554825842e-02 5.317059952167228071e-02
-3.478241086980384672e-04 -4.502939270151599949e-03 1.334504176298105353e-02
1.607382596061349977e-01 3.134972704693447798e-01 -5.454594874082965839e-02
3.771516853188452978e-02 -3.021361400805837039e-01 2.235426192682254398e-01
1.283947894020097680e-01 8.534413907458129889e-02 3.098738642777820740e-03
-2.360272804116971823e-01 -5.713851799221199984e-02 2.387084779767253140e-01
-1.134137324455586869e-02 1.535424373355623873e-01 -2.733433432282253439e-01
4.976440703120407066e-02 1.483884521722777516e-01 -1.359462370367270009e-02
-4.395119822315663588e-02 2.325753557740270205e-01 -5.411794570248568137e-02
7.305315169458257915e-03 3.652450334320797576e-02 1.639547866491399275e-01
4.351074714320153636e-02 1.247314009887351000e-01 1.657063707738334543e-02
1.750563760625970799e-01 -5.172519139346731104e-02 -8.780000376865579881e-01
1.236736500966553881e-01 2.512406233646551357e-01 7.604337564711036723e-01
4.361357714973058686e-01 -3.936561766539006801e-01 2.278214126593815052e-04
2.422687350978491860e-01 8.342915093567337959e-01 3.260399600700656514e-03
1.813885305057438002e-01 -1.230051286464930171e-01 -2.247590297136647652e-01
-5.950099884872116912e-02 2.171488140971137848e-01 1.374794490391719748e-01
-1.886350604205380144e-01 -1.076323530953760960e-01 -2.368377105082194456e-01
-5.411374539954377783e-02 8.527578563423018898e-02 2.288045534579853102e-01
