2.960173409111034604e-02 -1.604624627185503583e+00 -1.071838347445990686e-02
2.495108878311713338e-02 6.051696612251232510e-02 6.406071497190583830e-02
-4.645225686090222877e-02 -2.696413173845767577e-02 -7.619208104830396677e-03
2.459297949784429102e-02 2.797684364673750507e-02 3.682877683610472769e-02
-8.902187112662345025e-02 -2.125185930225135522e-01 -2.161533850224504547e-02
6.249803633377659651e-02 1.596388655302036497e-01 2.458051750044839764e-02
-6.628796615941653925e-02 -1.760682368314199844e-02 -5.924680354679409417e-04
2.173606143997049156e-01 2.337420865740610920e-01 -1.379695580953937684e-01
-6.663275969075388439e-02 -2.664431522518113105e-01 2.407849846929531468e-01
1.305226833173821210e-01 4.917940998438927180e-02 -1.334898642499899625e-02
-3.682188508283676387e-01 -2.985847805317202314e-02 1.634195320136745400e-01
2.190157016261081585e-02 1.789690558107537299e-01 -4.269095087845976577e-01
-1.707521639200846458e-02 -4.460583248947640883e-02 -4.218051311731822045e-02
-9.081971410502762132e-02 3.042304354449786863e-01 -1.160946138503452241e-01
-3.843109075714677692e-02 -1.435113966376738992e-01 1.834349805042335968e-01
9.234805515769380080e-02 4.993610513216878433e-02 9.759213591410165201e-02
9.893649496547680944e-02 -2.072904830481549776e-01 -1.032491908017855398e+00
4.018104765204098122e-02 2.110982645697738469e-01 9.225438744400953350e-01
1.937631056770796056e-01 -3.480946517190691147e-01 1.218644396309176148e-01
2.290865892192538601e-03 2.316389571335726871e-01 -1.540489260535627680e-01
2.043115822256252045e-01 -4.638347006118394289e-02 -2.134602312229308962e-01
1.141345173848926503e-01 5.047680994054472986e-02 1.768758365446320979e-01
-1.382556696517315276e-01 -1.167214118441735615e-01 -2.049005696153742562e-01
-6.496239991540340986e-02 1.467111120141522118e-01 2.013206517141512830e-01
