2.004638985289363198e-02 -1.319866265955544682e+00 -1.791405450462697502e-01
9.900787959053755638e-02 4.705584038631401705e-02 1.192203482058841052e-01
-1.372944744499854597e+00 1.210895894187783983e-01 -1.305643068947563365e-02
3.380846858962787693e-01 -3.065875059943533043e-01 2.120201473181053051e-02
8.661633316935889171e-02 -4.179756425044436341e-01 -4.264635238309946730e-02
1.976255300012055738e+00 -3.150457065701257886e-02 3.336782000211382382e-01
-1.172880003744040528e-01 -7.472893772661656775e-02 6.213410748851352916e-02
2.059968739245343627e-01 2.301602173038316546e-01 -9.768769350982620114e-02
-1.161625680993284976e-01 -2.062063492129134201e-01 1.091258516262019335e-01
8.092566753291398352e-02 -9.270961936414240379e-02 1.435714036601901111e-02
-5.271621211316643851e-01 6.879238162629494613e-02 1.345133245184751691e-01
-1.228388969392724128e-01 1.579738232659157748e-01 -4.108192805748797638e-01
6.344630799254175058e-02 4.848559971100240701e-02 -1.584911967945618338e-01
-1.536625523163877016e-01 -5.209535231784393622e-02 -5.024918687047841975e-04
-9.910074203118535152e-02 -3.413397483338233007e-01 2.877628462361512748e-02
9.126944516751406278e-02 1.650677669090810373e-01 2.186758132947702882e-01
-2.878472241953074218e-02 -7.592215555234406166e-01 -7.173549037645475801e-01
1.794169213365601756e-01 -2.350085856985351940e-01 9.602705724560526290e-01
3.064132067095716727e-01 -1.171455724848623037e+00 1.143827798451253208e-01
1.487790846291327795e-01 2.319198348721709935e-01 -2.206870006802406081e-01
9.299556824479199291e-02 -9.674361522652841217e-02 -1.479500524122369931e-01
-1.598936458338250377e-01 -2.335788711093122680e-02 3.070748947926688066e-01
-2.320767809689486261e-01 -1.638687938119132437e-01 -3.960653370736696988e-01
-6.017549408383945919e-02 2.621117119807602758e-01 4.217074539880747985e-01
