4.657420820557858776e-02 -1.433546065026976457e+00 -1.341427993277438668e-01
4.339557202214095605e-02 6.193906326328364742e-02 9.923602000165564208e-02
-6.456563017994589870e-01 3.529723941424597194e-02 -2.195937702731401778e-02
2.021945254111970347e-01 -1.456278841160419391e-01 3.178090453504670010e-02
1.394748138976932388e-02 -3.282283289274414706e-01 -5.562671115874038424e-02
1.227586559256871324e+00 5.744150961988274406e-02 1.631420220160306744e-01
-8.775655574517805813e-02 -7.296077767630151922e-02 4.365599387093548056e-02
2.358663281805700174e-01 2.263614188416828155e-01 -1.168021405953156844e-01
-1.364526592002323901e-01 -2.693602661491102945e-01 1.319429073980981360e-01
1.156716606739479070e-01 -4.237796667535004280e-02 7.312243534339020468e-03
-4.425280696147154691e-01 2.379173795922341628e-02 1.667194525591139120e-01
-5.216075058190962344e-02 1.544761826716287700e-01 -3.890383780780389267e-01
5.906544263313528997e-02 8.844904296422657040e-04 -9.186464655020336323e-02
-9.477284165550452222e-02 8.415110812502513138e-02 -8.615652479582545931e-02
-7.678209097529051230e-02 -2.366817240337816541e-01 1.418587238507533210e-01
7.790765393744075729e-02 1.000319094505749962e-01 1.583693713492257960e-01
-6.960553249402135628e-03 -4.496893952689695051e-01 -8.322606752772313543e-01
1.375909213874884351e-01 -7.712795775480973948e-02 9.895588638271269888e-01
1.984637860055271930e-01 -5.457780354931300870e-01 7.823295258974607980e-02
6.168036758732656916e-02 2.212097411952331227e-01 -1.771244731601951394e-01
1.612735427864814552e-01 -5.512632252510434733e-02 -1.767577107132796976e-01
-9.051658437063732354e-02 2.307537311360727261e-02 2.417317354279198416e-01
-1.657559420951931484e-01 -1.479586140523931614e-01 -3.210996537004828788e-01
-3.797890207131784240e-02 1.981398313238834641e-01 3.332020593782143436e-01
