3.813634097231836245e-02 -1.398902799937441044e+00 -1.752758509433298695e-01
6.466165747925221863e-02 5.826840211290050531e-02 1.191220256974651337e-01
-1.031259214497415755e+00 7.584343674447160955e-02 -1.116114471270860352e-02
2.767118769236128206e-01 -2.255824215479433625e-01 2.655944286021401368e-02
6.881748223844630363e-02 -3.613547796918011867e-01 -4.829100562857151224e-02
1.745425341094188232e+00 -1.662642206434722381e-03 2.848129692220597864e-01
-9.473672150353702748e-02 -6.515541066623253830e-02 6.086796958215492936e-02
2.212693563356654403e-01 2.362466795876021208e-01 -9.616766432169444878e-02
-1.480518120119684311e-01 -2.167154406867785876e-01 1.093610633417590045e-01
9.765747624938041216e-02 -6.705671125754036899e-02 1.415503369609748263e-02
-4.884177696333966701e-01 5.213985062886133254e-02 1.520667766512724395e-01
-9.273413797870176667e-02 1.453544858165971565e-01 -3.781909413018766375e-01
7.426289853879609881e-02 4.568250222040655395e-02 -1.131734768715943890e-01
-1.258529907453457275e-01 2.053849372166160689e-02 -3.041150846420585460e-02
-8.527239042986201056e-02 -2.808209811734556638e-01 8.798240354340909619e-02
7.953241649391003254e-02 1.227085198192818666e-01 1.753057998630645764e-01
-2.032342097910025402e-02 -6.024066788130049144e-01 -7.868349426951245507e-01
1.678049557514948997e-01 -1.519842799384713006e-01 9.819476788853475080e-01
2.496842037908197365e-01 -8.212022561611790339e-01 8.337443399273197775e-02
1.053874891321445323e-01 2.075715793661075392e-01 -1.957342871239294291e-01
1.276189034697365332e-01 -7.505498473748831167e-02 -1.683847560721090653e-01
-1.465179322806568207e-01 6.045159565798861358e-03 2.731136758509247753e-01
-2.094394428624921090e-01 -1.504810091448886555e-01 -3.592074283899642229e-01
-4.273013577335478541e-02 2.179963448312204899e-01 3.781877422720289483e-01
