4.311367244894025869e-02 -1.419323040076085229e+00 -1.514144524195511210e-01
5.043739534946521663e-02 6.073088145523011100e-02 1.076435337497054223e-01
-7.762225675484137888e-01 5.137517377251250156e-02 -1.867270222314976885e-02
2.286988951682853155e-01 -1.738219399840934820e-01 3.275608081292973039e-02
3.516720121317824799e-02 -3.448427543024820130e-01 -5.468645044227625485e-02
1.440125294564634117e+00 3.919931804939333353e-02 2.064241721841913457e-01
-8.852413888714846801e-02 -7.051482302730083251e-02 4.942547038753741795e-02
2.348546751690717416e-01 2.296654486996118627e-01 -1.116900970439904661e-01
-1.653137031595001416e-01 -2.541974880726184383e-01 1.152573482864339693e-01
1.099025997113684400e-01 -5.135862785459235219e-02 9.999250901133131114e-03
-4.605275882675240462e-01 3.390205846989776534e-02 1.661978764728667401e-01
-6.130934184851662139e-02 1.509970970430997705e-01 -3.815332311796548748e-01
6.728683001934399055e-02 1.432624717962701667e-02 -9.887829014009527628e-02
-1.048521292054270110e-01 5.995277590113404914e-02 -7.023362903853998251e-02
-7.934939444306356171e-02 -2.484856862969862523e-01 1.258986870854167384e-01
7.606136395178655918e-02 1.058054114142684687e-01 1.626433116019899983e-01
-1.510827465052064743e-02 -4.995854919464018939e-01 -8.191595862611172896e-01
1.495028558018584863e-01 -1.060888044229316568e-01 9.880747077592443306e-01
2.099305085932553772e-01 -6.252639145673888343e-01 8.022491165824528758e-02
7.562216463190751803e-02 2.119912548484562398e-01 -1.837638308933513542e-01
1.539197884546833206e-01 -5.932890549477152359e-02 -1.733016481162255873e-01
-1.139331614828649614e-01 1.929825125531684296e-02 2.526145004587188603e-01
-1.817682500414350977e-01 -1.510800845726039676e-01 -3.387030933901454266e-01
-3.793857416453644965e-02 2.052934655497519190e-01 3.513076460076974827e-01
