5.672242370772338912e-04 -1.182203911862893975e+00 -1.321923864488167844e-01
1.867897446992847488e-01 4.147531503128314145e-02 1.271995491123508182e-01
-1.387891307124602847e+00 1.683376121740018383e-01 -3.893240143129466507e-02
3.326730706213744115e-01 -3.428316605209701939e-01 4.053171766067781984e-02
6.245975777391503392e-02 -5.512890974891837548e-01 -3.197750076430430632e-02
1.608776043119026999e+00 1.073946597419057625e-01 2.321743793894440189e-01
-1.424694564245376771e-01 -1.119408371994355111e-01 2.138421735025522116e-02
2.114945938645265144e-01 1.735037811558780008e-01 -1.685711275753433158e-01
-1.601191967089114765e-01 -2.630800119357414313e-01 1.210524414605427812e-01
8.900827727968044223e-02 -1.051780067495885346e-01 3.993059166894387391e-03
-5.958356315611755827e-01 6.207741343532938855e-02 1.132545636327651623e-01
-8.441076379443847311e-02 2.167851673643458321e-01 -4.983049184071278725e-01
5.113627989239879351e-02 2.785077123697763876e-02 -2.551543869006389076e-01
-1.944139479922352420e-01 -1.706833304956853758e-01 2.383420275134833649e-02
-1.026644817965193107e-01 -4.047246283126110789e-01 -8.627559078506802370e-02
7.650228289442133345e-02 2.174308963579528742e-01 2.746024209211176403e-01
-1.028466923101034186e-01 -9.710659148358455894e-01 -5.992486731381155840e-01
1.502921494405013991e-01 -3.885654703484934247e-01 9.287750727393543348e-01
2.840894405925399324e-01 -1.569047505232718631e+00 1.643031378594018432e-01
1.711462852138171675e-01 2.154118844374386388e-01 -2.458181289748829212e-01
3.841279703229336095e-02 -1.324597738459983298e-01 -1.081877151218608307e-01
-1.461143547890955408e-01 -7.466197167993621209e-02 3.660385823091416579e-01
-2.373018623556314988e-01 -2.073383866069566650e-01 -4.739207883250393660e-01
-1.174174353308371083e-01 3.654853375007361405e-01 4.858146535596375437e-01
