-8.479722125728993143e-02 8.330563739289052749e-02 -1.299740022124156458e-01
-5.080549647295157234e-02 2.185472218195569014e-02 3.814422815604103650e-02
-5.319545808763536110e-01 -1.916907655921238837e-02 -1.840559841032690658e-02
1.580023442060795036e-01 -6.573328334356931535e-02 5.418091190329001744e-02
-1.200102026473101047e-01 -2.641895153323191026e-01 -7.617848786869205191e-02
1.628760565540914529e+00 2.490620760822074859e-03 2.445044672781485351e-01
-1.176148069959554766e-02 -3.238296166883326832e-02 1.730912830559573623e-02
2.879520823917608441e-01 2.373210369154711841e-01 -1.171770635399092542e-01
1.079114113400230224e-01 -1.756782503493326542e-01 1.890237312213678689e-01
7.047084064232304879e-02 1.549809442263780541e-02 3.174919256009052070e-03
-4.174645048593333962e-01 -6.233340048815035755e-03 2.466916097900455629e-01
-1.423124531058079512e-01 1.733401565010344592e-01 -3.110756875182491554e-01
6.912246755195734782e-02 1.420793052494602471e-01 -1.281896853379881906e-01
-1.172137462520763534e-01 -1.151559736197561717e-01 -1.370910958298121873e-01
1.095164116633935529e-02 -6.037950689773881330e-02 9.123315849714092041e-02
5.102904486094075182e-02 2.335739316036320734e-01 9.372459512524125569e-02
9.675850044511249970e-02 -5.650247516675369619e-01 -8.785201064254898329e-01
1.841437748634953409e-01 -8.775760204612916004e-02 7.984301447572811350e-01
3.493933228955795056e-01 -7.415255996234930702e-01 1.216257523976820715e-02
2.631196074022698617e-01 2.398791258436759610e-01 -6.787567092705672211e-02
1.984868277597558184e-01 -1.389788426946177990e-01 -1.691278742045767558e-01
4.835729554340154057e-02 7.336117414346506049e-02 2.875211990393432004e-01
-2.502598977160813698e-01 -1.986792211289202803e-01 -4.156784438490531697e-01
-1.363795364910596331e-01 2.571185274496652906e-01 4.023626257014467633e-01
