-3.670917938060071911e-02 8.762613414339796014e-01 1.450537672238002077e-02
2.132765590536926659e-03 1.077043594265058614e-02 9.152956987853921866e-02
-2.042560079017677332e-01 4.737628423608826467e-02 -4.518649083939928895e-02
1.139343108874990018e-01 -3.053514242705772722e-02 7.195141439595091615e-02
6.798793444123583107e-01 -3.779623440207536822e-01 -1.576998646325696307e-01
8.297138649218888107e-02 2.615863562360843941e-01 1.581198450032023084e-02
8.244864777816060877e-03 -6.716674035277944710e-02 -1.667065188014536792e-02
3.588520156256047033e-01 3.445539883803526438e-02 -2.942045990800020716e-01
6.953127503196822323e-02 -1.683677339213590363e-01 2.016876466412565461e-01
8.372357462342253087e-02 1.015954384931819915e-02 -7.533832208863814120e-03
-6.220209492403031559e-01 7.909162671120874982e-03 2.295409777557511910e-01
-1.160466124177159802e-01 1.318051373629213208e-01 -4.653298643381586497e-01
6.252645124023201162e-02 1.585064592775086711e-01 -2.306934110258757886e-01
-6.507640144527988835e-02 -4.331572970558396352e-02 -2.143784284099115867e-01
-1.148286503691010180e-02 -9.361654708017164150e-02 1.316122732401314166e-01
3.424633077270298944e-03 3.025125902184899185e-01 9.588564247156072806e-02
1.879731537683080600e-01 -3.780209363622640817e-01 -8.133157831530786197e-01
1.526155704976578376e-01 -9.350819978009002054e-02 7.463565271070579099e-01
4.882814524833570258e-01 -7.338103933836259696e-01 -5.925688102277591046e-03
1.946611642967711331e-01 6.581384851200705599e-01 -2.960288778129624258e-03
1.131265804323290103e-01 -2.743919144204692295e-01 -5.368070680669859845e-02
1.659140863515737654e-02 2.261287986394066585e-01 1.721225739532243615e-01
-1.179902921460139753e-01 -1.374977834400726018e-01 -2.985852450448570616e-01
-1.073611537899800544e-01 1.891782771921271533e-01 3.657220380965517936e-01
