-4.198562650842468241e-02 -3.076322083817388253e-01 -5.203426602723092848e-02
-3.497200219550612998e-01 2.170891522087062611e-02 1.944104054375237617e-02
2.932243749340289751e-01 -1.313842934000595264e-01 4.342885683240108735e-02
5.826767262832222016e-02 1.951693182341963928e-01 -4.969317990144683263e-03
4.267203388733875613e-02 6.384858828548307941e-02 -5.399312080779823664e-02
2.577339992960516746e-01 -4.878739279164406861e-03 3.394488811077173845e-02
-3.403338634570339961e-03 7.926349424327325949e-03 2.380824046120828819e-02
6.559968040983708837e-02 3.560079140432789169e-01 4.492866248043667944e-03
5.754785369711462942e-03 -3.002121826914773695e-01 2.360193433363379778e-01
1.261143759972345735e-01 1.053268462931818278e-01 9.139379145662955214e-03
-1.619974506951912252e-01 -5.734604677146040025e-02 2.245524124398359245e-01
8.983087012333524236e-04 1.409376856896977226e-01 -2.679776740376207389e-01
6.270732341976006929e-02 1.078990384693789967e-01 3.968626509878201564e-03
-3.117822167858551666e-02 3.013803495037655211e-01 8.128144579700086235e-04
-8.703369569839922507e-03 9.618695677834593338e-02 1.530200066586781538e-01
4.435144557140706378e-02 8.176881299628661892e-02 3.028606805216566694e-02
1.867481004608680384e-01 9.400683682061393431e-02 -7.697489822030291196e-01
5.193237808780835907e-02 3.955032860827270014e-01 6.295944671906756884e-01
4.707555214285658041e-01 -3.898182873090774714e-01 -7.052291680879518160e-03
2.035296941578350338e-01 1.115077274548716302e+00 1.481337230099888380e-02
1.290387734636098127e-01 -1.325209173475986046e-01 -2.445641440504580655e-01
-1.245164337458208453e-01 2.812480354054600062e-01 8.239428051149233490e-02
-1.586968765710480289e-01 -7.103833010532520364e-02 -1.643448380700350819e-01
-1.117584280442552279e-02 5.907590569810067076e-03 1.655164254315265870e-01
