3.294123392263074296e-02 -1.608171126014817487e+00 -1.209385981759700766e-02
2.495715555666326926e-02 6.323304796157826202e-02 6.512580309642311549e-02
-4.848630628393551384e-02 -3.132129571080545516e-02 -1.084894914161428983e-02
2.444121023146709690e-02 2.788856759098313348e-02 3.337673421889694736e-02
-7.970244063492801234e-02 -2.078235658813084308e-01 -2.662427042842437086e-02
7.259904719685025820e-02 1.555527822046277042e-01 3.264794101159903400e-02
-6.714044580849069799e-02 -2.028954709420708810e-02 3.273366469358769942e-03
2.030552519783080379e-01 2.386600306538632366e-01 -1.312107761580665610e-01
-5.347064561896983093e-02 -2.624001746160372073e-01 2.464398596592446145e-01
1.318875883936718452e-01 4.790828948806868243e-02 -1.240956529607705090e-02
-3.631592085755768196e-01 -3.232886197289191327e-02 1.624940547729656903e-01
1.684787820798155922e-02 1.781800026738891984e-01 -4.304464978812957421e-01
-1.218744125108849399e-02 -3.658824796604412399e-02 -4.429913033511529569e-02
-8.721716314323903207e-02 3.057099237317689733e-01 -1.203155509878835461e-01
-4.170245291132392007e-02 -1.495486523276410018e-01 1.919809142873796781e-01
1.027797477406269810e-01 6.222766873722288677e-02 9.796383795900780178e-02
8.751631121477358721e-02 -2.123117840852968841e-01 -1.027325329125823306e+00
2.200226056720376924e-02 2.150968689113449961e-01 9.246318841643679232e-01
1.711795295120163984e-01 -3.311611117510442348e-01 1.214793296015418689e-01
-4.651145325072034153e-02 2.186578629483880432e-01 -1.611294552683403825e-01
1.939356218211445160e-01 -3.746713562651286106e-02 -2.204721212778580075e-01
9.326468926165369655e-02 4.033232039925555706e-02 1.832015839235586196e-01
-1.420525016970886345e-01 -1.154110378637954598e-01 -2.067768294573484322e-01
-6.429215246709175935e-02 1.442026399324494446e-01 2.056434440902557836e-01
