-3.085360880774611417e-02 -1.048222913115713695e+00 5.052183808763289347e-02
3.726790681016700635e-02 -2.371252632894823090e-02 1.046872522927185939e-01
-2.981810142384151985e-01 5.945706322938763833e-02 -7.480957556521877772e-02
1.280248075369142258e-01 -2.871219347219852724e-02 4.938127167195090206e-02
6.396902756595077566e-01 -4.385429733145322362e-01 -1.016167381807186187e-01
1.941438651834968832e-01 2.809252259278569586e-01 -7.578236348202377869e-03
-5.935412023992053115e-02 -3.100223225452677922e-02 -1.645193572959608927e-02
4.083500115529212215e-01 8.102401439045235632e-02 -2.301713291399754002e-01
4.589104592009324995e-02 -2.058539115489601834e-01 2.608099818333605713e-01
1.141220617319619046e-01 3.105911554572799924e-02 -1.508233308298488791e-02
-6.512637804588703450e-01 5.940373838613912348e-03 1.438562563459252486e-01
-1.392009979689858290e-01 1.658765189363670678e-01 -6.141954547378993823e-01
8.819274438955661266e-02 1.251033189709514493e-01 -2.325340257184076442e-01
-8.960431663433138239e-02 1.673695948902559072e-01 -1.342335302858729540e-01
-4.307500135864932717e-02 -2.096789726023470246e-01 1.610053716832647031e-01
8.767732156051222248e-02 2.529002316443578202e-01 1.250438258458409502e-01
8.297613774914078255e-02 -3.198208891787012176e-01 -9.198612189135815242e-01
5.211845414031139601e-02 1.808498596679918372e-02 1.026593735846451194e+00
3.113618169896212318e-01 -3.926384323006956723e-01 6.071321870358398903e-02
-1.126851668734022011e-01 1.826221742549333504e-01 -1.104839317370344132e-01
1.243319685094693566e-01 -1.145751095365605821e-01 -1.531073957040010869e-01
-4.398942792849900446e-02 7.567640712531258085e-02 2.408101995706147802e-01
-7.550264587306979025e-02 -1.118157026766958551e-01 -2.476807043575595391e-01
-7.190797181682571926e-02 1.736832489248528177e-01 3.246493902101520446e-01
