-2.107015792324176129e-01 4.271484466706661487e-01 -1.753230039333086576e-01
8.598471207298914731e-02 3.847666026860106087e-02 9.718480165582080166e-02
-1.459755133537846694e+00 8.203772857335218938e-02 -7.317951776142470055e-02
3.544205492178948425e-01 -2.923611167277770373e-01 5.362407830512809503e-02
3.276512612657112022e-02 -4.623940180492612240e-01 -5.506823734293354866e-02
2.248686418661517639e+00 -6.058117939038401567e-02 3.884111809608146726e-01
-3.904232876640731376e-02 -5.904253405042458880e-02 1.642337907536057032e-02
2.938139979856436157e-01 2.237266133443368554e-01 -1.828756386548465451e-01
8.078172100001665412e-02 -1.444376410674996225e-01 1.383055569806305174e-01
3.887775535079387307e-02 -6.282855821810327812e-02 1.078674432457011646e-02
-5.304502511015485311e-01 1.916195010318735154e-02 2.498904324371535868e-01
-2.461705501739314128e-01 1.777841086761136336e-01 -3.707552420586333053e-01
1.635498963019442475e-02 1.177697191421808731e-01 -2.103300870838636649e-01
-1.823198380979888233e-01 -3.612475244827261234e-01 -9.966219870161485694e-02
-1.823706742910189901e-02 -1.268955565681118558e-01 -3.231607826274991019e-02
3.681956172466369775e-02 2.885364979052587042e-01 2.281679362960778723e-01
-3.665840479919252326e-02 -9.190742758643879462e-01 -5.679949372635388904e-01
1.677983560047685285e-01 -3.123772467853500046e-01 6.352065772080547346e-01
2.775240566774614948e-01 -1.260755870866707262e+00 5.376487963521260627e-02
3.453531084145182173e-01 2.452183127169102472e-01 -6.185679478413235594e-02
1.818011922014348969e-01 -1.836624289799947685e-01 -4.295639846499205855e-02
5.906571405043127554e-02 3.896326170005501299e-02 3.339732301715978569e-01
-2.590053678742531007e-01 -2.200580401957400456e-01 -4.527812568873882948e-01
-1.343904442068662719e-01 3.336191134106064604e-01 4.500613982158830906e-01
