-1.649929781994594891e-01 3.174546421281616571e-01 -1.576682770892358643e-01
4.434597655178308673e-02 3.092173678279916751e-02 6.990939280214179818e-02
-1.105541410284531123e+00 4.288450629528868518e-02 -7.115555258826240792e-02
2.839229015060508177e-01 -2.123587425862694666e-01 5.248250434833633821e-02
-4.212985149753459280e-02 -4.016732700301045011e-01 -7.734369736138564655e-02
2.114400259154220585e+00 -2.835442610861908450e-02 3.335625161603154032e-01
-3.296519472802652423e-02 -5.680209873398556902e-02 2.022314025686292732e-02
2.921098590264575856e-01 2.270448378808413437e-01 -1.524713183250474835e-01
1.043436654624593507e-01 -1.603658076871080085e-01 1.737239648223910526e-01
5.848628099979986256e-02 -3.688927214381625824e-02 9.481603876802802144e-03
-4.985556787421903113e-01 6.555677595638356552e-03 2.480037202988304990e-01
-2.275539610713463168e-01 1.852058194698920079e-01 -3.730631400098898820e-01
3.525309995561341780e-02 1.211809270734856697e-01 -1.893511940491333922e-01
-1.569418120218142032e-01 -2.913419205442479010e-01 -9.495402912956411867e-02
-1.310115156950392677e-02 -1.069619368989219305e-01 1.437521091943459988e-03
3.833152314823166235e-02 2.707461983486841306e-01 1.818488146038874931e-01
2.167145113543838056e-03 -8.144945912005335797e-01 -6.860888962672483382e-01
1.789791747909205699e-01 -2.458158390243359581e-01 7.197903600442755456e-01
3.280431960503583655e-01 -1.069682392633025003e+00 3.522747074653323485e-02
3.161511646237602502e-01 2.211193288939155288e-01 -8.082438819598999902e-02
1.840708261235105836e-01 -1.673464426858723708e-01 -8.299891572734420520e-02
4.315237846533160476e-02 4.495683041326554996e-02 3.154584105234186642e-01
-2.562080950681106528e-01 -2.161988226912660849e-01 -4.496030357293961943e-01
-1.378769852952617669e-01 3.128352297239426205e-01 4.431974703983013741e-01
