3.403756950210515275e-02 -1.378443016780424690e+00 -1.790938481615801103e-01
7.058979820443112008e-02 5.474927136618359946e-02 1.191494737059914516e-01
-1.157288955457012714e+00 8.938044073402554024e-02 -8.364856984987917993e-03
3.008786350255567843e-01 -2.526553319878864778e-01 2.333645819434606791e-02
8.163049802073467365e-02 -3.727972898141642677e-01 -4.531258018502170443e-02
1.849192218587566661e+00 -2.123976161445622485e-02 3.095205545473612707e-01
-1.026264561913327600e-01 -6.627240410037335550e-02 6.344036058972786496e-02
2.133027500113566510e-01 2.384950166408119077e-01 -9.287244682722033129e-02
-1.310103146772348126e-01 -2.104609636127217076e-01 1.082791183728022966e-01
9.081500399706378401e-02 -7.561168633108257542e-02 1.533471005276392310e-02
-5.001307594096927600e-01 5.830128072136328554e-02 1.464288663166909421e-01
-1.062639061962390302e-01 1.475686259847284743e-01 -3.841859855324800122e-01
7.156618711097358088e-02 5.289051023752863040e-02 -1.255472372054269314e-01
-1.356599618128298546e-01 -3.900411077350404623e-03 -1.717668826771930057e-02
-9.019678703372961681e-02 -2.994247926592332743e-01 6.864949007739110098e-02
8.410839447742735064e-02 1.360505156974696761e-01 1.884602197806212187e-01
-2.135534519931223466e-02 -6.575941001607690239e-01 -7.632005636921412872e-01
1.741386078254148206e-01 -1.779578320084245768e-01 9.754643025555088665e-01
2.723000974801418339e-01 -9.318279496596362232e-01 8.745875349508026864e-02
1.197844549768668082e-01 2.127161594107390141e-01 -2.020236908552861810e-01
1.144037025178494815e-01 -8.609342070379105705e-02 -1.614755372793155175e-01
-1.566440004495232852e-01 -1.291616207754351037e-03 2.814056241463762653e-01
-2.179913452001525920e-01 -1.526207364716559711e-01 -3.698472273823562584e-01
-4.620420040580746485e-02 2.296485553116194567e-01 3.922994165395448096e-01
