5.277197517010896038e-02 -1.481659953605430013e+00 -9.280443162147097858e-02
3.455773110213589128e-02 6.946618437254610534e-02 7.895884924356325052e-02
-3.722703034237149211e-01 2.575242021063768507e-03 -1.455982839718959060e-02
1.382038475508488296e-01 -8.423132028155989881e-02 2.838930647257909695e-02
-3.065089513458279374e-02 -2.847825279212898852e-01 -5.432898496210628730e-02
7.210061179901720019e-01 9.885385991618571289e-02 8.101354242082715873e-02
-8.499848146453210795e-02 -7.431869304756645589e-02 2.734298118260451715e-02
2.223075691160416312e-01 2.225010450970928977e-01 -1.266352597347892295e-01
-1.375171398406241641e-01 -2.992075442820660847e-01 1.548828272302028575e-01
1.272414926628716025e-01 -2.111319316846415814e-02 8.775552927667640887e-04
-4.036486917924449469e-01 5.630862973269585951e-03 1.591099376899897666e-01
-4.774800252758353361e-03 1.636141594321622317e-01 -3.934678252104764073e-01
4.082941656316353002e-02 -1.192655401002125533e-02 -7.706665864580045100e-02
-7.911124506065841944e-02 1.492562838637428724e-01 -1.028374564384046813e-01
-6.985546659708855022e-02 -2.180734535950338282e-01 1.634616451278426141e-01
8.054950972013574795e-02 9.134031443339997447e-02 1.469253456857830265e-01
1.646542857452199665e-02 -3.533664013922828140e-01 -8.617235228280112347e-01
1.072158728991497445e-01 -8.268781378057475304e-03 9.872305377842600649e-01
1.926332464745346973e-01 -4.218195883074966068e-01 7.090300861659792897e-02
2.407978763690213700e-02 2.450669620512043179e-01 -1.669159206737010070e-01
1.767765686547289328e-01 -5.179431105897842197e-02 -1.945642115460134991e-01
-5.039109781848056385e-02 3.358808388589996224e-02 2.186525214809237061e-01
-1.519901489402078476e-01 -1.387202989839614597e-01 -2.812050189240236642e-01
-4.512416078812102327e-02 1.809361626324954009e-01 2.929754687485318088e-01
