-9.850689669252638003e-02 1.686980829370844925e-01 -1.362546172118852261e-01
-3.323241426808946908e-02 1.255675542461920716e-02 3.936440626703462120e-02
-7.641016278582126731e-01 1.451123957458963672e-02 -2.770065393744861049e-02
2.049589343886024373e-01 -1.204627435935114455e-01 5.154795405236814454e-02
-1.009440378033298058e-01 -3.185883943986141942e-01 -7.752025933197385921e-02
1.862777133997525425e+00 -9.109101209468947052e-03 2.769403785522079331e-01
-2.791211385893857533e-02 -3.996299487330751132e-02 1.945422759451360256e-02
2.970382306703887032e-01 2.352106570056233248e-01 -1.263514517698920425e-01
1.121503153370803224e-01 -1.776491065002274161e-01 1.824477556239095244e-01
6.463257122526686049e-02 -2.165405402784871883e-03 6.393135735192179148e-03
-4.484044030565136896e-01 -2.091299112589403535e-03 2.497733817996176386e-01
-1.766868871121071438e-01 1.850092917402183790e-01 -3.358740773065136964e-01
4.935419999127302337e-02 1.334304439001110787e-01 -1.558573811519086694e-01
-1.346528625983450522e-01 -1.820405797102788714e-01 -1.138075718433155803e-01
1.215783733807555746e-06 -7.796994034106707883e-02 5.728086846449877839e-02
5.020613875786348462e-02 2.494179223767414577e-01 1.299156891701627736e-01
6.970581940161271750e-02 -6.669278147461611406e-01 -8.130612442908604631e-01
1.920125908992239561e-01 -1.406993779120433163e-01 7.810608441867161744e-01
3.548210014030570569e-01 -8.624553209144006916e-01 1.285644771906221256e-02
2.834222086676049246e-01 2.184907231349816903e-01 -7.508057130646236810e-02
1.805356628162511634e-01 -1.495687903080551162e-01 -1.325043382695961780e-01
3.099844286420840381e-02 6.157014993443079426e-02 2.856857954749030259e-01
-2.469367517992137884e-01 -2.056877096839483943e-01 -4.300145080716720747e-01
-1.317275837980174114e-01 2.795535359250085894e-01 4.209321057326926852e-01
