3.266913473046430347e-03 -1.170894246839330632e+00 -1.113764760493003853e-01
1.897662869164800370e-01 3.676633737450578365e-02 1.202501146062299187e-01
-1.279828414937378200e+00 1.631105682948351399e-01 -4.140401655789506530e-02
3.052100160606883161e-01 -3.218759381746664205e-01 3.992870817843666154e-02
6.631373243136361173e-02 -5.532706999140555304e-01 -3.117647214169446193e-02
1.420300014645535791e+00 1.420765402512734199e-01 1.878262887666677927e-01
-1.379999882162679381e-01 -1.171063012711339169e-01 1.390345423536130942e-02
2.043361758055765587e-01 1.666798746770329631e-01 -1.732166043695792246e-01
-1.204060572882879321e-01 -2.765350415765570058e-01 1.404324485023579205e-01
9.470342790364366659e-02 -9.806537998308256787e-02 1.280718868660878172e-03
-5.946466344195000531e-01 5.507551077924786875e-02 1.053850027342601720e-01
-8.104288327659331381e-02 2.247587913646113267e-01 -5.137604644767906903e-01
5.359710969842568923e-02 2.997224112419089731e-02 -2.593099877761653183e-01
-1.933173316708511613e-01 -1.749752615095629404e-01 2.357520737059370583e-02
-9.935435604057402115e-02 -4.077542151160924444e-01 -9.978510187871104942e-02
7.352614510551525040e-02 2.258227455796405214e-01 2.786535965924750724e-01
-1.057006252271037172e-01 -9.762367645070073596e-01 -5.979904141394432049e-01
1.364964358546421896e-01 -3.972754589087059141e-01 9.346568704187827592e-01
2.885533492896937835e-01 -1.557115266614504723e+00 1.629314086188944077e-01
1.571198472905305787e-01 2.005572116653177028e-01 -2.489690188145666783e-01
3.776636162952152348e-02 -1.373876443824265103e-01 -1.081367069145549031e-01
-1.376796947278563499e-01 -8.101896064969305034e-02 3.674425112904594615e-01
-2.305600809354901581e-01 -2.092126063748912523e-01 -4.745552642754871653e-01
-1.271135993179372536e-01 3.747883791549095900e-01 4.893083621637675518e-01
