-1.058051942558479175e-01 -9.329347397204599268e-01 6.379955446159657484e-02
-2.942291213488646973e-01 -3.515636526050122668e-02 1.236600167915800214e-01
-1.354296802808498679e-01 -1.128805757345867355e-02 -1.278757126065227234e-01
1.761822705140863587e-01 7.886487059715642511e-02 6.846278128412584298e-03
1.173292914078331250e+00 -2.133226846316799985e-01 -2.406570096029287675e-01
1.390737240005180120e-01 2.267748300884808166e-01 -6.383067991666410528e-03
-2.097166845766644180e-02 -2.435148133553050043e-02 6.941753905043071028e-03
2.013543504105230753e-02 1.179965857604469703e-01 -5.394918231785286733e-02
6.925634371309290216e-02 -1.709085296777360652e-01 2.605913509550053520e-01
9.228934042260486525e-02 5.843811804472422849e-02 -9.089769526517327281e-03
-4.978399043121278789e-01 2.091200923516942436e-02 5.966630892842987588e-02
-1.487494625413027516e-01 1.327644146455256302e-01 -5.125249024122823238e-01
1.435306804442388062e-01 1.396259360824216034e-01 -1.771037999699137389e-01
-6.302963354683117914e-02 1.875221754168734101e-01 -1.216378259198675482e-01
-2.198998452424510627e-02 -7.064359664982640397e-02 2.267080514083172349e-01
8.309246180029773721e-02 1.723724897559400226e-01 7.197219991435509223e-02
8.176559158201733568e-02 -2.141912721441081580e-01 -8.486252157812904651e-01
2.889925732859088131e-02 1.624949823719178676e-01 9.727345447285136171e-01
3.015230476382564917e-01 -2.507241885664607817e-01 4.806999698108935931e-02
-7.035922751257653318e-02 2.702103973633748768e-01 -3.876876382721983899e-02
1.855430573549282647e-01 -8.125288142384988477e-02 -2.027207698535968827e-01
-4.858378987315487008e-02 8.643378654720923482e-02 2.190159338573337833e-01
-1.099997499043278149e-01 -6.841248540371427933e-02 -1.559158650732068441e-01
-5.098269925291591675e-02 1.083881460807954028e-01 2.497470087211425549e-01
