-8.628323239876427991e-03 8.109300409464541559e-01 -2.104686176771857972e-02
1.619587452267641225e-01 -3.734664957596917773e-02 4.885710235980027238e-02
-3.947411706925543218e-01 8.854630226694440442e-02 -4.574923697074539941e-02
1.177277702552695510e-01 -1.002652951232071987e-01 6.223271401099227801e-02
2.843844693657181510e-01 -5.543358954645567493e-01 -8.111216395953461944e-02
1.676710578431158116e-01 2.847882642731565106e-01 1.321309857370124054e-02
-2.213849643352110846e-02 -8.466456131358189585e-02 -2.638059190702657028e-02
1.787804762039564288e-01 2.224025314536031903e-02 -2.140786313523646844e-01
1.100797080065894218e-01 -1.585354717764152765e-01 2.515530209716307919e-01
9.356068768406487768e-02 -1.440260588743188901e-02 -8.429768840333744240e-03
-5.369180414814177515e-01 5.413930062683933175e-02 1.256275186690801737e-01
-1.076233687859667887e-01 1.313881425997212304e-01 -4.710524440663371171e-01
2.040522087367140081e-02 1.525900289075185490e-01 -2.555020681857660958e-01
-1.200211932694384004e-01 -1.554067327342035787e-01 -1.461791268615149630e-01
-1.339528070134953647e-02 -1.536571393196362323e-01 -3.719995158437187227e-03
-4.742397219036750128e-02 3.196289387878141208e-01 1.637262781591176664e-01
1.646921748571653077e-01 -5.577257650643856479e-01 -8.423323202494896744e-01
1.889659541247858121e-01 -2.291936371839634057e-01 8.051389188807156483e-01
4.544385390632151855e-01 -9.730981035368420073e-01 6.425710112078455993e-02
3.021945523019116675e-01 6.832655644649778814e-01 -6.639461761749927693e-02
8.343064034840282084e-02 -2.802220276364182361e-01 -5.733260377170549399e-02
-1.750073986559507258e-02 1.919272894516982353e-01 2.362625772979379257e-01
-1.394088322036148853e-01 -1.399424215017585904e-01 -3.239734326035945133e-01
-1.139138188709685751e-01 2.354696082561248960e-01 3.911148448268949029e-01
