5.217882256785876666e-02 -1.593103918355559978e+00 -3.491144212369255706e-02
1.641448389058340965e-02 6.789028051139417430e-02 6.961319579122958456e-02
-6.169851271233810219e-02 -2.890429428994231373e-02 -1.233258925587707618e-02
4.122303405508202789e-02 1.343939065803762684e-02 1.935443364713074210e-02
-5.456731650003963235e-02 -2.086770042025702654e-01 -4.133565621923247779e-02
1.014181760804466204e-01 1.659251162953770120e-01 2.981378896472646270e-02
-7.259521926787375345e-02 -4.390313536212606116e-02 1.170321145678982107e-02
1.882886442823736850e-01 2.395044604442456981e-01 -1.204505513604559180e-01
-2.890047655113572173e-02 -2.679465766665001802e-01 2.580040715325871981e-01
1.396844397958082185e-01 3.030584623410603057e-02 -7.758787352395218537e-03
-3.674969213937295809e-01 -3.030622920450252653e-02 1.508548053957300961e-01
-5.039555463461895847e-04 1.779292709859227328e-01 -4.529540714799235590e-01
8.816005986001523723e-04 -2.140810304348108456e-02 -5.082687531876208670e-02
-7.671837681288810884e-02 2.789892259223645254e-01 -1.006600639209286746e-01
-5.480119488451314774e-02 -1.796497704006750074e-01 1.803954654270996660e-01
1.007456782161950809e-01 7.823377762873530428e-02 1.231093168894402817e-01
5.585613177578643840e-02 -2.349329190282027913e-01 -9.691863761315031578e-01
2.364491676258746733e-02 1.679016743348396012e-01 9.636717978385740402e-01
1.780519605249131776e-01 -3.305288802197436926e-01 1.095003024036491635e-01
-7.079168415579070728e-02 2.347332883351682664e-01 -1.689120308857524622e-01
1.841584168187749559e-01 -3.832272522369013779e-02 -2.255288830186450433e-01
2.770278772224313638e-02 3.366943833157653998e-02 2.002773181608157593e-01
-1.426307930301789206e-01 -1.119751309590296812e-01 -2.111987627686301161e-01
-5.471404151547482747e-02 1.439790228513198600e-01 2.189390327811710779e-01
