-1.164917685530808961e-01 -5.102163628995778355e-01 3.188828793752486457e-02
-1.116526663079057791e+00 -2.044318237119842063e-01 7.596203531308887147e-02
1.693230089794830473e-01 -9.343345131857262731e-02 -4.123021370504786204e-02
2.929673643546263362e-01 3.170478006755871325e-01 -2.732257439233449006e-02
1.391183871019060936e+00 1.450940589451947538e-01 -2.739545768515230795e-01
1.947975132652009500e-01 6.664015400179358617e-02 -1.803836446855120249e-02
-8.048464711230926549e-02 7.878505231033870043e-03 -2.504429766604666582e-02
-2.123013668477904091e-03 2.863363304301555501e-01 4.064822262595998298e-02
2.034706762971527985e-02 -2.692136420508611794e-01 2.657992730632878775e-01
1.013645054611717611e-01 1.557953231335292010e-01 1.911630780342542593e-02
-2.244771037438936800e-01 -3.162526954034376031e-02 2.197673184237639854e-01
-1.392599030804791693e-01 1.013316117840214331e-01 -4.751049219631861553e-01
1.160886501594106252e-01 2.438762705950350482e-02 -9.248224667480225980e-02
-4.309257250810354795e-02 2.895196779169516565e-01 2.073602709150509926e-02
-6.087400649606910380e-02 2.261659255086229114e-01 6.474107224342681710e-02
-2.303127356178126875e-02 1.213590318596749484e-01 1.262168191397853856e-01
1.906084688175706532e-01 3.031072910805110432e-01 -5.745407112979991071e-01
-1.583040920716248245e-01 5.340429282235840125e-01 3.384079870410427460e-01
5.223955862964748675e-01 -2.763087019995553173e-01 3.600157503413568827e-02
8.070435463771004347e-02 1.546702315002033368e+00 1.452633060053252177e-02
4.158221306447938692e-02 -1.469395882030281597e-01 -2.745459683363835612e-01
-1.910892202164090614e-01 3.844226703057316286e-01 4.006157740887753699e-02
-1.858651127933067318e-02 -1.288846406226755968e-02 -3.431617168380934890e-02
2.183968291658851604e-02 -7.785355533706754538e-02 1.270934963844831678e-01
