-1.907168593362860709e-01 3.739168218578841074e-01 -1.686184805293305111e-01
6.488446048230132879e-02 3.695115808171186428e-02 8.427863268933211138e-02
-1.293525806033839931e+00 6.425306194234403634e-02 -7.389513485603670107e-02
3.245958990648405429e-01 -2.548610619427935653e-01 5.438884710078988743e-02
-7.084148625447184676e-04 -4.304765140209754759e-01 -6.739041985521855571e-02
2.207483799623289666e+00 -4.303570058886144190e-02 3.635460014203556467e-01
-3.630936439536008864e-02 -5.847628442062725168e-02 1.856377590934183905e-02
2.937811241286988895e-01 2.284714954283464106e-01 -1.679920236200960204e-01
9.287875367544949634e-02 -1.528323366907094194e-01 1.580635079701255552e-01
4.826301781385755607e-02 -5.049152838789125464e-02 1.043769860613642797e-02
-5.181172527266079131e-01 1.087381997417490552e-02 2.524662433119606586e-01
-2.417283349052577190e-01 1.837077670391506490e-01 -3.777052442928429676e-01
2.344057819765438949e-02 1.183355848538920618e-01 -2.009990254568457257e-01
-1.703660356922456487e-01 -3.321338410731320967e-01 -9.736672792024689271e-02
-1.641421142233173702e-02 -1.150179147135355906e-01 -1.588231887643037910e-02
3.843773217452121915e-02 2.800277378113339433e-01 2.066903234827506264e-01
-2.165758940611388697e-02 -8.721935401187970172e-01 -6.224116535803410066e-01
1.727524503426925706e-01 -2.816598829788813374e-01 6.769998318526805337e-01
3.026305391489769181e-01 -1.167893530711777927e+00 4.616917604921791374e-02
3.298170291504359808e-01 2.317862573173326002e-01 -7.232041333779577752e-02
1.862965153794830242e-01 -1.750384677739267314e-01 -6.068561780180368320e-02
4.976000698656719151e-02 4.173491170967941893e-02 3.254552945905412331e-01
-2.588610149705350416e-01 -2.202773033339210929e-01 -4.537007424403841083e-01
-1.363949630326722062e-01 3.249329323701366512e-01 4.482916220122134532e-01
