6.189666517711018418e-02 -1.522241722119499485e+00 -8.017309405755464191e-02
3.047916833168975645e-02 7.713220911600815466e-02 8.433856924378090036e-02
-2.425541107207554725e-01 -1.163566189451989939e-02 -1.218180490133342203e-02
1.023893067897568010e-01 -4.974625215377782850e-02 2.410490074375819941e-02
-4.564401558594152752e-02 -2.546338648794335136e-01 -5.355969893696239936e-02
4.633888468604713262e-01 1.296776878836976010e-01 6.624089339335202664e-02
-7.760354229864549480e-02 -6.941964727824934123e-02 2.509812705555956175e-02
2.098804606595238154e-01 2.227754410738810309e-01 -1.272429782268350573e-01
-1.069723357976852668e-01 -2.820407653753398969e-01 1.882171213570703328e-01
1.326907345453579579e-01 -7.847149409903116102e-03 -1.752115185318802891e-04
-3.896459364571956963e-01 -3.374922645465209311e-03 1.506390233343473106e-01
5.095559194102486193e-03 1.625267055057962318e-01 -4.056720451910667546e-01
3.226166399753802733e-02 -4.805838521975845136e-03 -6.402663824538007420e-02
-7.421167114787768915e-02 1.884879289836490779e-01 -1.002951759019782840e-01
-6.430511137791382337e-02 -2.103479780283562806e-01 1.706043888387468732e-01
8.138272751657871229e-02 8.311683533049306349e-02 1.378087336086883941e-01
2.527120005285591817e-02 -3.137581899210350467e-01 -8.847775755362181638e-01
8.437178481194641810e-02 3.372441636060610759e-02 9.885528354685633179e-01
1.909409689817911926e-01 -3.830133682498557124e-01 7.541549590782294088e-02
-4.653830555880133016e-03 2.505579628184105290e-01 -1.677002237955913244e-01
1.811551954050835411e-01 -5.468830665715487122e-02 -2.009946502982878358e-01
-3.190983961393679957e-02 3.702830900156838662e-02 2.084473768530156201e-01
-1.516282430182879226e-01 -1.262404038206087209e-01 -2.542942656428611725e-01
-4.833722873473120241e-02 1.653873665756044609e-01 2.671399597694613659e-01
