-5.231959368719265452e-02 -1.233945383853555650e-01 -8.426764177353364416e-02
-1.433372470104017915e-01 3.067685996493959774e-02 1.858506041656342658e-02
9.499704507242506812e-02 -1.335353706988625377e-01 -1.676978417101126009e-02
3.822831562795354216e-02 9.139620702571407684e-02 1.563626462437639128e-02
-9.803228534375922620e-02 -1.116597652073191699e-01 -7.789081588914283094e-02
8.385642462357671967e-01 -2.350298950379012958e-02 1.025247481923185627e-01
1.790812670132721496e-02 -2.400400925318759565e-02 1.466943673730958415e-02
2.028551623319044817e-01 2.851757835253458384e-01 -7.749898799164571528e-02
1.889670116605898786e-01 -2.652925844985976611e-01 2.301855201682551089e-01
1.051365274506359943e-01 5.725005857528257802e-02 -5.491784732279579410e-03
-2.962268913493014133e-01 -5.555934288864104731e-02 2.533756511117399857e-01
-9.545210631874903595e-02 1.676141521785943500e-01 -2.737323447928657338e-01
5.885645187073137996e-02 1.347689222438502588e-01 -4.257997399885204981e-02
-5.726317154665584025e-02 1.007159106970097057e-01 -1.520902456914874357e-01
1.708744528859044293e-02 -2.134643440720915622e-02 1.816266167080050897e-01
6.823415370322698237e-02 1.763712370557658227e-01 3.875770874574561986e-02
1.520905178689631043e-01 -2.556227205630130506e-01 -8.924425714207382399e-01
1.645872661384603364e-01 8.097783207840536512e-02 8.021955902609814171e-01
3.558212208230784324e-01 -4.544538013116708464e-01 -2.550798846307125028e-02
2.227810503461132574e-01 5.007610103006713276e-01 2.606954968496512891e-04
1.922361170172000588e-01 -1.366840077897015782e-01 -1.924887671353208707e-01
5.213295683059539221e-03 1.433580831845760462e-01 2.106775000633622497e-01
-1.967415501703772551e-01 -1.499933287427225592e-01 -3.249827360071375626e-01
-8.396969920927453701e-02 1.710951952135146281e-01 3.066346420773590764e-01
