-6.458362424019029047e-02 1.106550878240845526e+00 1.592044613511292006e-01
-8.641124113005685947e-01 -1.643006947017903729e-01 5.701653506228241720e-03
-1.644653567896385213e-02 -3.768429339331932221e-02 -9.934038136665990226e-02
2.861513900377455899e-01 1.861060444292225169e-01 2.305878683468157424e-03
1.715277267090969726e+00 -3.360246359431264679e-02 -4.239740853469082804e-01
1.892468860708280132e-01 1.823932346876232236e-01 -3.781734869358541890e-02
-2.183865718613357473e-02 -5.825209076644445594e-02 4.389854527315411930e-04
-2.210383864163292245e-01 6.710552683071728530e-02 6.446208080224533066e-02
6.880738955465394435e-02 -2.015775597575213962e-01 2.152512204635740056e-01
6.492057407896047183e-02 8.435606014211292913e-02 1.003653930010049190e-02
-3.629167444367775719e-01 6.109642402617117274e-02 3.221603202443609759e-02
-1.358906864664801151e-01 1.066859445537615969e-01 -4.069956290039036251e-01
1.380931069049270987e-01 7.739852465974332574e-02 -1.724678779579232879e-01
-2.079499438887481150e-02 3.447956995523194373e-02 -1.118753101400288413e-01
-1.260789011061933147e-02 1.417026582085297581e-01 1.564876181219268247e-01
5.103053045708543477e-03 1.783660047457099329e-01 8.778661124577973041e-02
1.959341883386726269e-01 -3.870875044336448412e-02 -7.294590640432936368e-01
7.101269277578236335e-04 2.205150380809480781e-01 6.817364725738449538e-01
5.159414914715765299e-01 -3.188900184394126702e-01 -2.677506260405009691e-03
1.110627141186171091e-01 7.977349348022833020e-01 -2.912198996273170082e-02
1.487074334355676652e-01 -1.480935213306376896e-01 -2.215580333784168687e-01
-4.129947409000376407e-02 2.222457941543251325e-01 7.554571206897109370e-02
-1.169139308205109362e-01 -6.377933136822953875e-02 -1.082624078055690192e-01
-7.804584989736051970e-02 5.798959219283014027e-02 2.419097266607280194e-01
