-3.288557032111499162e-02 -2.837379740317315657e-01 -6.101341527455979991e-02
-2.917865548675840914e-01 3.720197103940942052e-02 2.652811842948375742e-02
2.975633408548656877e-01 -1.399114667566645487e-01 3.802119957731472238e-02
3.866579975905118371e-02 1.781342730049895462e-01 2.940901073462906870e-03
-3.005260679984825267e-02 3.049571376277812954e-02 -5.929944599560795643e-02
3.124535030881105402e-01 -1.099358687148358632e-02 4.329750070565407949e-02
-2.297907555471167401e-03 2.471218843887651017e-03 1.910079777807042675e-02
1.262299282940853862e-01 3.311536556565176648e-01 -3.188816082888096259e-02
1.494212164581487645e-02 -3.019350711044710422e-01 2.309974785588153057e-01
1.301458885360675388e-01 9.556485271197616427e-02 6.704572546170337911e-03
-2.033642693855228500e-01 -5.742009810919132540e-02 2.333781390198987338e-01
6.656679245760837660e-05 1.472683322886366719e-01 -2.735673844144796418e-01
5.433579891607569212e-02 1.305674437407697286e-01 -2.805019294247201433e-03
-3.556730430335190707e-02 2.742889902773774646e-01 -1.980361760818425548e-02
-1.611236643416595875e-04 6.417997765944602473e-02 1.565457871406877588e-01
3.996598699743150046e-02 1.001323035909833792e-01 2.029846913283270965e-02
1.842712679151879418e-01 2.712436127401372798e-02 -8.339599201143804708e-01
9.040893162638055647e-02 3.270306476041879851e-01 7.036168079850526613e-01
4.680522879348745224e-01 -3.972837296396258266e-01 -6.900061652233268348e-04
2.292971295713503721e-01 9.801556758386813506e-01 4.638339522191486236e-03
1.604031729691239028e-01 -1.275854094505710079e-01 -2.373339717163282514e-01
-9.138211018921274520e-02 2.496680002597538306e-01 1.098895108497219969e-01
-1.780194412850126251e-01 -8.927085093293163354e-02 -2.006029934382017044e-01
-3.464340506771845102e-02 4.452009890860083446e-02 1.954310029761387457e-01
