-1.034710518144596886e-01 -4.811859466819127795e-01 1.660871460973377053e-02
-9.426905503766985772e-01 -1.647777023907993632e-01 6.230975867187837913e-02
1.966404228877537408e-01 -9.465577125937828240e-02 -2.182881166473787243e-02
2.392536165996466957e-01 2.990163210417910444e-01 -3.287849932889282123e-02
1.128579768170681064e+00 1.488568093543893300e-01 -2.064358679545321984e-01
1.990347042884361428e-01 5.647870099628449908e-02 -1.098615533160339323e-02
-4.874882758095275270e-02 1.469606495716128600e-02 -9.519211601186365959e-03
-8.174008997098065887e-02 3.504046788463372475e-01 8.251407301562593832e-02
9.948537218896186252e-03 -2.706107309612463818e-01 2.586556479385617724e-01
9.799023047097173145e-02 1.504350787330235306e-01 1.529613465649417442e-02
-1.631757081062085168e-01 -3.938767425776235759e-02 2.045903878902722572e-01
-1.077473962676250147e-01 1.049128965390941637e-01 -4.038431606784241845e-01
1.083752785662434048e-01 4.087616721958713811e-02 -6.408808563512652379e-02
-4.066236387114021550e-02 3.042770853450433299e-01 1.823304999116959549e-02
-4.851070304456199522e-02 2.148674487825686652e-01 9.208266444056839584e-02
-4.172670170548294956e-03 1.053601896772964758e-01 1.037349257252132700e-01
1.879651384079177312e-01 2.766846272689049702e-01 -5.841106218569039887e-01
-1.307149562354988359e-01 5.402255573788355969e-01 3.624803016569006497e-01
5.031806416632612633e-01 -2.918915928674025717e-01 2.319318955459342968e-02
1.002601661222108920e-01 1.491962194947186848e+00 2.507982821296446743e-02
6.267046778193248457e-02 -1.407393187514192623e-01 -2.697950121561384362e-01
-1.818328718228184593e-01 3.708721100069352072e-01 3.966541738846701692e-02
-4.185797592972827913e-02 -1.224246351111382518e-02 -4.062668681660162179e-02
3.515134014596624917e-02 -8.041938885997423903e-02 1.211132361889479397e-01
