-5.335344206316759014e-02 9.453846383454880264e-01 8.003246270285944985e-02
-3.137488919900714435e-01 -5.505252907378147681e-02 7.227305928740004881e-02
-8.310125692467426606e-02 1.199892562675350209e-02 -6.868946068054285203e-02
1.593514601059226321e-01 6.674105996365978233e-02 3.066903586816781616e-02
1.190907839156121417e+00 -2.411932339681124027e-01 -2.693407874579255568e-01
8.578793816989711829e-02 2.377152517516149255e-01 -4.988879822955348715e-03
2.915678798358879720e-02 -5.687869192806875585e-02 1.375812451064307128e-03
5.704475793625970320e-02 5.155833857600288644e-02 -1.247384646521556284e-01
5.122168947684996310e-02 -1.606926687005388321e-01 1.855235380722853877e-01
5.500488366973987214e-02 3.979416661937904692e-02 -3.685374846197525620e-03
-5.030072641271603473e-01 3.826529525323591613e-02 1.296609232348044094e-01
-1.113149489741647458e-01 1.027091333421685931e-01 -3.925374328041492111e-01
1.211042083390042046e-01 1.553264233029530428e-01 -1.997271679242779430e-01
-3.601139384114640518e-02 1.514879994374994029e-02 -2.203884458238557775e-01
-4.933376672077966797e-03 -6.090883449005476957e-03 2.138067597712197399e-01
2.773493942332244666e-02 2.499086830805558046e-01 6.336482836686488374e-02
2.042782423067787956e-01 -2.222568002278956234e-01 -7.688377825852822367e-01
9.583411169451125367e-02 3.875857016700772623e-02 7.316297292395126384e-01
5.005890102656106455e-01 -5.006621073759555118e-01 -1.608051299829045891e-02
1.220065145222613279e-01 6.565983096533205554e-01 -1.829819945408289045e-02
1.713806252070658731e-01 -2.245866937870609203e-01 -1.202628710646966720e-01
1.031679541194220964e-02 2.232864731650134882e-01 1.231888182094291045e-01
-1.232128411229317794e-01 -1.004656697704345708e-01 -2.116193190341753017e-01
-8.309005053797027807e-02 1.240866726212676019e-01 3.200461689458499182e-01
