-1.854596177716592983e-03 -1.199421840957364482e+00 -1.507008999758630285e-01
1.847814379517524752e-01 4.674856278438907498e-02 1.320987560411595041e-01
-1.458719284767867830e+00 1.664960127587588323e-01 -3.492793453607783566e-02
3.495724591763170741e-01 -3.551472290274110821e-01 3.884371514073059473e-02
6.081483937949113544e-02 -5.418010739244243368e-01 -3.328791173960654604e-02
1.753277845179076699e+00 7.157750225903740382e-02 2.704380779122830258e-01
-1.402818479301774224e-01 -1.055594980156757678e-01 2.881418248627583972e-02
2.135438163457682725e-01 1.794003877614328279e-01 -1.609308109158587019e-01
-1.893556218695239268e-01 -2.483215647539100124e-01 1.045154909620523292e-01
8.383694232024428705e-02 -1.093628049942316077e-01 6.097227700966509865e-03
-5.921162824281523962e-01 6.917983409304122311e-02 1.173644800244322550e-01
-8.581500653576956683e-02 2.057071451884889546e-01 -4.773687545021053080e-01
5.249424162665897176e-02 2.975052059773586680e-02 -2.442699343266821199e-01
-1.905838229436224440e-01 -1.590807299255551921e-01 2.106299229423645378e-02
-1.025350729879313527e-01 -3.980242450782061070e-01 -6.899332293781774983e-02
7.824513271662789093e-02 2.078671789054858665e-01 2.669970294862809568e-01
-9.182989333327773451e-02 -9.508965395690329725e-01 -6.105834585993710206e-01
1.615786739202212663e-01 -3.731659523335482675e-01 9.273880709856793247e-01
2.889105738524300193e-01 -1.563860766461744323e+00 1.620903884972637876e-01
1.805542764774141218e-01 2.302436792874468507e-01 -2.434174528187344477e-01
4.334845241165376228e-02 -1.303728624857637408e-01 -1.100887773457506769e-01
-1.519810506807514339e-01 -6.507940506603453190e-02 3.594827856212259309e-01
-2.453280517429495822e-01 -2.026763582978440004e-01 -4.693432807848049726e-01
-1.077961059512317771e-01 3.514366569840934873e-01 4.795397074358198064e-01
