1.436712469978423945e-03 -1.158524916326140186e+00 -9.092500054718363756e-02
1.977640752483946773e-01 3.393258795191716332e-02 1.117324590123870420e-01
-1.125937413852246216e+00 1.478038705553850474e-01 -4.733234684057297664e-02
2.714767718602278390e-01 -2.929441097577011877e-01 3.884574227873770214e-02
7.665696226008421321e-02 -5.524297987615343075e-01 -3.124882954027205853e-02
1.171973726431213780e+00 1.800802372151967534e-01 1.339774899198647451e-01
-1.282824116374492174e-01 -1.237992877572328121e-01 6.090176158820724897e-03
1.927590509769853133e-01 1.555278630264618767e-01 -1.775864289117867201e-01
-7.569236494723673159e-02 -2.884054765931944320e-01 1.645259515143282780e-01
1.038600119527940818e-01 -8.933546554417076679e-02 -1.347799132874001951e-03
-5.913034344539289666e-01 4.865255663004289244e-02 9.333864293225040132e-02
-7.603441266625654560e-02 2.290277411363307591e-01 -5.281522590389448046e-01
6.098121422301808203e-02 3.236115962696631265e-02 -2.600849987524844753e-01
-1.850593134063739653e-01 -1.753376425528909988e-01 1.725521460393144094e-02
-9.378591753176497570e-02 -4.073141673551533004e-01 -1.096580555701911486e-01
6.615975913572338940e-02 2.352106137811695585e-01 2.807359103959016222e-01
-1.003034484022377604e-01 -9.644617691781913749e-01 -6.090029212293079919e-01
1.174300800649405868e-01 -4.026398383761241595e-01 9.432254570082480027e-01
3.053976520437666209e-01 -1.526804722365126432e+00 1.567542444473768171e-01
1.376635500715923111e-01 1.888952743018014468e-01 -2.517372784302289723e-01
4.060440344720944728e-02 -1.481242914158474033e-01 -1.023891062937997143e-01
-1.222992926681279735e-01 -8.189427015758239670e-02 3.595696877935613545e-01
-2.224031183779830168e-01 -2.086233808910175624e-01 -4.723510560154550175e-01
-1.383033186799188241e-01 3.792539758387830084e-01 4.909491837713566009e-01
