-2.494112349397514805e-01 5.568342796033117770e-01 -1.607249320254890423e-01
1.721170657592694664e-01 4.418792543189008215e-02 1.197720385768586832e-01
-1.661314345696223604e+00 1.209915461002138287e-01 -4.928928628650310756e-02
3.896549864449237455e-01 -3.580230821213678527e-01 5.827316237774954333e-02
6.535858164379113044e-02 -5.830232519409590530e-01 -3.854763387480052150e-02
2.181387370667769332e+00 -5.464849334370342621e-02 4.017890014162585621e-01
-3.271422535907509560e-02 -7.039944903036908508e-02 -5.449945968704648924e-03
2.839415693044607947e-01 1.977766684571783395e-01 -2.406898188170131236e-01
-1.494845252456252216e-01 -1.833071890072595633e-01 2.149423286947066761e-02
2.480006029302022838e-02 -8.821242854350860862e-02 7.153691880931152026e-03
-5.529593398119929670e-01 3.745748947441726595e-02 2.578063269690276660e-01
-1.641608627771053708e-01 1.726103055247081575e-01 -3.108564661769206428e-01
1.911461685786161949e-02 1.164365593626939949e-01 -2.420853286786448788e-01
-1.990817927911086860e-01 -4.201072516611443763e-01 -1.183910943187005127e-01
-1.724235465252027186e-02 -1.455966369456239695e-01 -6.441700411237641366e-02
1.835568909336372095e-02 3.135390260220467518e-01 2.598908860124543030e-01
-7.739990357670728516e-02 -1.011727685015974876e+00 -4.458653503357591918e-01
1.539868040352768697e-01 -3.847192131596629538e-01 5.387483621176291093e-01
2.183890313955514917e-01 -1.457840161160957715e+00 6.608796761798542418e-02
3.734473239968197911e-01 2.738984769694086663e-01 -4.535556444956348465e-02
1.882449114787741740e-01 -1.995696930930435653e-01 3.613060346827570539e-03
6.360188466949048824e-02 4.141179221777339936e-02 3.354734898032487034e-01
-2.749274701684027433e-01 -2.320094507952326079e-01 -4.772443785111086800e-01
-1.293525163882994489e-01 3.631880464218691928e-01 4.675100358176690341e-01
