-1.628081344557890942e-01 -7.419514528402233466e-01 8.914480806894313492e-02
-9.651518311624686097e-01 -1.458672839601632687e-01 9.393611343180961748e-02
-6.252940034854456708e-02 -7.702204442551055519e-02 -1.565031320863102537e-01
3.167618820305324046e-01 2.157430203674271796e-01 -5.387267235059205878e-03
1.813556358046929162e+00 4.050475850002506744e-04 -4.222619251446119715e-01
2.096091141210899567e-01 1.489407609042650016e-01 -3.161950887474423294e-02
-6.956738570483465833e-02 -2.459793199037619421e-02 -4.557845740786794358e-03
-1.119133023283585687e-01 7.967875905490832966e-02 2.435747246085068207e-02
8.204500792892924221e-02 -2.151419112306038883e-01 2.485801891887341186e-01
8.068674792138823271e-02 1.024702832476052927e-01 9.674524538789188929e-03
-4.223573962255060543e-01 2.734322246867972039e-02 4.883011256649189696e-02
-1.755839735536614821e-01 1.395246429619015904e-01 -4.944267706817669361e-01
1.281890736344928061e-01 7.123298166192600089e-02 -1.394728474063661738e-01
-5.152031148798992544e-02 1.700509623590558128e-01 -5.834236027400335062e-02
-8.220685268760297149e-03 1.036133841385868393e-01 1.774971297337066545e-01
4.928173421703564705e-02 1.047775974568861818e-01 9.276154831801741718e-02
1.149393058771563392e-01 -3.915958135890142133e-02 -7.161990357897581871e-01
-9.632233211725590646e-04 2.753218602509189816e-01 7.718263403285582358e-01
3.896544473121953955e-01 -2.450355957530684359e-01 3.693177752676346515e-02
1.023370831324610514e-01 6.024550030682871427e-01 1.592240825457489142e-02
1.705493766578398962e-01 -9.009698615044306469e-02 -2.183704004804798426e-01
-1.213503777882091184e-02 1.614067657449668736e-01 1.240863128089445822e-01
-8.745642831363018010e-02 -5.756139691142019704e-02 -8.496040869025757447e-02
-6.416850564138408541e-02 7.528194194328564903e-02 1.846544295890025777e-01
