-2.393176637713341492e-01 5.187395150842368796e-01 -1.721662767731819976e-01
1.377180516882073047e-01 4.489150329113075766e-02 1.183770603720211978e-01
-1.634516001516333139e+00 1.085308397594836188e-01 -5.782425580085229222e-02
3.851190680898365359e-01 -3.435166265624096105e-01 5.789284438476317851e-02
6.595176830802904067e-02 -5.439595078430965458e-01 -4.354409880445145320e-02
2.234785568790604415e+00 -6.917011060905511877e-02 4.082762520792841410e-01
-3.622323170131402925e-02 -6.595729028864853738e-02 2.926556388630200366e-03
2.878553236853987340e-01 2.062586915112821773e-01 -2.247703962506354403e-01
-1.039717135943005466e-01 -1.714030093838604107e-01 4.310561622641659318e-02
2.643177039643597112e-02 -8.259274300331681529e-02 9.684687206678125118e-03
-5.458703375925482160e-01 3.473246118237263702e-02 2.558002505544167415e-01
-1.822659485554198322e-01 1.710799244656127094e-01 -3.179356051125574179e-01
1.730524848665660614e-02 1.183232743055746411e-01 -2.284432753297547525e-01
-1.954549102225585366e-01 -4.041838909151809212e-01 -1.121170667137529608e-01
-1.775164777675742461e-02 -1.394614306527283132e-01 -5.428546314138837231e-02
2.536865875375158771e-02 3.041515876982452404e-01 2.503327937247514234e-01
-6.624189953751612181e-02 -9.897751961942792276e-01 -4.769140842688309734e-01
1.596554132907508361e-01 -3.647743394747928747e-01 5.602518786606236478e-01
2.323141334535590574e-01 -1.408244618972626316e+00 6.008110126480142171e-02
3.672711842836921536e-01 2.666651350372929441e-01 -4.578998516203228869e-02
1.843496808060246239e-01 -1.931695764724652431e-01 -1.139100611188911469e-02
5.928365194439678271e-02 3.972829845873574600e-02 3.365506089453642047e-01
-2.733970926665556522e-01 -2.287006659528845187e-01 -4.706981867889505899e-01
-1.314703974270916842e-01 3.550052968295165368e-01 4.624593971344154730e-01
