2.875695986213441108e-02 -1.076538799960673920e+00 4.789613031865318921e-02
2.003026764266450654e-01 7.595389948365451407e-03 1.071945643942569665e-01
-5.321021438435532547e-01 8.686227147891772971e-02 -9.147929434976229124e-02
1.231918745184443220e-01 -1.435554233143575276e-01 4.890694169190146212e-02
2.265030910390808117e-01 -5.357837841757394637e-01 -2.492338588001801261e-02
2.942937218766770724e-01 2.930693649783981392e-01 -2.330730251605745828e-03
-9.205815328450671353e-02 -8.440068529041472312e-02 -7.442190682066017818e-03
2.486167139634403722e-01 7.930197567583922857e-02 -1.901685184672313733e-01
7.267987579718911129e-02 -2.089145786819815998e-01 2.735285440370582299e-01
1.180093904889685935e-01 -2.490455575727768336e-02 -1.263828095807924962e-02
-5.813515424693108669e-01 3.936706574385978596e-02 5.437214626056159628e-02
-9.827000632993870832e-02 1.661913124246151008e-01 -5.711552463210295416e-01
4.448865916260481140e-02 9.277771956523497843e-02 -2.490948674728472312e-01
-1.217559606515586229e-01 1.471436010852958214e-02 -8.960437811284850673e-02
-6.518908175961064810e-02 -3.444494347490637542e-01 2.009687997128590045e-02
3.479169517130852735e-02 2.735036582788919479e-01 1.896265042901540687e-01
6.920518084224955291e-02 -5.696709139573287173e-01 -8.703916084131969599e-01
5.597277422286140586e-02 -2.124967149617185413e-01 9.906255230993746830e-01
3.860475912666107567e-01 -8.335385860367918731e-01 8.964135159246564011e-02
-2.737429311080333619e-02 1.498151669140599385e-01 -2.159933599445445496e-01
7.612361918037158226e-02 -1.671500059049507991e-01 -1.033554382441369407e-01
-3.185580504330318141e-02 1.412485867804861607e-02 2.457953235474154008e-01
-1.153068210098345814e-01 -1.413773155315495855e-01 -3.192090905198342043e-01
-1.171475433955224549e-01 2.572750007517909943e-01 4.009079190258040271e-01
