-1.739303954993858068e-03 -1.219746611394901814e+00 -1.635343195946209194e-01
1.771677659149460127e-01 4.880012181375997793e-02 1.327973578897347906e-01
-1.499025642536825353e+00 1.623574603883779777e-01 -2.925009651523547902e-02
3.578634459178530181e-01 -3.594164645328742913e-01 3.503346848152458226e-02
6.242881240852372199e-02 -5.242289359142359162e-01 -3.487164597898980561e-02
1.861434431718311355e+00 4.036527524293193059e-02 3.010360864727293917e-01
-1.355663032288189351e-01 -9.878162752484895281e-02 3.666654802862776008e-02
2.135157634897403289e-01 1.860576177532018982e-01 -1.490338366997229491e-01
-1.913866972928755794e-01 -2.305917721956449729e-01 9.699857814698632785e-02
7.870783114474787234e-02 -1.106808921846547111e-01 7.613734185063558702e-03
-5.839625191370392265e-01 7.478558870186369223e-02 1.192445569392742294e-01
-9.225534096831827791e-02 1.936711502152047570e-01 -4.576490524577119245e-01
5.534807156532344646e-02 3.358085933191740091e-02 -2.288363162120015393e-01
-1.844206039284339849e-01 -1.416209057621642675e-01 1.576281209849892534e-02
-1.013924613024173166e-01 -3.907533631962770704e-01 -4.914617850339827315e-02
8.286919359840985710e-02 1.999663105742872371e-01 2.585877614438014671e-01
-7.467988500445918443e-02 -9.200183609014848107e-01 -6.277229254255957125e-01
1.712382526957106632e-01 -3.512962303746496318e-01 9.290218632475708560e-01
2.984603547029343606e-01 -1.536310263499603090e+00 1.565990011279247973e-01
1.846251237050302030e-01 2.426771257099542833e-01 -2.402962591863446740e-01
4.900625159670894682e-02 -1.289116299126779053e-01 -1.151525217781779187e-01
-1.553488977854730613e-01 -5.476802153350462249e-02 3.512808496811598569e-01
-2.491875016846337720e-01 -1.956851504741516645e-01 -4.594160683655186816e-01
-9.763414933450534350e-02 3.341731084677278529e-01 4.705033580523463321e-01
