4.124656544287752524e-02 -1.606748726725679477e+00 -1.916736788295727092e-02
2.169080567486989311e-02 6.710084241495707646e-02 6.627509703181101719e-02
-5.017292175984643804e-02 -3.213743754066825109e-02 -1.112352964260311140e-02
2.890070143942416458e-02 2.444160923510124706e-02 2.911590812189819924e-02
-7.328155133130399845e-02 -2.021410762093118485e-01 -3.044638746313122271e-02
7.601402608593400834e-02 1.568223618171107614e-01 3.278877799756325928e-02
-6.974619210130811320e-02 -2.804973824537063815e-02 5.172752657684209256e-03
2.055302263024450238e-01 2.419179675527513840e-01 -1.298728635323469216e-01
-4.376086178492170908e-02 -2.646675621063331318e-01 2.507678165494066636e-01
1.342805390229408480e-01 4.315112644416685406e-02 -1.090651191422071890e-02
-3.645981199752732493e-01 -3.391062794613051989e-02 1.623595502615872987e-01
1.062215472311734028e-02 1.781994827623510913e-01 -4.408758850690590592e-01
-5.478464770606002350e-03 -2.917888635891331336e-02 -4.658190626832850456e-02
-8.350809970213092515e-02 2.972208569863522554e-01 -1.167398084101162054e-01
-4.790635047416306330e-02 -1.573596461849413042e-01 1.882905380627475089e-01
1.066510502515475994e-01 7.520060284932721106e-02 1.072876312648941149e-01
7.684984759307550428e-02 -2.190077711763094570e-01 -1.011020764921171100e+00
1.582039209900145890e-02 2.082508846684101300e-01 9.358821322647759011e-01
1.672748030622913940e-01 -3.229779929714959863e-01 1.182072548751900015e-01
-7.251569841067324884e-02 2.182616492855348200e-01 -1.584709425797773685e-01
1.853642271079386228e-01 -3.398710957273903127e-02 -2.235536439847862766e-01
6.306477282803187034e-02 3.608285374942511031e-02 1.919822256786334891e-01
-1.422147726994460182e-01 -1.145689871459632664e-01 -2.092540913698844873e-01
-6.219496116502096217e-02 1.435305611026460870e-01 2.107864913509576721e-01
