-5.261837390748645704e-02 1.057300386606347509e+00 1.328726860324294934e-01
-6.601909021469664074e-01 -1.269702215497502118e-01 1.777413966807350060e-02
-4.495822160091938330e-02 -2.229559366178895594e-02 -9.262062058293761557e-02
2.330327183253672052e-01 1.449290154748803516e-01 4.385990920557834155e-03
1.566690664989626391e+00 -8.688225851105438324e-02 -3.739823647787594574e-01
1.579742791547866509e-01 1.927783080145525907e-01 -2.867602907805283374e-02
3.261874373585406644e-03 -5.477076872092463689e-02 5.322306668616874278e-03
-2.307648370713659691e-01 7.661889246234637740e-02 5.107595785692382179e-02
5.881341886894205645e-02 -1.806992736201368521e-01 1.982933093017485437e-01
5.436110478279457259e-02 6.879958230586523393e-02 2.325838276785658840e-03
-3.710718346876356044e-01 6.475287220702825863e-02 2.520425492089356859e-02
-1.186282201403249387e-01 9.578715236978702086e-02 -3.624491064191510681e-01
1.394302404441586096e-01 1.134799339175561889e-01 -1.720230600459427828e-01
-2.668991688116915256e-02 3.120191281611835524e-02 -1.510689084542995719e-01
-5.635414072101277254e-03 9.274568785477567412e-02 1.856434813367791592e-01
1.600336816934087511e-02 1.969022358824204788e-01 6.859361559230511829e-02
2.065130123937455875e-01 -9.483406654590874341e-02 -7.462546377261537467e-01
3.877720115206075707e-02 1.625981411057694226e-01 7.081688680608314579e-01
5.031724574955668272e-01 -3.655440567900831161e-01 -8.335587962168811843e-03
1.251284987656509362e-01 7.361844142570854732e-01 -2.547908135261394563e-02
1.654437222081749370e-01 -1.696096180787962371e-01 -1.958657826714901018e-01
-1.891555494558741154e-02 2.177853681682255238e-01 8.700465356536249417e-02
-1.273377139661385493e-01 -6.742232234182768402e-02 -1.275236199045926277e-01
-7.405543480143235435e-02 7.126116250074535086e-02 2.622909554962900569e-01
