4.828680441470107471e-02 -1.599240858041407698e+00 -2.805857035984140116e-02
1.599446133506574746e-02 6.736535132698737161e-02 6.753084405852161076e-02
-5.567061918987480096e-02 -2.995994799528065369e-02 -1.219788675977852115e-02
3.700577379746933238e-02 1.858985067739445454e-02 2.301023997000186880e-02
-6.005410949518859287e-02 -2.042160428910783643e-01 -3.778476207235365730e-02
8.686283408850506427e-02 1.642035785048434615e-01 2.959215400514882480e-02
-7.279682684654305291e-02 -3.788241639116122356e-02 8.583304605286551717e-03
1.954087193241377252e-01 2.412185536922517026e-01 -1.239498394530407360e-01
-3.323107934666173768e-02 -2.673149258644907933e-01 2.574127879771886396e-01
1.380611221119899257e-01 3.602003257608285547e-02 -9.095266922646720598e-03
-3.667848671771890001e-01 -3.290494172027561698e-02 1.556126048690609220e-01
2.717035803624091340e-03 1.796957345618264146e-01 -4.522070949357613889e-01
-2.680867743650735581e-03 -2.649432269694898881e-02 -4.997831261788736323e-02
-7.925737789850849369e-02 2.867069674191824458e-01 -1.056752934201774935e-01
-5.262659341508906657e-02 -1.697989697801936260e-01 1.822569913352511395e-01
1.043425000801088409e-01 7.749469312280035660e-02 1.181053564112712756e-01
6.351271714633495435e-02 -2.282404373702075218e-01 -9.868810368394486110e-01
1.802709453717013174e-02 1.879194417900377223e-01 9.531271937039446085e-01
1.726365058470135383e-01 -3.257988679813481614e-01 1.131068669890593487e-01
-7.576811062048856293e-02 2.252426242097295417e-01 -1.640356816343818414e-01
1.822607757800536743e-01 -3.522690738156215168e-02 -2.261883130650398366e-01
3.980998377353778955e-02 3.346958390708626441e-02 1.978169575140174552e-01
-1.418149936560374469e-01 -1.129221242258356822e-01 -2.096668651955617135e-01
-5.770541805231222537e-02 1.436030861158728855e-01 2.146545978094832885e-01
