-7.102155833210109515e-02 -3.877754214084753737e-01 -2.123849809398235117e-02
-5.865902523879282793e-01 -5.816224830354249642e-02 2.512869887979859301e-02
2.491065718680379182e-01 -1.085909322565046381e-01 2.430811968335790801e-02
1.333172478180862930e-01 2.451266576059189239e-01 -2.406458976248489548e-02
4.622465393643138132e-01 1.331190320856820430e-01 -8.300932222336027122e-02
2.142283196417918423e-01 2.074671320821859857e-02 7.726046345166438269e-03
-9.667977049864743752e-03 1.625919874843875096e-02 1.739871783775410324e-02
-6.667405805528180129e-02 4.025602541333980211e-01 8.572308966957084553e-02
6.394264140678863721e-03 -2.858552593601871861e-01 2.460824926018045089e-01
1.053566859031537656e-01 1.289873383669358775e-01 1.193122892975123639e-02
-1.057889605634087099e-01 -5.034722056637268989e-02 2.009728917244028856e-01
-3.606143950666426679e-02 1.213184327053061784e-01 -2.933842793357456791e-01
8.779802680005865945e-02 7.140963176910401777e-02 -1.481835317804521164e-02
-3.538698780358913443e-02 3.144718510561853031e-01 1.294696897444719275e-02
-2.685463460218028009e-02 1.654475502288553779e-01 1.367758378782197026e-01
3.403282933678629385e-02 7.874126914761789275e-02 6.098650895277863554e-02
1.885875152905893970e-01 1.991133169707992590e-01 -6.483986798026962761e-01
-4.064644395225854023e-02 4.985754581663117135e-01 4.697126591317796196e-01
4.802716409402993381e-01 -3.431203173863181521e-01 8.850814743894337873e-05
1.511696513200037340e-01 1.335826176990869252e+00 3.011838237995866085e-02
1.003495979039166069e-01 -1.339351037291582058e-01 -2.556861699356219320e-01
-1.539094167805237778e-01 3.313995702402222632e-01 4.939727634546605545e-02
-1.031682681281578529e-01 -3.713121635551294708e-02 -9.176053187036571634e-02
2.229980979288570531e-02 -5.245403851011409130e-02 1.313506513698619871e-01
