1.294900149287944724e-02 -1.289171794046833686e+00 -1.770787972495065365e-01
1.203152234548567762e-01 4.538464512699811465e-02 1.213136278669121604e-01
-1.445463531727261497e+00 1.353312716531262783e-01 -1.726630445658108859e-02
3.483594200822606179e-01 -3.289254653273395168e-01 2.305020765180927633e-02
7.926890565583979975e-02 -4.479132551720758082e-01 -4.042575854316581008e-02
1.989323721296094361e+00 -2.377863090417713446e-02 3.350019476523322659e-01
-1.215162912885614649e-01 -8.094109286807073256e-02 5.778404053148035457e-02
2.088721558259987177e-01 2.182625003692865717e-01 -1.086313849291908329e-01
-1.273377446077352537e-01 -2.067741006780626500e-01 1.038277258082452859e-01
7.619710823125834531e-02 -1.001365253027920454e-01 1.250965800475438428e-02
-5.413288621786300769e-01 7.332791784978927307e-02 1.295804111045105456e-01
-1.193157720787687281e-01 1.646745096910793849e-01 -4.191889172958618848e-01
6.201312614791031769e-02 4.198319521062902904e-02 -1.762222739781448833e-01
-1.608723571712759870e-01 -7.813599877086067902e-02 -9.594456133614852594e-04
-1.006216063170192604e-01 -3.576039257501108515e-01 1.167227509290311854e-02
9.353834886897030576e-02 1.765654657736470956e-01 2.320245179187192530e-01
-3.340892780103781740e-02 -8.028685575473665237e-01 -6.904383173694786935e-01
1.808394748305399979e-01 -2.679873561501550094e-01 9.479128042799075393e-01
3.127519209966735936e-01 -1.290903669070113224e+00 1.261214386278219357e-01
1.615315927602729018e-01 2.424288071970236436e-01 -2.257475232506842011e-01
7.869353518402992520e-02 -1.095364658281534342e-01 -1.334140685410541149e-01
-1.585455956262719346e-01 -2.934080147376750061e-02 3.150875757802913402e-01
-2.358112774393998912e-01 -1.714146694437970464e-01 -4.125322164100085343e-01
-6.751893748284910901e-02 2.800454814759386069e-01 4.355985217349033767e-01
