-1.411184661437021037e-01 7.093264850108035313e-01 -6.834975712399045389e-02
2.004325755621098049e-01 -2.010990410710659926e-02 5.501095056780217624e-02
-9.909320718952301377e-01 1.364852484551986878e-01 4.544560312324920706e-04
2.533306619418240202e-01 -2.472271960779554856e-01 5.159439483456913084e-02
1.280228164172977634e-01 -6.503614240722952466e-01 -5.233240020329692904e-02
1.055958253696608340e+00 1.741886524257786895e-01 1.455520416318157595e-01
-1.736069124001864139e-02 -1.125238163477467607e-01 -3.131677478624998734e-02
2.047520556446852380e-01 1.243836758242802543e-01 -2.645877991733713852e-01
-7.163975919846538032e-02 -2.664910950067704287e-01 8.354152378057393136e-02
5.387246649807379134e-02 -6.653372445335395402e-02 -6.274245281720962006e-03
-5.526500009610583186e-01 1.992803581677772204e-02 2.392077716848631241e-01
-9.846113733094025156e-02 2.052178237206622180e-01 -3.730288291689739522e-01
1.032139564017767706e-02 1.008556724559686452e-01 -2.728010530166102288e-01
-1.733300039777040946e-01 -3.604682947191440445e-01 -1.436841459353835060e-01
-2.123894486503915408e-02 -1.806842309168250060e-01 -6.153346492014185459e-02
9.733815912656700476e-04 3.343059182641975324e-01 2.589571094316800992e-01
-2.836263906795739864e-02 -9.651379602775188582e-01 -5.034556242009072813e-01
1.740623831569159119e-01 -3.755622205941506753e-01 6.321925797794007984e-01
2.880887995198017637e-01 -1.413856269041414926e+00 6.438737549047240938e-02
3.500830992145022580e-01 3.751802272752971512e-01 -5.037539611828572433e-02
1.576744799109598694e-01 -2.479120428518134245e-01 1.340828243370973359e-02
2.839462347572853720e-02 7.240696297558540939e-02 3.047628913279804008e-01
-2.108641695098872337e-01 -2.232925297058891978e-01 -4.671623880620137115e-01
-1.184600016450295945e-01 3.748721165940309130e-01 4.666020841677985254e-01
