3.587739950161595442e-02 -1.608923279684992380e+00 -1.368535155312697489e-02
2.385236045712509773e-02 6.501426357800926814e-02 6.601538168896790848e-02
-4.969720996195305801e-02 -3.259981560905821085e-02 -1.075362807515299092e-02
2.491096785780512121e-02 2.721764225044725691e-02 3.241284169971102996e-02
-7.780182070124236349e-02 -2.048282690625247426e-01 -2.748441378876489288e-02
7.399803399164894824e-02 1.532365383926824753e-01 3.468246063006555358e-02
-6.788825870978673627e-02 -2.191719592650772513e-02 4.077304330819214381e-03
2.036870735341813898e-01 2.403831716815821862e-01 -1.311039688884360066e-01
-5.066685542014721239e-02 -2.627865550913179304e-01 2.465092369372010872e-01
1.320325285450714980e-01 4.679529965448953749e-02 -1.190100841678544928e-02
-3.627716429153404754e-01 -3.306131656209255337e-02 1.633436933902008836e-01
1.575697826704208770e-02 1.773582306353467530e-01 -4.313474429717548686e-01
-1.018388378167263061e-02 -3.256983190622495666e-02 -4.415857413220165145e-02
-8.604502300355924838e-02 3.040574824392834885e-01 -1.210006925424791241e-01
-4.341523846932912600e-02 -1.515736050194295970e-01 1.923056668203371455e-01
1.054137680667998761e-01 6.772474723886363901e-02 9.949045459249554468e-02
8.517784725734245388e-02 -2.139793734908126965e-01 -1.023381876798041157e+00
1.911521569728128964e-02 2.143379731357817064e-01 9.260208244056036264e-01
1.692104073431578981e-01 -3.275393013070063142e-01 1.205023210983156984e-01
-5.678613079094044919e-02 2.182803630462580302e-01 -1.594494396166016015e-01
1.913971331475747550e-01 -3.605212500987631241e-02 -2.212103998178704956e-01
8.428165986345095839e-02 3.892265797901608287e-02 1.856417140183710957e-01
-1.425517477399701471e-01 -1.151246912174471865e-01 -2.075846981379202705e-01
-6.387528120898830486e-02 1.438044422209023288e-01 2.074114122577082053e-01
