2.810860088582684685e-02 -1.351160424762917422e+00 -1.799730475505462168e-01
7.978884541453572232e-02 5.045679191702194533e-02 1.190231238883930898e-01
-1.277183573194118127e+00 1.057237811027835761e-01 -8.088262506549223282e-03
3.229567718378736352e-01 -2.804716603283772258e-01 2.151306101477584026e-02
8.999665528143088733e-02 -3.914141350630848115e-01 -4.452458517665216359e-02
1.928752160420922790e+00 -3.153182302010863053e-02 3.265243369577078836e-01
-1.110790492372523836e-01 -6.930530305359916543e-02 6.412360578273761103e-02
2.077871957495027455e-01 2.371493143704460904e-01 -9.280223709272515664e-02
-1.223931257079304419e-01 -2.081367453882287388e-01 1.071576293388743217e-01
8.558794312462322806e-02 -8.427380887702146106e-02 1.569701885227689497e-02
-5.137449383630505739e-01 6.404586854975721777e-02 1.403891547202060497e-01
-1.154377326251917885e-01 1.521934424754893822e-01 -3.969965595778525702e-01
6.606570507387997393e-02 5.388380571168627231e-02 -1.407882288395401749e-01
-1.451587067960500577e-01 -2.724715291708415532e-02 -5.024813253998764231e-03
-9.539187562611370352e-02 -3.205195436597606529e-01 4.788497192579625750e-02
8.790595178038486390e-02 1.508065769558963043e-01 2.033203990965268271e-01
-2.492994527840501282e-02 -7.106960136149860219e-01 -7.416274409558992753e-01
1.774394071700326203e-01 -2.045567171686415719e-01 9.699976710953648329e-01
2.913804223090162848e-01 -1.050415787286423042e+00 9.984585393318368141e-02
1.333874438330060197e-01 2.214620112085081416e-01 -2.119902543929551852e-01
1.022151494263803251e-01 -8.961161601527321829e-02 -1.568144179952215000e-01
-1.625211606979234114e-01 -1.345276621625401264e-02 2.940048039429855042e-01
-2.263719032468371473e-01 -1.570760620526982232e-01 -3.816305442705315576e-01
-5.241780278462148529e-02 2.446379337688777411e-01 4.070087229080826541e-01
