2.959918870109632186e-02 -1.605711830843115306e+00 -9.977942114096794574e-03
2.573820213913865368e-02 6.144166280571878441e-02 6.338638218463271690e-02
-4.643845632357584269e-02 -2.831328459728425437e-02 -1.088773091554419252e-02
2.446042857667648368e-02 2.840964574723352926e-02 3.482628809772696232e-02
-8.438715228497138676e-02 -2.095106375980191338e-01 -2.541003134707428557e-02
6.750691530164822096e-02 1.611889455984113761e-01 2.791703164689198283e-02
-6.609970160712985709e-02 -1.877650720590672007e-02 1.425670896802136434e-03
2.043278783175248858e-01 2.372079447753449033e-01 -1.318997486475547432e-01
-5.704297481303237383e-02 -2.618512619742452419e-01 2.468501859948900312e-01
1.314525548885026318e-01 4.907760247087603056e-02 -1.338487127045880597e-02
-3.638345476457646166e-01 -3.175259061546369804e-02 1.619873656301746290e-01
1.771245237525373786e-02 1.798026093578974083e-01 -4.300481852465279364e-01
-1.530258791790000718e-02 -4.185954756279948452e-02 -4.418077533049009215e-02
-8.961406259290682907e-02 3.066480107886895290e-01 -1.192291429478426618e-01
-3.964542223759376371e-02 -1.473013706145567259e-01 1.900184543202891874e-01
9.825449852688859786e-02 5.546950150646520750e-02 9.715168504775928415e-02
9.205713251994343538e-02 -2.100882786200931052e-01 -1.029910429475723532e+00
2.997025198673945387e-02 2.141811273900534052e-01 9.227313547871055510e-01
1.774483228446704641e-01 -3.398904406726088734e-01 1.225288515815517593e-01
-2.458589372868695555e-02 2.238791344741053735e-01 -1.596970652913295707e-01
1.983887349980459347e-01 -4.095707928591830332e-02 -2.188724784795077760e-01
1.064871384674294791e-01 4.371422935004479204e-02 1.813665748465268512e-01
-1.405834661467543489e-01 -1.161759609519462250e-01 -2.053466081080283778e-01
-6.512231514915452213e-02 1.455041233870587591e-01 2.026772897496746939e-01
