6.360737098468756401e-02 -1.547518050034554005e+00 -6.510685076286462647e-02
2.154510538740477682e-02 7.520226304720416255e-02 8.148396118231196472e-02
-1.597430878705279889e-01 -1.995452917772903151e-02 -1.215639254272584367e-02
7.819556997474141902e-02 -2.488789939905651852e-02 1.869463168941330050e-02
-4.666530231386145644e-02 -2.342698118109659833e-01 -5.247931780236727434e-02
2.950274037870277422e-01 1.488184912858257214e-01 4.971117619614419392e-02
-7.627478468908431564e-02 -6.476453029730354360e-02 2.212062969500047313e-02
1.977814373314462637e-01 2.270548732593752062e-01 -1.230073378527754696e-01
-6.340546038424522968e-02 -2.747926078942377615e-01 2.212015071956394408e-01
1.371803487973793922e-01 3.394300033495752014e-03 -2.075197585085663491e-03
-3.800810285317670623e-01 -1.278671871901781998e-02 1.459476348641300936e-01
7.377291828516232847e-04 1.666142908206133533e-01 -4.274562443238803522e-01
2.025453081891069596e-02 -6.790859143711979601e-03 -5.827970870349864774e-02
-7.238436068987826044e-02 2.209369828626004117e-01 -9.771070208773370569e-02
-6.235159426535408916e-02 -2.066208510378804708e-01 1.746481415279837190e-01
8.649783259668100688e-02 8.095857093705781382e-02 1.353402063077624451e-01
3.243954871037597887e-02 -2.845823374815248941e-01 -9.061479030891977926e-01
6.361844996582066702e-02 7.280116961135837950e-02 9.890864589197686518e-01
1.889652110864824264e-01 -3.577584408673129546e-01 8.565073915346262112e-02
-3.063094082839360605e-02 2.536463378499194121e-01 -1.726024056012173125e-01
1.833240497074437036e-01 -5.063186682425976221e-02 -2.090960859214071044e-01
-1.624581709579816374e-02 3.546280249194831702e-02 2.037946527777221850e-01
-1.474754820534341371e-01 -1.184703010304617860e-01 -2.348112867795534853e-01
-4.971770089536590997e-02 1.560474516341961437e-01 2.492377215105442134e-01
