-5.509234917103653789e-02 -3.421740595675278884e-01 -3.987917616419144745e-02
-4.413603509163588345e-01 -8.851858050485926846e-03 1.633020316014410084e-02
2.755380634947508511e-01 -1.204266246417102504e-01 3.999622205081621723e-02
8.811947840579613389e-02 2.166860864486544191e-01 -1.324352075470816743e-02
1.940154714421836457e-01 9.869564911920659933e-02 -5.508888157318279216e-02
2.280164007532164139e-01 4.933084742468074775e-03 2.128814715634367097e-02
-2.850863783785483052e-03 1.307750875146350238e-02 2.437323871322613286e-02
-9.531656068507254886e-03 3.807505643557697050e-01 5.043568946139279086e-02
4.511905806572510252e-03 -2.924633280351874864e-01 2.426317513201344811e-01
1.168232053615395616e-01 1.165722489398058198e-01 1.095575663667758097e-02
-1.238444979958208542e-01 -5.246146800781643915e-02 2.079967390166773678e-01
-9.233214860167664531e-03 1.305537163656283473e-01 -2.698620635410390878e-01
7.671265655584282028e-02 9.149243600007571364e-02 1.987438791731634471e-06
-3.181716477270971066e-02 3.118909889046246331e-01 1.420388505210419192e-02
-1.614844553870338831e-02 1.319832245594279863e-01 1.445183462274637620e-01
4.146274840382807580e-02 7.384901389167713992e-02 4.201759482625468806e-02
1.907222003143249911e-01 1.506087182444737493e-01 -7.097862434368997775e-01
8.198054032132341684e-03 4.529085196056059637e-01 5.508925070546187852e-01
4.847539414120566881e-01 -3.775985907795293972e-01 -5.682529705824327336e-03
1.814428496209995467e-01 1.233747965054430518e+00 2.043942239252070914e-02
1.161936509009598023e-01 -1.360234315441438968e-01 -2.561750041106948816e-01
-1.418520831969900531e-01 3.092004378083312854e-01 6.573091603733742516e-02
-1.385037943016232675e-01 -5.437165331248285105e-02 -1.289209449719762313e-01
5.040778253122839628e-03 -2.673769557989565115e-02 1.455530383862447541e-01
