-1.327868890665721557e-01 2.541069532051903890e-01 -1.428271947596728986e-01
1.514196208276769214e-02 1.881423733913271945e-02 4.786694569529426763e-02
-9.264758131964139221e-01 2.456733061004706675e-02 -6.454901084406285128e-02
2.412376272591013060e-01 -1.679343669036216236e-01 5.046682771123219002e-02
-8.248158516342751767e-02 -3.722025750673988997e-01 -7.939710362163010515e-02
2.001028383172966052e+00 -1.798268991062008243e-02 2.941318838814677705e-01
-2.905397558581445522e-02 -5.344804920430432787e-02 1.992521258725490213e-02
2.926441321382799443e-01 2.319614264704539242e-01 -1.376784487979866856e-01
1.312921907836022695e-01 -1.782136195249773292e-01 1.890613576258269590e-01
6.547738597826907592e-02 -2.056326003743100261e-02 7.488111133215367976e-03
-4.732792846521786112e-01 -2.223852440628856873e-03 2.486771472991218257e-01
-2.151841559073027210e-01 1.906652910347526320e-01 -3.670089451973084782e-01
4.065314898121687170e-02 1.194129366838334178e-01 -1.795340889874651180e-01
-1.425178010636644343e-01 -2.512316362755458998e-01 -1.051578189649009509e-01
-7.660069509316757425e-03 -9.285589691723010464e-02 2.666060533737434415e-02
4.311370444618717324e-02 2.659227594747632928e-01 1.624158751277109680e-01
3.136020105771474692e-02 -7.490238593091934627e-01 -7.400350209664804391e-01
1.834744914602453314e-01 -2.047378415286536246e-01 7.532217808828809424e-01
3.494498827328368362e-01 -9.682514602814400462e-01 1.963227971131860025e-02
2.998204597311404096e-01 2.181215155143901296e-01 -7.917555705592563275e-02
1.815027729922156219e-01 -1.614282738373461201e-01 -9.429503887731084666e-02
3.930886958428026628e-02 5.255007634351913093e-02 2.946333870189650206e-01
-2.458574298708046113e-01 -2.132883525035182970e-01 -4.444091122439939867e-01
-1.354061132237299736e-01 3.013452165643538128e-01 4.370676061389514033e-01
