-1.297122973145887204e-01 -5.267489599549620705e-01 4.585230313689433318e-02
-1.265571037862934567e+00 -2.260789366531665290e-01 8.076623210313285672e-02
1.486625445901879339e-01 -9.884390920970821670e-02 -6.228754897117135675e-02
3.328947887632518476e-01 3.294679728750835035e-01 -2.152812261673351518e-02
1.580660408017408036e+00 1.568143762026465715e-01 -3.413473479090657348e-01
1.901982149039652958e-01 6.824698123982297915e-02 -2.256110673793642121e-02
-1.070159918919582343e-01 -2.971951671854103621e-03 -3.479755423188892610e-02
3.745102309201324420e-02 2.320014112347145163e-01 1.343640611199000204e-02
3.103535824553788416e-02 -2.696749693992857577e-01 2.740361598526895870e-01
1.079807265364229468e-01 1.567933646784802348e-01 2.267452822814360752e-02
-2.615739629399793098e-01 -2.502381985639781647e-02 2.229033053798276376e-01
-1.566670831936216313e-01 1.010310971444210171e-01 -5.254855867699325112e-01
1.226835302548706513e-01 1.008521055965041699e-02 -1.119956335170797929e-01
-4.174952256553978586e-02 2.731293501196828122e-01 2.552684431442081570e-02
-6.919925062117551762e-02 2.299992303329136401e-01 4.147063619670746798e-02
-3.695699739499253705e-02 1.324883892027519661e-01 1.409578937557652012e-01
1.909500209256234371e-01 3.207960967239353312e-01 -5.736040154675343672e-01
-1.733996148355912981e-01 5.147026101935718856e-01 3.321858976633235705e-01
5.339951687759455501e-01 -2.726325888864634672e-01 4.501453947075313711e-02
7.207713358387767000e-02 1.588272548442370979e+00 7.210469158452021202e-03
2.337147481854951608e-02 -1.480346393373244696e-01 -2.820413873323910359e-01
-2.022592331687193823e-01 3.890040680348754165e-01 4.155753276678963298e-02
-1.198719152406497665e-02 -1.540135436122220917e-02 -3.056251896090958139e-02
4.050117962328351334e-03 -7.178642128644917297e-02 1.314541508997592867e-01
