7.538847471957555932e-03 -1.068486308372906368e+00 5.715892118061053490e-02
1.082384702928794601e-01 -2.649427230659968935e-02 9.624083159006147081e-02
-4.125282958688576418e-01 8.235713157748456026e-02 -6.834222961637535787e-02
1.262252112318450192e-01 -7.591061180040892253e-02 5.198133108492448973e-02
4.738350678884755696e-01 -5.007427656824869899e-01 -5.958901355746481360e-02
2.494638006905453564e-01 2.904469654218214125e-01 -5.896472481251044048e-03
-8.292601363369492273e-02 -4.551218502004304028e-02 -1.675571575620933215e-02
3.705787166774771602e-01 8.208836043438486052e-02 -2.163360946027690079e-01
4.722582790664111435e-02 -2.129756159123079584e-01 2.620893444466885769e-01
1.142647951798545780e-01 1.106797362512955407e-02 -1.487429376768576936e-02
-6.343363598310490792e-01 1.953415776570072843e-02 1.125716345903282345e-01
-1.251845072700168982e-01 1.666148567701006555e-01 -6.062895199541261659e-01
5.297889641723310672e-02 1.122813698616332428e-01 -2.439592304982849402e-01
-1.038931266833735684e-01 1.198039277706562378e-01 -1.301094721668055731e-01
-5.202682305171737326e-02 -2.661962186119550267e-01 1.158137158399951405e-01
7.347111313821996781e-02 2.718026250373896113e-01 1.545706226123710614e-01
9.038811638853580521e-02 -3.894128296385388488e-01 -9.148824724195164793e-01
6.374870241647269398e-02 -7.246351652079736916e-02 1.024136953113122139e+00
3.371458562127631065e-01 -5.147557113001312024e-01 6.497646384206751113e-02
-8.060958908483285834e-02 1.792217313956182834e-01 -1.472705023713213879e-01
1.041981380310815497e-01 -1.288315296742434946e-01 -1.300989933797200016e-01
-4.704843791062775227e-02 6.072514524109527689e-02 2.326221550505161162e-01
-7.750274011374083671e-02 -1.224038338665653508e-01 -2.705021761649023526e-01
-8.019464205954350555e-02 2.006707418435995927e-01 3.555759802386214696e-01
