4.080878230491213898e-02 -1.410846332215211607e+00 -1.661678246767051559e-01
5.869117342724319841e-02 6.083940145195243510e-02 1.161257238922243640e-01
-9.064951244105589057e-01 6.384504664965741372e-02 -1.524654277717922904e-02
2.529293452227406869e-01 -2.001734720939405965e-01 3.054410396771962619e-02
5.247630412096513514e-02 -3.540613829333010276e-01 -5.251994251248631729e-02
1.614060744509477230e+00 1.855989918040836309e-02 2.508385914690974827e-01
-8.970615902572325051e-02 -6.662211733438154482e-02 5.586647980878545194e-02
2.296293198164346405e-01 2.319260434144819472e-01 -1.041758120026397560e-01
-1.667117879267076275e-01 -2.316374272571630477e-01 1.086619594055333038e-01
1.032899074081751190e-01 -5.924196664907235149e-02 1.237012768553603578e-02
-4.756578442609958324e-01 4.454501308196828768e-02 1.599042384487045498e-01
-7.545410063442765936e-02 1.457876887732137694e-01 -3.766689758669338195e-01
7.371633133360058765e-02 3.226380994647140565e-02 -1.045056663791817109e-01
-1.157354349034856178e-01 4.048835261763569088e-02 -4.953235183897660571e-02
-8.188957183481046509e-02 -2.633296499163623738e-01 1.074727987622430270e-01
7.564797852839205694e-02 1.119895216808910327e-01 1.664814771212046740e-01
-1.769795708188978689e-02 -5.504864439040755286e-01 -8.054873435567792006e-01
1.599760355055784011e-01 -1.295379464014237425e-01 9.854507450558244175e-01
2.315541232769938729e-01 -7.181536800702820189e-01 8.119918605413946333e-02
9.145962853609217180e-02 2.070713213506389927e-01 -1.898941347705255800e-01
1.448889519273466875e-01 -6.743935342928626675e-02 -1.726519940674250686e-01
-1.315104768534134660e-01 1.432519377886965796e-02 2.644690881586049258e-01
-1.982769593327155522e-01 -1.506100058832655353e-01 -3.493867129787608383e-01
-4.015312468888210945e-02 2.103441753209556730e-01 3.648366771588885116e-01
