4.407589758132206270e-02 -1.603722743653640537e+00 -2.343586664182889870e-02
1.999470762850677832e-02 6.763799707473054645e-02 6.637384049802012853e-02
-5.091193093131917563e-02 -3.119921784743860324e-02 -1.178476627438535505e-02
3.216278341224014514e-02 2.208828073675571727e-02 2.649700021260566543e-02
-6.821524134164833053e-02 -2.024172773358917932e-01 -3.369836373318742251e-02
7.892910328058608260e-02 1.609433665616446796e-01 3.073775434515576763e-02
-7.080911137192716365e-02 -3.254974539089964397e-02 6.400435453240962448e-03
2.021084181544908487e-01 2.421135496976731249e-01 -1.275401389202891755e-01
-3.885406148085072259e-02 -2.660390359833151863e-01 2.544807565675243910e-01
1.363485669935702305e-01 4.022820171166184566e-02 -1.018986084365646784e-02
-3.658313712922365291e-01 -3.402253480080960624e-02 1.597442194610635413e-01
6.774137380603490084e-03 1.794185627579828191e-01 -4.473771998091741753e-01
-3.583208971556443422e-03 -2.877950243743074635e-02 -4.850483560427468893e-02
-8.139627304023537568e-02 2.922555990502060386e-01 -1.114015062391635336e-01
-5.014228631018805699e-02 -1.620834872602348875e-01 1.847910714410491706e-01
1.056374680849631320e-01 7.651693901873050929e-02 1.125176826295858912e-01
7.035058165196700353e-02 -2.229766068070085649e-01 -1.001047375143354401e+00
1.554731836331443157e-02 2.007188687452147735e-01 9.438707575902576252e-01
1.688658680566860470e-01 -3.229079846306965318e-01 1.159766820334221099e-01
-7.629411343052591721e-02 2.194467711000974430e-01 -1.602179736849338731e-01
1.833885748182546571e-01 -3.391739412701351430e-02 -2.251193449620653153e-01
5.168415923371035697e-02 3.458961204447325716e-02 1.951434028121361297e-01
-1.421751738245517205e-01 -1.138695600189039842e-01 -2.094850934957875055e-01
-6.041164425793445203e-02 1.434246577085960817e-01 2.122919158956830255e-01
