-1.381877408458663525e-01 -5.436032266477183184e-01 5.762385155012027943e-02
-1.375157014503095576e+00 -2.545620204538173725e-01 6.436190945244588124e-02
1.265280816042053391e-01 -1.006627390168782776e-01 -8.086735745809325859e-02
3.548809570310906270e-01 3.390017852917950880e-01 -1.922518834408494179e-02
1.722934525244816273e+00 1.579826023249606692e-01 -3.966596203564923262e-01
1.891984626545500925e-01 7.037895981581410165e-02 -2.700632112799265794e-02
-1.234343397281076476e-01 -1.182519202342460080e-02 -3.744099304463135297e-02
-9.659318689961164661e-03 1.848004147680670783e-01 3.436035012795084220e-02
4.148710118432816923e-02 -2.620528765475377275e-01 2.823643287159083859e-01
1.110625068900344403e-01 1.562868801015227516e-01 2.516938291022639482e-02
-2.610297754793369229e-01 -4.510970560261222395e-03 1.847096766682161939e-01
-1.604761637103406524e-01 9.554838409829899404e-02 -5.403733273354720534e-01
1.334281809838056276e-01 3.652870665702870768e-03 -1.252235384022908904e-01
-4.308309988765001569e-02 2.533393980346252405e-01 3.706395087510066383e-02
-7.116923631560605201e-02 2.303869161940764743e-01 2.006622985384853494e-02
-4.980529286536954092e-02 1.351267114414866355e-01 1.488128668521360720e-01
1.965181380179666926e-01 3.318142973355924785e-01 -5.847041991788831661e-01
-1.718801393296861268e-01 4.831716638314592083e-01 3.516051319264278385e-01
5.391131547385485945e-01 -2.746021578211750858e-01 5.468026656185270146e-02
7.885796427304681000e-02 1.615437516782638028e+00 -6.130218114794798445e-03
8.055768800235750537e-03 -1.479782111608176076e-01 -2.959100726322375641e-01
-2.171887606962578376e-01 3.907737779970291148e-01 4.157483155607085562e-02
-1.676173543166404115e-02 -1.172316404314536695e-02 -2.000025711807129972e-02
-1.093204690650986972e-02 -6.968368425554441470e-02 1.342930456194632305e-01
