-4.992756958948497276e-02 1.006323688964216201e+00 1.084604862630533101e-01
-4.857880453761093675e-01 -9.233961189288315830e-02 4.055598195417026847e-02
-6.186393099505000520e-02 -8.551516886837874296e-03 -8.557392362880819614e-02
1.912251525625504323e-01 1.062887395241739613e-01 1.280774860697793047e-02
1.401506139007271168e+00 -1.693765176165578645e-01 -3.312465429993642907e-01
1.187511271307750832e-01 2.099988245624527239e-01 -1.632571817951100623e-02
2.199981812968408029e-02 -5.689007056620178776e-02 5.262354619616598818e-03
-1.357618269655708476e-01 5.552202390432874057e-02 -1.849293788068231623e-02
5.288578161209443740e-02 -1.645065218941358098e-01 1.855075903638125356e-01
4.794988925758514320e-02 5.275092241256923442e-02 -2.029622858132676053e-03
-4.177563722747069108e-01 6.005289482527265826e-02 6.096648574900988965e-02
-1.111841305176375916e-01 8.881205323214730329e-02 -3.550571009190001681e-01
1.374650304755624663e-01 1.350909293381014620e-01 -1.807673127166139482e-01
-2.935280763699555512e-02 1.694662508787285124e-02 -2.010604711610522455e-01
-5.230843595691809025e-03 4.661055167408750810e-02 2.129267182133825209e-01
2.251646537118498492e-02 2.189733681056723058e-01 6.330515803650835216e-02
2.135651696181915526e-01 -1.537683832753179991e-01 -7.488261070004030850e-01
6.996220758609363044e-02 9.344401844807065372e-02 7.208753826870190062e-01
5.021866231128727653e-01 -4.111444456364261590e-01 -1.652830517339821600e-02
1.208262741539107843e-01 6.977933936246543123e-01 -2.213689876867041412e-02
1.820237640505543986e-01 -2.056417385811991072e-01 -1.474945237895887995e-01
-4.256117713870189757e-03 2.292199792955506576e-01 9.089957882994682825e-02
-1.266467695307498531e-01 -7.936606297148128542e-02 -1.604783160067507486e-01
-7.215184962284759695e-02 9.197880619993045737e-02 2.876991334687245550e-01
