1.342465443568756182e-02 -1.152467551373420607e+00 -4.798494303074340994e-02
2.155099748751140298e-01 3.880685351146508089e-02 1.082221718104568464e-01
-8.001948492924604306e-01 1.184969886989336862e-01 -5.705771689108786460e-02
1.860206013689098270e-01 -2.274514412409494313e-01 4.180962748626072811e-02
9.456186699486761327e-02 -5.239069273128269533e-01 -2.953020371839098698e-02
6.406095948521562944e-01 2.654135474170556397e-01 5.154434549702466284e-02
-1.005489856795026282e-01 -1.266423281706993142e-01 -2.922289495209627434e-03
1.794426409915177711e-01 1.174443575769378856e-01 -1.824162155445148703e-01
3.687636922444441356e-03 -2.523048877502349630e-01 2.226260688395486631e-01
1.148098192747613600e-01 -6.763508273145614480e-02 -6.226395833109217050e-03
-5.789498311519718499e-01 4.936461680641049399e-02 5.523882849420987118e-02
-6.206567787852113049e-02 2.111885525582271050e-01 -5.398681065798321965e-01
8.319191411859722107e-02 6.133517303384941610e-02 -2.518760161546556575e-01
-1.629725896724970868e-01 -1.409270221383143729e-01 -1.732852817592111204e-03
-7.772996837144732774e-02 -3.972614930057836169e-01 -1.094331053180204738e-01
3.859563594400738928e-02 2.498996053409713036e-01 2.599126043317510071e-01
-4.631207429638868611e-02 -8.752689755368497915e-01 -6.863600627755326311e-01
8.617787788645359104e-02 -3.741214662885363196e-01 9.627911106064734881e-01
3.684877585861411342e-01 -1.397445361589740642e+00 1.381736566802697630e-01
9.214749051068112096e-02 1.791442101676450904e-01 -2.518650721429795403e-01
5.017840078005363080e-02 -1.783401289667146394e-01 -1.111868728900714948e-01
-8.745137061177546411e-02 -5.958715479173202351e-02 3.396485083419372164e-01
-2.111248831864591669e-01 -1.914760633490590891e-01 -4.381857727450538809e-01
-1.602118821316870778e-01 3.559273818362851394e-01 4.743850924325160312e-01
