-1.586538453611919808e-01 -6.157352257863956124e-01 7.704468798664461382e-02
-1.516101499271851338e+00 -2.688422881121636521e-01 6.143721664619466311e-02
4.571902588530264711e-02 -1.000653567161615687e-01 -1.241251805164265698e-01
4.017415363519436511e-01 3.369666755385676282e-01 -3.711151371147171363e-03
1.942498316150046422e+00 1.693089695545079154e-01 -4.720380099294118614e-01
2.115252554192492140e-01 8.652194344932018222e-02 -3.423228700100904714e-02
-1.506523290780551472e-01 -2.207541753984084559e-02 -3.793327184353866011e-02
-7.244927770803077927e-02 1.055332394366922111e-01 6.118717679250710445e-02
7.398875762164534853e-02 -2.370354534114777478e-01 2.959580068569755973e-01
1.100572686910410852e-01 1.486493042029155276e-01 2.803243439144252960e-02
-2.923784716458379673e-01 2.628645906018631240e-02 1.057552848944174201e-01
-1.704484710015473636e-01 1.003787280704227514e-01 -5.549419380381407363e-01
1.330737314377634928e-01 1.906025067234895856e-02 -1.418118220881899316e-01
-4.801553157244213554e-02 2.083576512151226467e-01 3.758292289196487473e-02
-5.016124803431903229e-02 2.101716757248423828e-01 9.902837708903976591e-03
-5.605444113667604200e-02 1.330507720976784602e-01 1.455077111204900742e-01
2.015885295498338059e-01 3.024534033010720657e-01 -6.241356495261750625e-01
-1.153994611387259978e-01 3.803785560675259081e-01 4.490480015064882702e-01
5.404391236909343865e-01 -3.083452098611313974e-01 7.519867717843244093e-02
1.677044755879075755e-01 1.515262986680935953e+00 -1.213667900694361847e-02
4.096363745288244748e-03 -1.526843914561042959e-01 -2.721513584291865850e-01
-1.785770545761501404e-01 3.659373173790870792e-01 3.012152001566927029e-02
-2.501448458716725234e-02 -1.870572025662374169e-02 -1.718801129181859663e-02
-4.714218257650638899e-02 -3.554506136871609517e-02 1.463552856482037978e-01
