-1.710757811390228311e-01 -7.097823200139040667e-01 8.505955193011661974e-02
-1.192361582783019402e+00 -1.916544218313940562e-01 8.534248683398318325e-02
-4.444756131779917935e-02 -8.393534966490644178e-02 -1.445099196631993987e-01
3.638332529394085468e-01 2.571380335121430383e-01 2.171673309260286483e-04
1.928950718352364646e+00 5.289442943286153109e-02 -4.542124310060589032e-01
2.270955369640317578e-01 1.367076269182429804e-01 -3.942157795951389820e-02
-1.034694809301849594e-01 -2.453379287955849419e-02 -1.865806756128514377e-02
-3.253323562432484939e-02 6.035430959957741037e-02 6.354624697683338742e-03
8.732113963845015980e-02 -2.329381018694280381e-01 2.570208815672655467e-01
8.834581534394320146e-02 1.176382728412331963e-01 1.708738314231215624e-02
-4.321742460442276057e-01 2.419849370727951074e-02 7.340219499692753058e-02
-1.844233418456363294e-01 1.452281755042759137e-01 -5.314979302142304185e-01
1.195739732758367424e-01 5.079031422329768203e-02 -1.390287393565958207e-01
-5.350260766403996948e-02 1.714617419964326595e-01 -2.162270664248154561e-02
-1.136465779951992099e-02 1.378855872280437822e-01 1.249776712182552180e-01
2.748185095509265291e-02 1.009671697491074799e-01 1.150617223765723895e-01
1.316379376004047363e-01 3.333875807006445036e-02 -6.934392245679850131e-01
-1.198515176354087754e-02 2.938875127878955995e-01 7.109450029200313770e-01
4.409067069253999049e-01 -2.645750883468893089e-01 4.791215398289470212e-02
1.620111292004797199e-01 7.775245134593244956e-01 1.265308828270922739e-02
1.378544414268466634e-01 -1.063492156312863118e-01 -2.120312802415237063e-01
-1.999396944796293443e-02 2.044365036305426098e-01 8.276299209809272195e-02
-6.142424826992339687e-02 -5.643172692982053457e-02 -7.122512169464118026e-02
-7.050271099727541124e-02 6.544152840819206229e-02 1.736412703653079093e-01
