-1.110685200590686844e-01 7.252745713484306522e-01 -6.015475412886914230e-02
1.995778635774043130e-01 -2.777017950982225633e-02 4.548809697553714976e-02
-8.307963613728999164e-01 1.374640621605533186e-01 1.083909791130379177e-03
2.163174989762562395e-01 -2.151946764241371990e-01 5.663829043182230794e-02
1.335276077139357920e-01 -6.366792373748377809e-01 -4.937190345481320963e-02
7.944383750786023768e-01 2.274394424232210887e-01 9.316621499628581493e-02
-1.434620360060125284e-02 -1.154748659007909933e-01 -3.267174176019941451e-02
1.925977487118719078e-01 9.878132748241026662e-02 -2.571032821834260407e-01
-4.325052135764173578e-02 -2.479246514623263398e-01 1.155506564139782005e-01
6.099530751195574030e-02 -5.742239730158295308e-02 -7.069294181012445756e-03
-5.449831390892169170e-01 3.000176475933356846e-02 2.127465960879643403e-01
-8.629246392588370285e-02 1.941871618510582209e-01 -3.867818074598149414e-01
1.957898261499173287e-02 1.095182479029512823e-01 -2.709923671157492553e-01
-1.665592268386280050e-01 -3.388401267963164210e-01 -1.452329253478620852e-01
-1.917784101842993569e-02 -1.767845436355993671e-01 -6.169437023361507705e-02
-1.011342766268572349e-02 3.338629334312727681e-01 2.482647582379844398e-01
1.078690811983047150e-02 -9.122103981074070056e-01 -5.657053803291529626e-01
1.867290917788003990e-01 -3.581269722153304635e-01 6.700616076022130052e-01
3.254481585376502450e-01 -1.355966972903213552e+00 6.454572330230280708e-02
3.531731639947383594e-01 4.446827777130291648e-01 -5.081389308290112233e-02
1.371340721411416774e-01 -2.660500899930150487e-01 1.277055195889778560e-02
1.544972391693055433e-02 9.988171487976267582e-02 2.847065574224466600e-01
-1.931591272250031133e-01 -2.109144602146495739e-01 -4.471259515205820989e-01
-1.207896520989498457e-01 3.566420194191328719e-01 4.578655575606283556e-01
