5.755691003166967662e-02 -1.581884049928905522e+00 -4.192208332458841752e-02
1.288147744806094480e-02 6.836682298602235475e-02 7.278985280436736649e-02
-8.028022177673051207e-02 -2.707976754461387942e-02 -1.232594954749036478e-02
5.003960015632652469e-02 5.138002955823116856e-03 1.643650128829974438e-02
-4.692324013268355659e-02 -2.137719094746580728e-01 -4.588203303721531678e-02
1.346489238953940404e-01 1.644589097898979391e-01 3.242188759871217352e-02
-7.456505947629263331e-02 -5.112048455003557340e-02 1.523378446186268373e-02
1.845374373274661639e-01 2.361875558978919210e-01 -1.179404437938560563e-01
-2.804160436985374261e-02 -2.691318556807706375e-01 2.540797165031885019e-01
1.398173915596675476e-01 2.268095820201413912e-02 -5.978781794437170415e-03
-3.691746781818548984e-01 -2.581342635784613856e-02 1.463817135277279136e-01
-3.036531820001040893e-03 1.748730937610700475e-01 -4.507263621058762437e-01
3.817878289542267576e-03 -1.614700338765340595e-02 -5.257160183697744127e-02
-7.456818136502950389e-02 2.657224554849916820e-01 -9.778028142084843610e-02
-5.779424142641400447e-02 -1.905345223143051214e-01 1.794083756985067613e-01
9.678197872262919721e-02 7.914140182944620627e-02 1.285835020401108475e-01
4.833932079577269586e-02 -2.461429247145040522e-01 -9.480469601733747531e-01
3.293850487971158869e-02 1.413485116590453561e-01 9.746203015774626000e-01
1.842093302340662986e-01 -3.363619791029128225e-01 1.040672664707547046e-01
-6.226107779050834429e-02 2.452680692578516897e-01 -1.739060584879099369e-01
1.858873472279515271e-01 -4.184742608119269847e-02 -2.224536519793953726e-01
1.446757892813945422e-02 3.364705732017252149e-02 2.009036164004255332e-01
-1.430674070479134585e-01 -1.121711273774872314e-01 -2.145171562254785391e-01
-5.229629535876562096e-02 1.460479172280134130e-01 2.260175018490132859e-01
