6.755181596638755621e-03 -1.263692244737831816e+00 -1.750403688829407778e-01
1.414317617370546287e-01 4.615742038890922189e-02 1.255414585827384355e-01
-1.489679363024365211e+00 1.474843456593582514e-01 -1.920280204601076263e-02
3.563564963309917011e-01 -3.453516389530892350e-01 2.683344394219538964e-02
7.302976741759015233e-02 -4.755932975093972170e-01 -3.833983442797770508e-02
1.975568323614491417e+00 -7.097993250008927980e-03 3.313311879993880438e-01
-1.272356390925120928e-01 -8.681468753843152308e-02 5.144518812873136171e-02
2.135316767246228653e-01 2.054475878421492263e-01 -1.221616642500858163e-01
-1.529526202392363643e-01 -2.103293798907326095e-01 9.815278824348996900e-02
7.464888586478531096e-02 -1.058385209184738301e-01 1.090034000796992995e-02
-5.583922175764661766e-01 7.699882983114259005e-02 1.253470923052522612e-01
-1.100149750161661943e-01 1.728815216358872142e-01 -4.300788346737237089e-01
6.052829699296184696e-02 3.889987375842195172e-02 -1.940757200399342297e-01
-1.691909450556386973e-01 -1.002187263736539630e-01 3.470063176181229555e-03
-1.011117098970504696e-01 -3.717775576764995038e-01 -8.230731995384175936e-03
9.295232756018305398e-02 1.860295997955102865e-01 2.419470321553130743e-01
-4.296188660510878027e-02 -8.441292800047485168e-01 -6.701635406303456666e-01
1.810138211974049727e-01 -2.975500864101761622e-01 9.399672406414194548e-01
3.138834424444832405e-01 -1.394697521890405856e+00 1.382252153222333357e-01
1.743344613783769648e-01 2.487196118976158221e-01 -2.320995352429503777e-01
6.730482058020344216e-02 -1.174745242959276126e-01 -1.289596278241745275e-01
-1.570192142070558627e-01 -3.768446865903121723e-02 3.300932244780053204e-01
-2.427203558442114772e-01 -1.802675345141789842e-01 -4.304347400710627491e-01
-7.803863814895686812e-02 2.985606409946226503e-01 4.492271762942198210e-01
