-1.461459963328651801e-01 -5.667560260112609605e-01 6.455739711296235028e-02
-1.452170826018720939e+00 -2.677601431755053940e-01 5.813193609257654576e-02
1.011358272487360016e-01 -1.008831978532614415e-01 -9.662771870951908371e-02
3.758725880493105631e-01 3.430456803446286784e-01 -1.318488237936682114e-02
1.819275959689811151e+00 1.654761527761370032e-01 -4.317905507499981144e-01
1.947497078835098705e-01 7.381629662857144836e-02 -2.996699411507006486e-02
-1.380120729691118875e-01 -1.703117725816935199e-02 -3.827396973866301760e-02
-3.431922836588176956e-02 1.501826255268062238e-01 4.668051613015915258e-02
5.212109930705901423e-02 -2.527512739385018303e-01 2.902427624017235308e-01
1.128159885214229385e-01 1.550341352176385634e-01 2.748942410164658540e-02
-2.674144193058679009e-01 1.006130545685732063e-02 1.555540605002328769e-01
-1.636749965104026816e-01 9.349147590685487341e-02 -5.521573567400916982e-01
1.382827870705074513e-01 5.661254802489253113e-03 -1.347612639913233212e-01
-4.481953278980634059e-02 2.378197744940867275e-01 4.263199032044742015e-02
-6.875484452443064720e-02 2.264611024173241449e-01 8.108945772257666884e-03
-5.812866923766873972e-02 1.371380629698165654e-01 1.507040594977818726e-01
2.022172097095163434e-01 3.349877216088092968e-01 -5.994682166653932942e-01
-1.603277668446407289e-01 4.509205388099411516e-01 3.772005437045518605e-01
5.457514480956354719e-01 -2.845115722363190658e-01 6.421097501521509654e-02
9.904386859594337122e-02 1.619507290089829077e+00 -1.356151847245109544e-02
-3.289598110090436248e-03 -1.510407607735908264e-01 -2.974482447093277360e-01
-2.190587539164408348e-01 3.900402341858281718e-01 3.883381004075281417e-02
-1.931829410649897952e-02 -1.182595426678802707e-02 -1.602202872397945344e-02
-2.524391804450604182e-02 -6.332399206394818958e-02 1.387181691165888797e-01
