-2.408958778170297854e-01 6.262905997885489517e-01 -1.336696500755978068e-01
1.916219711870953968e-01 2.210980484942610957e-02 1.088588295287069435e-01
-1.621842281439470179e+00 1.459148049309105799e-01 -3.626020493175195064e-02
3.831290638754026867e-01 -3.618888144163709408e-01 5.370018185146478024e-02
9.299100611365487823e-02 -6.354029564326061363e-01 -4.130691807662164455e-02
2.004828110679814035e+00 4.603666718288049881e-03 3.606234855958536101e-01
-3.272843794989570287e-02 -8.492763546492471116e-02 -1.365825250223816345e-02
2.653669642011522445e-01 1.826711450024714189e-01 -2.540684026068660839e-01
-1.249393756682080497e-01 -1.982349697080604822e-01 2.650315958871763550e-02
2.361431519137757035e-02 -9.288135740041135457e-02 2.686691831647037860e-03
-5.608149816292439249e-01 3.315994673497643652e-02 2.612381346155433492e-01
-1.636824384142913646e-01 1.830386285272270208e-01 -3.285398659902287744e-01
1.082147484684549410e-02 1.015008496763401824e-01 -2.641501801765466784e-01
-2.011340838412963850e-01 -4.363498696755075956e-01 -1.334532752124202304e-01
-2.218043301951785895e-02 -1.647998097903183579e-01 -7.131043105232393042e-02
1.890333602481239494e-02 3.316682832673412684e-01 2.791893982941837105e-01
-8.878255257502262743e-02 -1.042518877735076455e+00 -4.022094264237220940e-01
1.470824031097309192e-01 -4.050980222645652051e-01 5.204513643210214591e-01
2.092286412180445476e-01 -1.505795363528032782e+00 7.777127552923469855e-02
3.752589048403843219e-01 2.801682918820466717e-01 -4.996168652612413552e-02
1.903824978069758866e-01 -2.089661904387982161e-01 2.753470804397898861e-02
7.793770346452885689e-02 3.783950529628057197e-02 3.304779789840920357e-01
-2.534888574516033222e-01 -2.348001149731751280e-01 -4.777705338589343098e-01
-1.210181270933224917e-01 3.778297986453276192e-01 4.719310074636670072e-01
