-9.079544040833627261e-02 1.153940431656030663e+00 1.891469394530405634e-01
-1.274605988432034653e+00 -2.081832281792189432e-01 2.640311894625647568e-02
3.710821544379998976e-02 -6.490352236856371249e-02 -1.050022449698552462e-01
3.861424584544851935e-01 2.635880357571626087e-01 1.434235258461267343e-02
1.904601450579149313e+00 8.361590286026297780e-02 -5.007963848646332927e-01
2.203597402186448229e-01 1.701398711111462292e-01 -3.933826697898109431e-02
-9.210654752941070667e-02 -5.827036428119605760e-02 -1.656964599708798946e-02
-4.604354840985744324e-02 1.945973190943061162e-02 1.424551549884626317e-02
9.961896835923823856e-02 -2.151520076892770583e-01 2.697334711954601505e-01
9.425467586507851880e-02 1.161727693053307420e-01 2.607591006505382766e-02
-3.985595713887209457e-01 4.112177898123810238e-02 8.724794340538130633e-02
-1.704347178568411114e-01 1.290629232840553864e-01 -5.321678363621141772e-01
1.394187559899800199e-01 2.456976890057417304e-02 -1.753010195345168498e-01
-1.981038652213566731e-02 6.751627744089946925e-02 -9.787451712251265742e-03
-2.710955873625084389e-02 2.189854243745991136e-01 6.709557815178071594e-02
-2.162542575691442717e-02 1.391062500482652953e-01 1.182528951900732733e-01
1.881451843507685184e-01 8.574115475740654024e-02 -7.129216544201318895e-01
-6.121115916100770826e-02 3.285868775450798696e-01 6.117032152069380446e-01
5.714802380023444872e-01 -2.930806522802826830e-01 1.747703630726912816e-02
1.242584725195294559e-01 9.849721946101234193e-01 -2.653164802038319656e-02
7.781521578561705066e-02 -1.442071957422792483e-01 -2.586132809110781583e-01
-8.985601003687365695e-02 2.623570251183099389e-01 5.319874988039380304e-02
-8.337392118183938050e-02 -5.828924792147209544e-02 -7.737918990740595693e-02
-9.251059213410184334e-02 3.159015637509293012e-02 1.949247799758692390e-01
