-1.791854635527601602e-01 -6.777748858759511386e-01 8.355221140733343210e-02
-1.338904872272892677e+00 -2.054042474903626236e-01 9.035052576531733826e-02
-1.205810537685804949e-02 -9.661082455710098826e-02 -1.459316059914553543e-01
3.889553294314605503e-01 2.869824855491625581e-01 4.905338026712577001e-03
1.977433786714001274e+00 1.021824225638194861e-01 -4.811507134195907587e-01
2.287783921532087483e-01 1.213957118167833110e-01 -3.824799083335829464e-02
-1.234414171212586120e-01 -2.474309478026981771e-02 -2.707722290780778182e-02
-2.779948108178869476e-02 5.199552962758937497e-02 7.614563873604451340e-03
8.295280954626858827e-02 -2.336751833262883937e-01 2.671834319929821122e-01
9.724204174114094157e-02 1.275210980304287700e-01 2.183165810709318533e-02
-4.049653895546466154e-01 2.177474838971295290e-02 8.731122999124983630e-02
-1.818852363166312269e-01 1.367424532086977396e-01 -5.390559683627488274e-01
1.215049094474285052e-01 4.687664605206402074e-02 -1.364673172888930530e-01
-5.173449022811698467e-02 1.729087819248864843e-01 1.234441552300199899e-03
-1.399608256893309505e-02 1.698830260203264830e-01 8.553944736406474125e-02
8.490951520434867564e-04 1.028711538857137869e-01 1.186331459715192077e-01
1.496562367786134218e-01 1.155415840796922416e-01 -6.656012447229980866e-01
-2.589925476195690038e-02 3.039919388757489349e-01 6.318725834424957499e-01
4.717686991613361802e-01 -2.809958175742613973e-01 5.243390586435595080e-02
2.103597554928877955e-01 9.917911953563175453e-01 2.652266435105600159e-02
9.930041864097755022e-02 -1.242389685301664715e-01 -2.260211858913190042e-01
-5.377416104648826550e-02 2.544214553219767416e-01 6.908643807992134733e-02
-5.222289496370555867e-02 -5.017401938748413531e-02 -5.614835621679171995e-02
-7.127924379720392001e-02 4.348603511371178232e-02 1.601292160304137457e-01
