-2.066101063154858475e-01 6.668084615195271070e-01 -1.057496287976215782e-01
1.888228554220255095e-01 -1.373978199464749497e-03 8.806241205206433165e-02
-1.453674591661439752e+00 1.603018155722658322e-01 -1.464716478157152349e-02
3.475388451515027399e-01 -3.343384060113108180e-01 4.947619622138414025e-02
1.171033389540610536e-01 -6.529816140872014563e-01 -5.109546274500304658e-02
1.734837387833838784e+00 7.613986173810481650e-02 2.960404066560772818e-01
-3.146304777858447560e-02 -9.681120783079215364e-02 -2.018030081390657579e-02
2.391128661364110564e-01 1.659326616135557986e-01 -2.574104766330786442e-01
-9.209665184425046280e-02 -2.159177178322755630e-01 4.786910818581616156e-02
2.760771979658033226e-02 -8.713237304681403783e-02 -2.108658995847231300e-03
-5.627707747579805408e-01 2.527951913884975838e-02 2.615474750163746531e-01
-1.541244813769453437e-01 1.973173309740853254e-01 -3.505782473608141103e-01
1.396286929777348267e-03 9.614855674361595661e-02 -2.734635707819527140e-01
-1.977287356352762093e-01 -4.171924450506420134e-01 -1.389773217532468130e-01
-2.569011671218759257e-02 -1.808461554444441566e-01 -6.939591940009658122e-02
1.779408216498244363e-02 3.382606092693993260e-01 2.810800321332895257e-01
-7.959166633335618135e-02 -1.041408705935801260e+00 -4.099597804816976221e-01
1.516964340950452406e-01 -3.995692451014927205e-01 5.468189568934329614e-01
2.246409435549804046e-01 -1.505737476434379829e+00 8.510153711275042498e-02
3.611603702319176601e-01 2.869655611577237586e-01 -5.998192998412817112e-02
1.859556850426878349e-01 -2.203188726262159114e-01 2.531428720698434068e-02
6.620607837146885721e-02 3.995160050428890608e-02 3.276962328267800095e-01
-2.361099962737254754e-01 -2.336965764933987832e-01 -4.749727380723525738e-01
-1.138743093982475252e-01 3.840502806965260807e-01 4.710324786819374276e-01
