-1.743189870391697871e-01 -6.588578178963950815e-01 8.177813104747005957e-02
-1.439572153992126458e+00 -2.331986799020483170e-01 7.967441406208143617e-02
6.584224120604074103e-03 -9.841012382870702180e-02 -1.401801125289965921e-01
4.010650034799300712e-01 3.110532713231291546e-01 2.589809618246511486e-03
1.994668752525488920e+00 1.388423148192941270e-01 -4.876365134406127066e-01
2.262011092570090087e-01 1.093910000160207008e-01 -3.753337884162386701e-02
-1.376067407996694747e-01 -2.298063484697444869e-02 -3.121832657424354965e-02
-6.431938237547170367e-02 6.941403402745997819e-02 3.768331852915038360e-02
8.203192865115077614e-02 -2.319301571531529327e-01 2.802195629155616596e-01
1.014518662324049442e-01 1.371074141154489390e-01 2.496603782951669834e-02
-3.577420712302831762e-01 2.525032864780393793e-02 8.527377038797812059e-02
-1.768944098112497365e-01 1.247050919817898756e-01 -5.411860951625900862e-01
1.235726271516012359e-01 4.034654531990731346e-02 -1.366173192498776612e-01
-5.078636426018723338e-02 1.842528742732010560e-01 1.988592052082885017e-02
-2.223004778161358913e-02 1.896098047378383389e-01 5.414251509762917081e-02
-2.102632931814449671e-02 1.117825920098962367e-01 1.264176205371728423e-01
1.699666683714484428e-01 1.921331096072402822e-01 -6.500500193540024174e-01
-5.318841283177477147e-02 3.279525351530793165e-01 5.628893324582153745e-01
4.976544869066943932e-01 -2.974174673097305655e-01 6.557310151304912571e-02
2.218982185050169531e-01 1.197254923720330932e+00 1.180637120625019007e-02
6.042575539204943919e-02 -1.366637685285634340e-01 -2.422166155422765532e-01
-8.900519848390227307e-02 2.986227349446146095e-01 4.897253010264186052e-02
-4.095298148433026281e-02 -3.747846622127639499e-02 -3.665145621138089088e-02
-6.358865955656119173e-02 1.450860040562744480e-02 1.512978791780134613e-01
