-1.011007574136968540e-01 1.156567845083303681e+00 1.997631374206615407e-01
-1.367005299592092271e+00 -2.200492101940948741e-01 4.515640964233699067e-02
7.212711081442367556e-02 -7.274210891324117689e-02 -1.098886433367219223e-01
3.994683909695331825e-01 2.917234862343284219e-01 9.929718678772530074e-03
1.923286008412143255e+00 1.191868290379957396e-01 -5.054560035240825977e-01
2.223947837795176019e-01 1.706806668405799199e-01 -3.822233480432339625e-02
-1.026670537168673791e-01 -4.985749364628316860e-02 -1.759398598281329204e-02
-6.684776555621117777e-02 3.132615388029370146e-02 3.349640153550134669e-02
1.041425732770999563e-01 -2.035725770934228018e-01 2.965905209639845830e-01
1.049171706644544122e-01 1.297540791733218513e-01 2.842633754199446264e-02
-3.708627881138224502e-01 3.700196580171587202e-02 8.518094276600389481e-02
-1.769685167142554805e-01 1.250370647668816726e-01 -5.494366952793300340e-01
1.531478542009160337e-01 1.219123736930863289e-02 -1.598333818126078665e-01
-2.127106325918440982e-02 1.050540550984101207e-01 3.898997368813371389e-02
-2.837991963164511813e-02 2.423930778183965018e-01 3.049090841205358976e-02
-3.605341125375146477e-02 1.117587579152648641e-01 1.217471816092386555e-01
1.849087400841934181e-01 1.509587896163071541e-01 -6.953171044190469274e-01
-8.949676150175484013e-02 3.835604920750953495e-01 5.682893711138369275e-01
5.930016303860213833e-01 -3.090420489221387124e-01 3.517005848910755711e-02
1.571840783722736334e-01 1.106964525094140006e+00 -2.961576609388410358e-02
5.910506770300683055e-02 -1.475238559654220571e-01 -2.718964413695060811e-01
-1.047326681725653935e-01 2.895557628334451405e-01 4.239282691306428541e-02
-7.114916217582224756e-02 -4.215970517150935404e-02 -5.087401354975348844e-02
-7.656098408998651683e-02 2.947412327779286734e-03 1.625309756772440051e-01
