-1.019687842136149034e-02 2.432663860357211938e+00 -2.293205198542380002e-02
1.920360295108849980e-01 -7.207423989219408078e-02 6.676537439437706112e-02
-4.283800146998489322e-01 8.113643309828122430e-02 -9.006283062204580026e-02
1.059322318343789843e-01 -8.506882880261783242e-02 6.259820127171858428e-02
3.466166531735213052e-01 -6.496133718856130779e-01 -6.429304151332555783e-02
2.135597280212728488e-01 2.687933255027366575e-01 1.245597822247511248e-02
-1.723979260446494022e-02 -5.356544426567735884e-02 -1.757028081535456226e-02
1.445359772535131926e-01 -1.971754890094712387e-02 -1.957790511530558553e-01
7.022569243163191699e-02 -1.454663271018442616e-01 2.516355426844267273e-01
7.551055066771471258e-02 9.672382413295679132e-03 -1.438288296848695821e-03
-5.556884335599431290e-01 8.193125876365645044e-02 8.687461470429798382e-02
-1.115268753738389018e-01 1.148443434017889925e-01 -4.848734959298698910e-01
1.438351400520600405e-02 1.570268892489595780e-01 -2.251255423916945220e-01
-1.342615913365777514e-01 -1.384599771446161642e-01 -1.719749619013960507e-01
-7.812938443333803870e-03 -1.163462035433228958e-01 3.155748297187807583e-02
-2.790360493915715681e-02 3.084452875000628924e-01 1.773735795052203967e-01
1.835778875429993073e-01 -5.694198748091860995e-01 -9.341674229568105448e-01
1.478742436172387209e-01 -1.640034804992355211e-01 8.579526596988149567e-01
4.271033078970122854e-01 -9.285685077733530912e-01 8.961391701060146542e-02
1.820199693701866905e-01 5.531033705029804182e-01 -1.015023184473323320e-01
7.353062679260985446e-02 -2.682844721428483958e-01 -4.630469151081775120e-02
-2.664026509128140582e-02 1.795838824176593795e-01 2.194912538033634009e-01
-1.316799622789618651e-01 -1.345981813861335530e-01 -3.327251932159809300e-01
-1.061397113734348918e-01 2.336396960182601790e-01 3.922436541388784059e-01
