-1.213986362850382611e-01 1.546145956450574843e+00 -8.593786605016796865e-02
-1.613097755326499405e-01 -6.714479441183184363e-03 4.491286671681003762e-02
6.182750063018727094e-02 -4.093341698593196132e-02 6.512078838262698455e-02
7.219605501812612069e-02 8.199749835489605898e-02 -9.140976538706166790e-03
-5.541570307386057409e-02 -1.720419810533936056e-01 -8.641253341759373707e-02
9.671968133114852151e-01 1.285232764444644848e-01 1.637300224915879954e-01
4.224189300028306088e-02 -2.311434134251495742e-02 3.001568153069395298e-03
1.410965686998096880e-01 2.658927362662418248e-01 -4.169999437278224669e-02
5.485262283104045712e-03 -1.505629695676231894e-01 2.020815030385778033e-01
7.520181589279605061e-02 5.217796533804194836e-02 -1.321761568838785740e-02
-2.890169379914824810e-01 -2.014933254513268449e-02 2.384626021894169778e-01
-7.573661269979978239e-02 1.442389959097232777e-01 -2.587596028119280023e-01
6.415750781847472106e-02 1.546240084831836947e-01 -4.001911301615146410e-02
-8.376244157290424486e-02 1.152024116975625678e-01 -1.620176996429060212e-01
4.377340068588953491e-03 -2.863650536010594987e-03 2.111019705334327146e-01
5.396269462163585245e-02 1.444317065038264181e-01 5.327778879022722347e-02
1.315042405883048715e-01 -2.469177145959429998e-01 -8.726895726202450465e-01
1.624888004228949578e-01 1.473790865786679394e-01 8.509006597797761362e-01
2.681218051618527998e-01 -3.868209746556985351e-01 4.113550855325422834e-02
1.368400684473717321e-01 4.454819622393672574e-01 -4.486829117890609592e-02
2.282749986302194667e-01 -1.390829809563076391e-01 -1.675797919748001630e-01
-8.797957922431953737e-02 1.704112500183455614e-01 1.839043362183272745e-01
-1.875296222310941785e-01 -1.202178604670493117e-01 -2.780571739007817733e-01
-6.578099470604903583e-03 1.216016627066720812e-01 2.622984823078127747e-01
