-3.083090938353743454e-02 2.406311193256787995e+00 -2.015933840530090282e-02
2.072762316825620954e-01 -6.153226408561177779e-02 6.459384682523998389e-02
-4.890577990318847323e-01 9.504638017596063471e-02 -8.094502417565577201e-02
1.197230500575646728e-01 -1.134471728582159139e-01 6.635275938383303207e-02
2.698321566176155040e-01 -6.495618997014269702e-01 -5.444417564119616998e-02
2.730814814049971617e-01 2.798381419171838691e-01 8.846521518572899451e-03
-2.407435342042587786e-02 -6.949185077202008065e-02 -2.751470980840407116e-02
1.448197254443499837e-01 -1.411475760346844396e-02 -2.034686691925775281e-01
4.832714249729395256e-02 -1.571308636092152433e-01 2.408533872155023958e-01
7.839486273968454544e-02 -3.837343744985995207e-03 -4.480830158617715199e-03
-5.555118589480400049e-01 8.511921680059264528e-02 8.392283726329569093e-02
-9.804267088085935611e-02 1.280665545247079706e-01 -4.813047942362919662e-01
2.865111863040026990e-02 1.423458275393231498e-01 -2.245458174875269997e-01
-1.513281012897872979e-01 -1.805942496628683558e-01 -1.510621034641065619e-01
-7.827400912154719795e-03 -1.493585604315971760e-01 -2.812571664750181458e-02
-3.837131039623740969e-02 3.086023623585238962e-01 2.048727090681276564e-01
1.510665013014694247e-01 -6.515575885947781920e-01 -9.006077393563772793e-01
1.575899713927141066e-01 -2.297497475821963786e-01 8.490783018986115538e-01
4.092278200595946824e-01 -1.083680876713871033e+00 1.218471504694967761e-01
2.398377013774206923e-01 5.427636505844646297e-01 -1.164441328030198369e-01
7.681261610954322194e-02 -2.752712072435692381e-01 -5.000188225478001403e-02
-1.382471799658660863e-02 1.563886586064917039e-01 2.615881423189888588e-01
-1.503955943513883009e-01 -1.535638194623503150e-01 -3.669425327583165086e-01
-1.246629968174618464e-01 2.709985403032406093e-01 4.111153070474017901e-01
