2.881864949272862830e-04 4.432020782267782621e+00 -9.034075731463786507e-02
2.249151040631943710e-01 -1.010192247202806037e-01 6.415301500276908431e-02
-5.006291081950486888e-01 9.946235694499631907e-02 -9.695408627510188060e-02
1.231428155147990394e-01 -9.266601504150007163e-02 5.721800679681726676e-02
3.808615727136977491e-01 -7.023565069620700818e-01 -5.746577585952757777e-02
1.922497038713857076e-01 2.745684123415684241e-01 1.790518167107488928e-02
-1.646346952128741742e-02 -4.068621006202350482e-02 -4.531221092071417017e-02
2.733312591342248465e-01 -5.231597240188155806e-02 -2.377880351585589802e-01
1.746115920474763383e-01 -1.282676052470376749e-01 3.115809179661713779e-01
8.449034197724651640e-02 2.323176948843349091e-02 -1.273373978688079923e-02
-6.278610625962037783e-01 8.079493435401290113e-02 1.041836126331050355e-01
-1.812254565015432584e-01 1.241521195391992322e-01 -5.956222415987993957e-01
-2.218465889798320722e-03 1.218663839579792185e-01 -2.679830819118533269e-01
-1.304570024682193130e-01 -1.700165068198496443e-01 -1.562180169692746479e-01
2.670733502972790375e-03 -6.095534865934360003e-02 -1.434226306307370691e-02
-2.748199450660189849e-02 3.197180140559808814e-01 2.081610168473652933e-01
2.549378881881209646e-01 -5.354017158303404633e-01 -9.812515905740725186e-01
1.876480892310017079e-01 -1.301009703873704793e-01 8.715128424208234970e-01
5.334612311629651771e-01 -1.005327430455865256e+00 3.762993267580235640e-02
2.702391975029326265e-01 7.230853661621752249e-01 -1.762603374213574797e-02
2.103784301224231879e-02 -2.789048998160239545e-01 -1.045744511702127871e-01
-7.660361778752662609e-02 2.106511731988756908e-01 3.003925557884043473e-01
-1.248885839492441807e-01 -1.264982787626446059e-01 -3.305706127445264264e-01
-1.096526447349800149e-01 2.176215249359746695e-01 3.860155020395761305e-01
