-1.298594411298491791e-01 1.245636163943104613e+00 1.754467231290181839e-01
-1.209990286927849823e+00 -2.198469939789134686e-01 5.842005302354774665e-02
2.596004212837291214e-01 -8.207145867277917950e-02 -6.482317761668998646e-02
3.139665342946774684e-01 3.506675790357416389e-01 -1.973918080025215127e-02
1.524211160083011052e+00 1.270003212286934524e-01 -3.683079831292425110e-01
2.228168485450556513e-01 1.688307766372038610e-01 -6.517459783552608833e-03
-3.339890035921752598e-02 3.349098625526946652e-03 3.988805718038422772e-03
-5.266385342514221662e-02 2.241024951561571554e-01 4.510367941859233509e-02
5.893352870934593507e-02 -2.105684278110286634e-01 3.098996588130953356e-01
1.043174185989770852e-01 1.712033745285753139e-01 2.878603281097523794e-02
-2.469395347026208942e-01 -4.369576503931219685e-02 2.186419193232203573e-01
-1.733257594103307375e-01 1.382626513405353919e-01 -4.907932525789968636e-01
1.582438006817666887e-01 -5.326438905519867428e-02 -7.559729722574870525e-02
-1.263811086273193204e-02 2.749365994141664826e-01 8.942640043828432861e-02
-3.429242237559831930e-02 2.995986468114907320e-01 5.143712670185367902e-02
-1.565188394056335475e-02 2.066942162462207314e-02 1.279191344146846654e-01
1.573583049699510128e-01 2.798956284192520294e-01 -5.014877878040749914e-01
-1.800838375793125112e-01 5.919933501262941711e-01 3.089216085346392915e-01
5.743075581990774170e-01 -3.578676807202562093e-01 1.531407284100553884e-03
6.593432091520790017e-02 1.448501313961286119e+00 3.951640397767960944e-02
3.144174145541131504e-02 -1.804000438127567885e-01 -2.412708861430923890e-01
-2.224375586028060625e-01 3.954449821281738053e-01 -7.512108922541431248e-03
-4.254665577300119350e-02 -7.030211198074128032e-03 -2.038163724929985612e-02
3.029849322072972542e-02 -9.186465014577790966e-02 7.593170702990230392e-02
