-1.289798268587816488e-01 3.000599587805364177e+00 9.597421831951290228e-02
-3.958042768124175326e-01 3.599488893583283403e-03 2.416942578428386487e-02
3.624029263946288992e-01 -8.893403010133420217e-02 8.662967944500074569e-02
7.052295130539192047e-02 2.227778515607383714e-01 -1.661409464553632517e-02
1.279425897773999454e-01 8.559148177742538499e-02 -6.321952481716656969e-02
2.138189450531799984e-01 7.246277128364529696e-02 4.060637671083495298e-02
2.545258174176415894e-02 1.208431697206697152e-02 4.205049395790899647e-02
4.257885029122988191e-02 3.616375273262801282e-01 2.305513834859246672e-02
-1.331247034280649555e-01 -2.666038863235352108e-01 2.467108300313252400e-01
1.108246072444848546e-01 1.255134004953094573e-01 1.591669998214779308e-02
-1.598251110312345347e-01 -5.541410046536889705e-02 2.471784008771849284e-01
9.605892188777472376e-03 1.444201715813475950e-01 -3.161490305184868066e-01
6.953733442177305324e-02 1.700980109901859038e-03 5.154031862675712439e-04
-4.543494479473696342e-03 3.188163910340743312e-01 9.578838963547424423e-02
-3.074292364093055008e-02 2.412373806865642789e-01 1.501284294564106669e-01
5.037368640157598165e-02 -4.497386694671976631e-02 3.022598919497846218e-02
1.910781072262000835e-01 1.240446579783487102e-01 -7.558172627520038933e-01
-1.335108500440807845e-02 6.686658757641731343e-01 6.180554111325198274e-01
6.094116892746409553e-01 -3.879894808726352951e-01 1.085849317620530240e-02
1.045263468193491918e-01 1.219249526879033985e+00 -2.770467906700078281e-02
1.462015490002661344e-01 -1.311017058817680325e-01 -2.587492068865990813e-01
-2.455121787516129639e-01 3.322060777896880812e-01 7.089106997146386695e-03
-1.663272670962427924e-01 -3.930594484175537612e-02 -1.061601147269368578e-01
4.764344664564106047e-02 -7.511705043890801181e-02 9.478834561811726178e-02
