-2.238690295642900285e-01 2.252482038384325147e+00 3.881368906115018058e-02
1.632569888264886471e-01 -1.504476581773124891e-02 8.322947611879012719e-02
-1.480022152606821573e+00 1.743967195527236225e-01 -9.431071905835669567e-03
3.550277323826815379e-01 -3.305317939714289555e-01 6.126651599111663377e-02
1.316411964629869424e-01 -6.653867522262854051e-01 -5.587386613837544425e-02
1.832626432999858501e+00 6.321818771122629521e-02 2.947416135360596545e-01
-5.220286443816560956e-02 -8.130501441246340555e-02 -2.413227813641661765e-02
2.347325914033981109e-01 1.441719611807805723e-01 -2.435726977603858701e-01
-1.892041108460514320e-01 -2.215979598892647284e-01 3.296798445809272227e-02
3.667392420481938031e-02 -7.704838157278368072e-02 2.612001323902972232e-03
-5.731794626488634359e-01 4.761462005308846057e-02 2.410231879495392526e-01
-1.210849598354774154e-01 1.845303540575501111e-01 -3.697441929011245354e-01
2.384652423382285433e-02 1.097752773462630643e-01 -2.363152236487091606e-01
-2.056324035349131052e-01 -3.574501355321608731e-01 -1.403979820754050201e-01
-3.152681551775780855e-02 -2.090077986803290377e-01 -9.611954374283236679e-02
2.033631675068754349e-02 3.703153051932430717e-01 2.977029066418395709e-01
-4.635427404451050726e-02 -9.769525240793077714e-01 -5.410139374292606274e-01
1.194704282274660634e-01 -3.786275299803135708e-01 5.928363010116145526e-01
2.270667408889908145e-01 -1.523580441748846770e+00 1.471788797830009266e-01
2.787288651635275172e-01 3.042889109244619750e-01 -1.062226675987555102e-01
1.452803304679765595e-01 -2.045480813212356419e-01 2.187866098942423381e-03
-3.461685375520204711e-03 4.587296854602117974e-02 3.334984435792048285e-01
-2.438504500902332062e-01 -2.345769774045342870e-01 -4.942904718522299623e-01
-1.131591687114801570e-01 3.756064929006276421e-01 4.839592724631804344e-01
