4.872279761870994264e-02 2.701485989735084914e+00 2.430222728260990894e-01
-1.242924559106939331e+00 -2.270513670006843454e-01 5.487843751953429272e-02
5.667704054917256651e-02 -4.389847120524593277e-02 -6.104675546825973076e-02
3.854088520365672177e-01 2.746960390999805823e-01 1.497561189134850694e-02
2.005778945827395798e+00 6.843616902218593867e-02 -4.696515691144916294e-01
1.788284960176908522e-01 1.688908595110720223e-01 -3.943233634068802479e-02
-9.806258488036714849e-02 -3.817230405212937439e-02 -2.868214682791725076e-02
2.169652176879918459e-01 1.925480247059345798e-02 -1.009234047207548390e-01
4.735149059104455660e-02 -2.363796118874930963e-01 2.621464687228239332e-01
9.125511164264496489e-02 1.344991394498749326e-01 3.161975091104083507e-02
-5.356264382491743303e-01 2.865494944286886905e-02 1.882989600474456182e-01
-2.108324328593812469e-01 1.385206363645325178e-01 -6.466522468633133514e-01
1.071700569755702354e-01 -4.792270709071317497e-02 -1.711813603176600973e-01
-2.842973663652251931e-02 7.189829314592693921e-02 5.001837619415951813e-02
-5.268995963777146213e-02 3.185628362906477440e-01 2.985409619126921585e-02
-4.321778407086288021e-02 6.649030219315832380e-02 1.487940076865116035e-01
1.865631057990022046e-01 5.989934078704852588e-02 -7.712704184403631480e-01
-6.444113951616478597e-02 4.939985872615885731e-01 6.427937131778461710e-01
6.257164144855579258e-01 -3.059854492991184172e-01 4.140753205008861071e-02
1.237939904295921600e-01 1.072274876409160971e+00 -3.033449427059361006e-02
6.621580528372648933e-02 -1.372709739415698404e-01 -2.686766177397345023e-01
-1.284026446865366433e-01 2.937147667459056311e-01 5.446170814506429148e-02
-5.710615266430987130e-02 -5.126518608026926077e-02 -8.294285724737264498e-02
-6.789426596102092482e-02 1.107300565385265639e-02 1.774715190025276945e-01
