-7.514960352580477010e-02 4.344432118614824923e+00 2.975953263086042466e-01
2.410739443189880982e-01 -6.414984730199592422e-02 7.192191447247960057e-02
-9.452864557011216862e-01 1.108382987551981974e-01 -9.473980947523821805e-02
2.324168204464541199e-01 -2.145201829700350005e-01 6.731328711320183622e-02
1.585166434414825298e-01 -7.872417912271222340e-01 -4.820692522724314560e-02
9.143971120571535716e-01 2.049927026463911062e-01 9.430066795893027320e-02
-1.232863206200622737e-02 -8.201904469460614966e-02 -7.791364816441186114e-02
1.656841697650492107e-01 2.542353946715799826e-02 -2.682653932937286712e-01
-5.308482821561757992e-02 -2.336917777170215704e-01 1.500000657002480975e-01
5.973767401997211873e-02 -1.962292984538293455e-02 -1.592232704454903461e-02
-5.793121453542608990e-01 5.217357022883954698e-02 1.710221072101682505e-01
-1.121463969542246392e-01 1.950022161235743512e-01 -4.554480088663162562e-01
6.431558209701154771e-02 1.046462603394525126e-01 -2.715108172932083619e-01
-1.963784999269785891e-01 -4.029132198601760861e-01 -1.698925183828645380e-01
2.140292326722913197e-02 -1.336969785157769708e-01 -1.749603920392965861e-01
-1.790928809993276583e-02 4.154152270307993611e-01 3.126872745800869380e-01
4.719931186035264403e-02 -9.763656441255482710e-01 -6.824559121393390937e-01
8.217921343789337529e-02 -3.524460161690172733e-01 6.029595990015348406e-01
3.329481862477099430e-01 -1.597612935466712569e+00 1.135902183245970226e-01
3.189942529807160421e-01 3.452103822993152771e-01 -4.613345778031140154e-02
9.678996911143759874e-02 -2.655651348682462887e-01 -2.120902783784853196e-02
5.536262400479857043e-02 6.614828733263385108e-02 3.962228425417146371e-01
-2.333389847820445395e-01 -2.382196549772576111e-01 -5.239237590858025762e-01
-1.771542688303055779e-01 4.090295124469801036e-01 4.939963457529855106e-01
