-2.051849778362825616e-01 2.279644897061624764e+00 4.347991914639449951e-02
1.715250432195705999e-01 -2.075822217641402206e-02 7.838791195435873549e-02
-1.336432947358352941e+00 1.715912468403352764e-01 -7.352942197822072423e-03
3.315946255321706171e-01 -3.056222465997376903e-01 6.051162072626328076e-02
1.483367309079765273e-01 -6.727315899909954711e-01 -5.719567228064071501e-02
1.624156815402911125e+00 1.087013130816424783e-01 2.433886414141290255e-01
-4.243858754149289897e-02 -8.863343006207440034e-02 -2.694004280102521923e-02
2.264167127061376683e-01 1.320485326893053868e-01 -2.500424097786270727e-01
-1.662570646174008904e-01 -2.375878314108967881e-01 5.261374566680322024e-02
4.545395678191669481e-02 -7.137808821592740716e-02 1.674142318548709537e-03
-5.801171984811186455e-01 4.145358754801083817e-02 2.380524157078957870e-01
-1.153168827245128897e-01 1.949905147078123957e-01 -3.896908898698963064e-01
2.210995218789880284e-02 1.012927688823701683e-01 -2.387061444205333116e-01
-1.981699769810629508e-01 -3.532117059287057104e-01 -1.389480207379489296e-01
-2.835829539578357122e-02 -2.032344487433622449e-01 -9.490056555024629914e-02
1.135490405313538224e-02 3.570289792370084370e-01 2.974594633098544549e-01
-4.920139232931237255e-02 -9.689800858748573997e-01 -5.460308068338488585e-01
1.217904985863185047e-01 -3.799852081130843384e-01 6.186501494299752046e-01
2.341221468964377328e-01 -1.514736047548968845e+00 1.456975989874355892e-01
2.778228657338511209e-01 3.170524598647819770e-01 -1.093384336200919349e-01
1.404253993731203187e-01 -2.166272228597509730e-01 7.581624613841477997e-03
-6.711448230775103087e-03 5.165841357459400457e-02 3.258113657273996044e-01
-2.330683192417539462e-01 -2.337386580058252450e-01 -4.958243444949732015e-01
-1.117495587852129629e-01 3.778072156689928907e-01 4.820602963509588723e-01
