-2.421855028556063327e-01 2.219346516062373542e+00 3.392392128419094433e-02
1.581639393423594220e-01 -4.117369952305343153e-03 8.998547389083691450e-02
-1.577094103802660685e+00 1.686364275027620874e-01 -1.901967767154615421e-02
3.686632127802804693e-01 -3.465815829540079274e-01 6.440317980209792070e-02
1.147926406164135466e-01 -6.523092026662836718e-01 -5.476914181436811496e-02
2.001945257932528310e+00 1.936891348369791654e-02 3.334505584728058025e-01
-5.847255906333177766e-02 -7.393062534827000987e-02 -2.223197063075696769e-02
2.354133380287833366e-01 1.559946914872207269e-01 -2.371436960632459234e-01
-2.281984229128362629e-01 -2.133685073778772701e-01 1.093465937174954196e-02
3.013207931995035699e-02 -7.980696403043321951e-02 2.539285501113756460e-03
-5.618146863044072292e-01 5.130919591207270397e-02 2.435204734140006266e-01
-1.169278365751718063e-01 1.746449851420616151e-01 -3.438004933829725829e-01
3.022593143003100835e-02 1.205943852720270798e-01 -2.322749411780301587e-01
-2.085373072842207909e-01 -3.542011230662183152e-01 -1.467337029344161492e-01
-3.199400426790753593e-02 -2.117702678224195889e-01 -9.179997242268583824e-02
2.891548201110795066e-02 3.833311994068640538e-01 2.899247692718801561e-01
-3.494556564910042407e-02 -9.733178336957822863e-01 -5.464365906136086082e-01
1.191393484881393405e-01 -3.743598828059844785e-01 5.701341659916029370e-01
2.293612875359361536e-01 -1.523627079549976227e+00 1.396092028784973460e-01
2.752822520884473656e-01 2.978651295583614189e-01 -9.523560728275257126e-02
1.435654634165954013e-01 -1.970560870699562261e-01 -1.862390957285159354e-03
-1.007922422474697224e-02 4.570710522184023850e-02 3.359906387590336774e-01
-2.553651437426706083e-01 -2.359069899584825825e-01 -4.965969709491274142e-01
-1.157403720657962931e-01 3.722560658791275179e-01 4.872165310712575081e-01
