-3.471788623075285907e-01 3.821019842970609481e+00 2.897750353481096108e-01
4.666901290715656098e-02 -1.657431209354956470e-02 6.597684708747196536e-02
-1.011977910400080116e+00 3.480421631691362622e-02 -9.993863063153725357e-02
2.515160764996728360e-01 -1.665407399343497574e-01 6.138843928718767939e-02
-1.097549055032780510e-02 -4.794512573031273206e-01 -7.110435213218672945e-02
2.125205859743467762e+00 -1.300741519828039518e-02 3.136431470598338711e-01
-1.238002779789916692e-02 -1.631331163490734593e-02 -7.304431791297119093e-03
1.894105708972333990e-01 1.733336333161324683e-01 -9.740342402129673061e-02
-7.943518446575922876e-02 -1.490201427198687700e-01 1.624216493440534814e-01
5.141343977901174228e-02 6.078283500592591114e-03 -5.493009446077960246e-03
-4.824973857750127770e-01 4.378038091411516619e-02 1.753372901299728448e-01
-1.649548452434909662e-01 1.753222727383222102e-01 -3.657431036011075665e-01
7.865689784973239895e-02 8.565871626585226661e-02 -1.684093358767302651e-01
-1.594327140594758163e-01 -2.251000809191966157e-01 -1.045210061309868044e-01
2.290499772282904301e-02 -5.203159365343039411e-02 -2.307690012788110243e-02
4.917463790353426151e-02 2.400005789311524806e-01 1.684272134080957994e-01
1.118378498046821157e-01 -7.160349310795018907e-01 -8.797349050685534522e-01
1.659191114258854738e-01 -1.607487065182941210e-01 7.663844728941240358e-01
4.357116574896736094e-01 -1.180384830029504561e+00 6.763218213748241336e-02
3.121086218728450490e-01 2.571595908369490036e-01 -7.595689545457537384e-02
1.756045703857547491e-01 -1.744737930946705373e-01 -1.258935983358524524e-01
-1.446359571556354862e-02 8.419515156313431281e-02 3.312251420467696161e-01
-2.947308674010489238e-01 -2.126900596267749244e-01 -4.699810396794795175e-01
-1.400652759831177430e-01 2.952987343218526073e-01 4.361522338111342711e-01
