-1.062454612977414559e-01 4.317371282015074030e+00 3.582272695754225023e-01
2.319951072892163513e-01 -6.202170451795434303e-02 8.005241526516253259e-02
-1.072706746258825783e+00 1.192373762598836623e-01 -8.995968645657237417e-02
2.595914725141463819e-01 -2.366834535991793054e-01 6.628164177313265737e-02
1.526006833280049713e-01 -7.815535141258154184e-01 -5.025541754253898957e-02
1.147403157263055640e+00 1.711517169209516298e-01 1.419051899900552194e-01
-1.740702878834464451e-02 -7.517560935061169680e-02 -7.945041115651022001e-02
1.751420445794198699e-01 3.504883506517871700e-02 -2.572540467352397164e-01
-7.726202442910400092e-02 -2.206833863891302094e-01 1.375803269809101614e-01
5.600854874222073454e-02 -2.376901123460764195e-02 -1.450788488463860409e-02
-5.837854208777913945e-01 6.313420963044058531e-02 1.665375602256810306e-01
-1.219325811893603173e-01 1.893625119396273870e-01 -4.502043846265224580e-01
6.921542798630764270e-02 1.038499050055640277e-01 -2.603924426739782083e-01
-2.078977723252155019e-01 -4.251727782979296544e-01 -1.526731718028750129e-01
2.384082791649308475e-02 -1.246776013448923637e-01 -1.988481848425261156e-01
-2.623811418719762881e-02 4.029467683717183890e-01 3.243814028006322681e-01
3.177018531471484386e-02 -9.902098784593729164e-01 -6.816890804800986858e-01
8.878334549251755414e-02 -3.724696012833009773e-01 6.055384786473166914e-01
3.119173791365720261e-01 -1.617373233900985197e+00 1.292515980111426099e-01
3.534139992346657655e-01 3.339886396416217318e-01 -5.594400474941000484e-02
1.094288476223278100e-01 -2.540428637978111581e-01 -5.652944885662866681e-02
5.686993108917336170e-02 5.849515409424771439e-02 4.410793760359735249e-01
-2.523461105886026790e-01 -2.410087431094158350e-01 -5.301746347831903794e-01
-1.789321997495063044e-01 4.105224182028860969e-01 4.954528414296519578e-01
