-1.960968836698974149e-01 4.226380045487902137e+00 4.879473791060641163e-01
2.037007393924395449e-01 -4.942912879348684840e-02 9.917883617175847488e-02
-1.362396916700722826e+00 1.390812651905124209e-01 -7.403529116392572329e-02
3.232924344345772250e-01 -2.875750163044166197e-01 6.543270148088768667e-02
1.474235919771380021e-01 -7.520628919693997938e-01 -4.991831825166901521e-02
1.702626216514882662e+00 9.913750924133929443e-02 2.627122112825516775e-01
-2.845323678629379030e-02 -5.800426964349873760e-02 -7.329504762835389875e-02
2.044180115367537076e-01 7.523981679493926822e-02 -2.354322513986933374e-01
-1.675652507094849142e-01 -1.840573147235280982e-01 9.459438574016493240e-02
4.487686136667397296e-02 -3.508570261431419313e-02 -1.308445515301841222e-02
-5.925001707201267287e-01 7.382816124652927248e-02 1.772267132601981765e-01
-1.368196147163905363e-01 1.809034676098118244e-01 -4.237463670989940479e-01
6.706227472117400057e-02 1.025775454896743905e-01 -2.459839747780833974e-01
-2.215102066271114611e-01 -4.283109255926657588e-01 -1.310270976902883910e-01
2.109943363825822482e-02 -1.240049673336008768e-01 -2.057881477131270065e-01
-1.676414602739628723e-02 3.843088335913552034e-01 3.259612712564907144e-01
1.896189413432479084e-02 -1.000260101869482998e+00 -6.852809530441903441e-01
9.802034691782898768e-02 -3.723426383723606459e-01 5.968034905261758727e-01
2.859803921619211153e-01 -1.638095101855263191e+00 1.403474380116603859e-01
3.591468032324362514e-01 2.964347389019904577e-01 -6.686108274907784366e-02
1.127406936689655803e-01 -2.266214310045681635e-01 -7.073427269412735363e-02
2.013366543781917525e-02 4.976169356647971997e-02 4.468870047352249131e-01
-2.822551956713907351e-01 -2.411191337767671083e-01 -5.340049875542997038e-01
-1.656243683873359629e-01 3.974338564983299626e-01 4.968137669340799700e-01
