1.716765891455465931e-01 4.523612906403087663e+00 -2.079962474090128743e-02
-4.256078314393818562e-02 -6.666077583060535383e-02 7.703713509523772707e-02
-2.691251579559632012e-01 5.585188909349197983e-02 -8.406323298400084076e-02
1.559266542921085852e-01 4.450838246116267487e-03 4.304579556747818031e-02
8.615613397288772735e-01 -4.284218587780209697e-01 -1.697034683481458694e-01
1.135384348808031185e-01 2.434881692085480720e-01 1.150057886714464343e-02
1.180470757287672631e-02 -4.060503483258778162e-02 -2.296494821316247270e-02
3.115869482784958677e-01 -5.125930236547002368e-03 -2.091765123253686298e-01
1.223497656508254067e-01 -1.372330673934216982e-01 2.851302526754573852e-01
7.323501025864667668e-02 4.891876242685923304e-02 -2.169281140243421811e-03
-6.238838278896277068e-01 6.594023514680064091e-02 1.404316588156045431e-01
-1.902522671519902842e-01 9.806263002464711553e-02 -6.057739120908396391e-01
4.961552203735448974e-02 6.651031742962500160e-02 -2.166081374379385249e-01
-5.852872762283491126e-02 -1.045852296512088248e-01 -1.855359736966705475e-01
-1.614581723445707162e-02 9.874268859424829847e-02 1.247402818182648948e-01
1.090015885425254030e-02 2.217607398344980663e-01 1.652784558175011409e-01
2.513105878605751964e-01 -2.852788983141817392e-01 -9.556005855876094079e-01
1.297387635065380129e-01 9.510495440703989334e-02 8.949252489186608761e-01
5.688638519296870255e-01 -5.354742765706309582e-01 4.760952078337089138e-03
1.513446335115251618e-01 8.028794221950423804e-01 -8.291552475292913310e-03
1.223423906218258639e-01 -2.049800486490264417e-01 -1.707521827184116936e-01
-7.920446077006582097e-02 2.442163954518459801e-01 2.252918682975405262e-01
-1.188385506408945469e-01 -9.967681625729649109e-02 -2.374534596284209875e-01
-8.738261192110831355e-02 1.158157054490988047e-01 3.230163464559980824e-01
