-5.624237667127111873e-02 4.366469066848021718e+00 2.309228000702502892e-01
2.525059547794873960e-01 -6.564155438359131622e-02 6.911955847133231801e-02
-8.113452152187409228e-01 1.023459835628471454e-01 -9.746864646272533628e-02
2.003895856292012001e-01 -1.894122060181600287e-01 6.901852588840021174e-02
1.656214447385315758e-01 -7.845067959555355186e-01 -4.405314669989341542e-02
6.651099658828902861e-01 2.399955736260657446e-01 5.264396856562204852e-02
-8.486799704859875060e-03 -8.552622096944724472e-02 -7.854594321093809339e-02
1.587767150474368172e-01 5.909417224889108346e-03 -2.696208097084019650e-01
-3.528036990658919153e-02 -2.312060586912510485e-01 1.744027048126470525e-01
6.653432530177405546e-02 -1.418696340734111605e-02 -1.655300077843492937e-02
-5.818560237080606656e-01 5.544087970045401270e-02 1.511696008595232732e-01
-9.904625035329715776e-02 1.913573689367779884e-01 -4.733979108813492487e-01
6.149468850580597917e-02 1.117073275126760912e-01 -2.764799274905507809e-01
-1.870384846064674367e-01 -3.799155683833008168e-01 -1.682743065453465858e-01
2.357973749209609990e-02 -1.387768633057485934e-01 -1.685810635583105677e-01
-2.610432408711963956e-02 4.119035757812733456e-01 3.008367896435547584e-01
6.754633126520492858e-02 -9.426561069448725627e-01 -7.197533077192235229e-01
8.677012730460688383e-02 -3.450082143626670428e-01 6.390208681137817814e-01
3.704643976633252289e-01 -1.572489583800506852e+00 1.149590878951159828e-01
3.194706407301690088e-01 3.833453726457103916e-01 -5.551756020210861509e-02
9.976928134191542785e-02 -2.745545949918442585e-01 -2.780234292979442273e-02
6.356203233613910708e-02 7.546422334911452590e-02 3.870101808234037155e-01
-2.277783324144511123e-01 -2.312053356583098351e-01 -5.113851887126681373e-01
-1.851125655873187836e-01 4.017109421738755404e-01 4.899779651811133063e-01
