-3.128778437559183723e-01 3.647853375669462217e+00 1.658822112994437770e-01
3.578557053446940889e-03 -7.255934670513469742e-03 4.244198988802487527e-02
-6.639530009702313551e-01 -2.522010762471918119e-02 -5.380520977423774998e-02
1.640172022654654838e-01 -7.857973025198486394e-02 3.959373060709409087e-02
-8.898559448469579858e-02 -3.699767164310234224e-01 -8.311380594061029692e-02
1.841597636655183390e+00 -2.599266158315337652e-02 2.970070270641258503e-01
1.500641043097194344e-02 -3.837577840475997395e-03 -5.137167658895483956e-03
1.643738389119072940e-01 1.909404288617165546e-01 -5.885807815115266101e-02
-9.045812377940323779e-02 -1.420418976633567032e-01 1.556561691562442229e-01
5.215772904755826972e-02 3.059021165941284981e-02 -1.058366155239846493e-02
-4.043987175305792658e-01 3.827141859227246867e-02 1.650964607299860998e-01
-1.160562042885646961e-01 1.572243077784863663e-01 -2.911381367853491109e-01
7.834978492440590470e-02 8.687842923115007832e-02 -1.100773072966829136e-01
-1.258100124871844028e-01 -1.263364996228601989e-01 -1.113566437924641273e-01
3.344228690650161845e-02 6.197689517325443917e-03 4.410409123917254787e-02
5.289972772172800430e-02 1.715631470854058482e-01 1.109938179241238693e-01
1.598801288716374114e-01 -5.563881178724093823e-01 -9.473431330371876458e-01
1.849616733403003366e-01 -4.147720125327250540e-02 8.323666956236785985e-01
4.376168754568540709e-01 -9.133793053540010254e-01 2.384933394388843650e-02
2.803935768575805954e-01 2.755686838495889357e-01 -4.763931641015570900e-02
2.083703100288261945e-01 -1.536150054129540865e-01 -1.788099932637340073e-01
-4.493031063582766937e-02 1.090269722169107391e-01 2.975849962507099433e-01
-3.059253955505191747e-01 -1.827637482090602727e-01 -4.110784838427057886e-01
-1.181864331980302524e-01 2.345452819453476834e-01 3.769297769379172380e-01
