4.119979814644134652e-01 4.634747123046036421e+00 -5.478540739374951341e-02
-4.639711021765426380e-01 -1.126609233265520038e-01 4.291054372080842921e-02
-1.389613940269536219e-01 -1.491333586249438169e-03 -1.211231960628137011e-01
2.284848443831621334e-01 9.858700976909863523e-02 -5.500605053688688469e-03
1.365637324051161894e+00 -1.928921662685476879e-01 -3.190255027691488721e-01
8.395902998784551818e-02 1.975589251371306088e-01 -1.709714352374722135e-02
2.410402624322367858e-04 -6.627486156852020749e-02 1.078628488687620414e-03
-8.408259730607629823e-02 3.028706078896970313e-02 1.382352581639237962e-03
1.356901018724982477e-01 -1.412987155818942187e-01 3.007991475765650624e-01
6.867187946848954394e-02 6.256217166026489807e-02 7.210444922290237986e-03
-4.305768510758830603e-01 9.550849142207723519e-02 2.407222083639235996e-02
-1.904918013780769748e-01 6.338979344225954826e-02 -5.517312378872921697e-01
1.071703431535989404e-01 -1.798825826367553976e-02 -1.878178887569335598e-01
-1.680622472702876166e-02 -7.639202989394548726e-02 -1.207298566340490042e-01
-4.575660279335701242e-02 1.968381383743061375e-01 1.261021589576232504e-01
-2.066089846822488987e-02 1.278799815054613986e-01 1.594833792131095107e-01
2.502106577583182445e-01 -1.021787641683632314e-01 -8.447353054243693649e-01
2.536080550799406363e-02 2.448727107898851785e-01 8.092680984295563817e-01
6.311655524293504627e-01 -3.880632405280145525e-01 1.666880803271520925e-02
9.920514657323857566e-02 1.002652868274149345e+00 -4.397501567732964994e-02
1.484185063545837846e-01 -1.639769683789304433e-01 -2.300084532639348756e-01
-1.325555741478184058e-01 2.644704203429520950e-01 1.322421425272830298e-01
-1.284254989665900848e-01 -4.884889096404549519e-02 -1.179543551551551217e-01
-6.345455263390802070e-02 2.504817251702894099e-02 2.527239335988231694e-01
