-2.434496522594242485e-01 1.880627397307628179e+00 -8.166776293784880347e-02
6.394981083964686218e-04 8.663169860055448812e-03 9.315313375047608313e-02
-1.209244517139111519e+00 8.462883047089145294e-02 -2.465174569518857953e-02
2.995922502044382485e-01 -2.198184465860972825e-01 5.002542588559715647e-02
2.256497396115739879e-02 -4.199768723793637637e-01 -5.819814067996339352e-02
2.226038000632119651e+00 -2.776452078106204230e-02 3.663584142684758183e-01
-4.487711631298651332e-02 -3.326145665118487860e-02 7.425269945298260642e-03
2.192015951326388989e-01 2.167900469858409507e-01 -1.151523633610172098e-01
-8.748539686878223365e-02 -1.267099455019449761e-01 1.068275245854092281e-01
3.516656235762957022e-02 -3.112565750326882347e-02 6.863039466081356267e-03
-4.753208084080313700e-01 4.834987088959512985e-02 2.103309684163161553e-01
-1.585120001925442168e-01 1.427723813870998559e-01 -3.127778003600947265e-01
5.869917869242144426e-02 2.165762629203437650e-01 -1.721324312459936723e-01
-1.785139574773797755e-01 -2.283064683921870175e-01 -1.261320585051401155e-01
-1.344714925754836657e-02 -1.475479875784653783e-01 3.074396130153612787e-03
3.069728005562287823e-02 3.403919005443246659e-01 1.788639932540099231e-01
7.223588854919668623e-02 -7.528440478884567133e-01 -7.648626532441039627e-01
1.627480103681488433e-01 -2.275869949200560460e-01 7.269855407816260273e-01
3.654569485095037762e-01 -1.124403455051384171e+00 8.385222760191081426e-02
2.483315784248204261e-01 2.663209621372727431e-01 -1.042685019982683009e-01
1.713242403760105725e-01 -1.766986699288163043e-01 -8.432002760396313523e-02
-5.219605999271089564e-02 7.687244173507370992e-02 2.983739351274923290e-01
-2.687282049884097135e-01 -2.029700078565672972e-01 -4.492472194857826673e-01
-1.124136853279854992e-01 2.882650302453680924e-01 4.593173029201866320e-01
