-1.791875223602374667e-01 2.306025809538603255e+00 5.104632401159286265e-02
1.845003440865476685e-01 -2.611132756869247867e-02 6.880162488224296491e-02
-1.164363391216907795e+00 1.542678344060466888e-01 -1.888164473498463863e-02
3.022035894652351784e-01 -2.743906945806329767e-01 5.811671112465285199e-02
1.646854166496810323e-01 -6.751556890853716020e-01 -5.873695523315650840e-02
1.366191267990509051e+00 1.434690603153153943e-01 1.833589148728522189e-01
-3.286004924878476591e-02 -9.570143171023855200e-02 -2.996100236779915965e-02
2.162270546501551816e-01 1.179688125302848362e-01 -2.571395048848421072e-01
-1.006177054148140321e-01 -2.539885766989508076e-01 8.132496706712911971e-02
5.493235366759383065e-02 -6.376379700624851266e-02 -1.515020395266008678e-03
-5.794352564487085244e-01 3.079726970728941318e-02 2.361013621779921301e-01
-1.207237864758931717e-01 2.036691295891255027e-01 -4.082048015670521335e-01
2.182068085236082283e-02 9.000438496999679794e-02 -2.414430774498726173e-01
-1.866482784583140264e-01 -3.400178456466853016e-01 -1.478176084808760227e-01
-2.518194426673885100e-02 -2.007778769590890799e-01 -8.593568911478195738e-02
9.857605221377544955e-03 3.489378800925380109e-01 2.918273720370525570e-01
-3.762327261688716562e-02 -9.547551114935639571e-01 -5.572700891976229975e-01
1.279404310832245317e-01 -3.744772806565394019e-01 6.388606560772629450e-01
2.446835449397403994e-01 -1.492104170492929427e+00 1.304326154455809905e-01
2.703963835640789681e-01 3.360077860635899416e-01 -9.401959134142505448e-02
1.219115928803101712e-01 -2.346691577044502375e-01 2.408830954158900847e-02
-1.347204067280744107e-02 6.111576468031609116e-02 3.098093206689903067e-01
-2.129499520803857515e-01 -2.296993645941203532e-01 -4.930071072210376326e-01
-1.104213660209829445e-01 3.784427098574291159e-01 4.767309289072111378e-01
