5.175585533688225465e-02 2.720241458608007701e+00 2.348670256477379259e-01
-1.345527956205739395e+00 -2.458481435921283931e-01 4.740785459445858580e-02
5.862134891392534880e-02 -4.979823330998198877e-02 -6.217689128249043878e-02
4.019174909275054497e-01 2.952867766819606832e-01 9.783142047472312419e-03
2.012596789095554062e+00 1.012821968656073962e-01 -4.806202783013292512e-01
1.895730190958919703e-01 1.601048670549594100e-01 -3.347419405819064553e-02
-1.151072014799097848e-01 -3.623546283946981611e-02 -2.523821856223853327e-02
1.279375299228354967e-01 3.583649376727359587e-02 -5.501195974193794080e-02
4.979660464808104842e-02 -2.326395500286364826e-01 2.804689317759886391e-01
9.551738169353751751e-02 1.425326015500337495e-01 3.453754100764837298e-02
-4.732685083743911614e-01 2.786323778496805140e-02 1.748524071408619485e-01
-2.050135456173170778e-01 1.337391794480392582e-01 -6.414701204028960824e-01
1.088319036899200176e-01 -6.951489064912419469e-02 -1.655844297173772739e-01
-2.966018268398835575e-02 9.891538743509216414e-02 8.102608212971472434e-02
-6.216590771463328252e-02 3.291113886143092193e-01 6.073400236981761104e-03
-5.164475519632301392e-02 5.085748161107554038e-02 1.522606199015166806e-01
1.937268420790252410e-01 1.110978303133232509e-01 -7.413494748823254987e-01
-9.639064225131170616e-02 5.324896961397765915e-01 5.818960353145178344e-01
6.479089383362368615e-01 -3.232946644960162375e-01 4.818090834517855386e-02
1.231210599035850450e-01 1.188948703542663132e+00 -3.483216393482631984e-02
4.915544696121759705e-02 -1.355058418983654533e-01 -2.969152033992281670e-01
-1.594855761792874360e-01 3.120005136968517778e-01 4.971458891949639275e-02
-5.673563394298763302e-02 -3.882367763252517201e-02 -5.637826336715169584e-02
-5.781863342898647257e-02 -1.314347666185347770e-02 1.537976188585208348e-01
