-8.398855421956333278e-02 2.889980428013788405e+00 1.512625226893417607e-01
-6.078097124941078677e-01 -6.150442043490966793e-02 4.442020642645134326e-02
3.195190886791194340e-01 -7.272051073453170145e-02 4.788607429103670932e-02
1.444867128563768754e-01 2.679425168081244202e-01 -2.045429427701481173e-02
5.487377453944569661e-01 1.302400641839900619e-01 -9.817286920215645418e-02
1.827347986484022246e-01 1.128438792750602465e-01 1.719294451311292188e-02
2.637688654991281190e-02 2.243464884088142500e-02 5.008289103987986074e-02
-2.368464220179132898e-02 3.781928064683849899e-01 6.626091328140602810e-02
-1.062713401934206187e-01 -2.425880242251055308e-01 2.693808063195018421e-01
9.910557475576842190e-02 1.521677201230037246e-01 2.672378554657545841e-02
-1.594182087698367278e-01 -5.460380533395584046e-02 2.295847215259187724e-01
-3.575927127721347659e-02 1.404952029865356722e-01 -3.591050263771309869e-01
1.013737962954698729e-01 -2.920687714119478764e-02 -2.434065603707502232e-02
4.059570537048461450e-03 3.244700153081553351e-01 1.253058312820423681e-01
-3.463593966976780819e-02 3.075597542877578916e-01 1.305097826660593097e-01
4.084022845364552318e-02 -4.332847580383449027e-02 5.303560070579089319e-02
1.914329650213274225e-01 1.973326509503488535e-01 -6.665192817331880848e-01
-1.229508275059282840e-01 7.672240420503458891e-01 4.545271684749470631e-01
6.574732342624537429e-01 -3.876517489424330387e-01 -1.541872592870750444e-02
3.681524757771219292e-02 1.304936935899385198e+00 -1.739453417727314030e-02
9.039228643045940648e-02 -1.351023708648909083e-01 -2.661657166311560685e-01
-2.311847383635806941e-01 3.534622561282140807e-01 -3.373335822492753988e-02
-1.219736597661865291e-01 -1.703135274568800400e-02 -6.117175341817268630e-02
5.201706734437046287e-02 -1.151417335763611077e-01 7.746706024965954729e-02
