-3.142779198165597809e-01 4.010431329543295398e+00 4.573659458310878612e-01
1.104310993114282768e-01 -3.397795581676104487e-02 8.641094077907980620e-02
-1.378050584053089445e+00 9.928672527271846515e-02 -1.130846344615997062e-01
3.321619041212719448e-01 -2.603393648454415676e-01 6.801596155818112610e-02
1.069852937031244289e-01 -6.214832060070811792e-01 -6.254495550171569607e-02
2.207230337778762319e+00 -1.971343276541936019e-03 3.321018305843684848e-01
-2.590206741899851034e-02 -3.075549296788660306e-02 -2.848795746869703382e-02
2.083112754758241203e-01 1.511959515442137247e-01 -1.675404719932992170e-01
-1.084502111190708828e-01 -1.649067386370212940e-01 1.248951289656421021e-01
4.592345364110129308e-02 -2.167625797185028166e-02 -8.469735881536939737e-03
-5.488207668126882099e-01 4.529719278229765722e-02 2.101847079366259974e-01
-1.918500965711706086e-01 1.859169220831164704e-01 -4.061742740660275186e-01
7.202528782928240003e-02 9.584135485848349623e-02 -2.259397985306899337e-01
-1.978510535359408185e-01 -3.243199382194434377e-01 -1.173069754873448528e-01
1.089446479792155649e-02 -1.066802319222896339e-01 -9.610932315995565633e-02
4.237848727299105278e-02 3.312201861628139565e-01 2.454028234167487665e-01
5.029311878623450582e-02 -8.948351662536031537e-01 -7.402768365861935873e-01
1.344097243119206642e-01 -2.681330188491037325e-01 6.437025749337519365e-01
3.489848435760313228e-01 -1.453304244905325282e+00 1.018033626222436400e-01
3.174439088349040317e-01 2.932381072205289541e-01 -6.005979414532956057e-02
1.236079684209615143e-01 -1.990775722951823867e-01 -6.174125504973481532e-02
-1.952128394117719559e-02 7.051801156060083509e-02 3.698523815342565357e-01
-2.763872142826281353e-01 -2.284693779110256173e-01 -5.072245601855625008e-01
-1.379495930889699518e-01 3.479760234408648678e-01 4.727271051187540429e-01
