-6.050092643046982299e-02 2.378065387665029728e+00 -7.374535754698836182e-03
2.106936544884703277e-01 -4.849317193962297129e-02 6.407825265839829643e-02
-5.648141891025917349e-01 1.117369109860397169e-01 -6.260077625742983820e-02
1.432864544678275620e-01 -1.418293091285446061e-01 7.025907715786411378e-02
2.253597297759149243e-01 -6.478074505928603788e-01 -5.184803223979592840e-02
3.885464509124357813e-01 2.874960536419429169e-01 1.553000971103526626e-02
-2.501094946686810080e-02 -8.325995713303800672e-02 -3.681735661178462543e-02
1.623520064171815047e-01 2.117484525314791872e-03 -2.217551820253184369e-01
-1.081409568736367566e-02 -1.803207094864829885e-01 2.095142490923184164e-01
7.868226941132108743e-02 -1.607780215089381695e-02 -7.088848155498912382e-03
-5.650551856049847999e-01 7.907767261080632382e-02 1.043766008052453148e-01
-8.106201609636098926e-02 1.484834892486338043e-01 -4.696652819994910910e-01
4.335878752287975618e-02 1.251119784698052906e-01 -2.249906189876209883e-01
-1.633822929148800451e-01 -2.205741021851091721e-01 -1.382575130711755085e-01
-6.819176474800616936e-03 -1.679767530979260626e-01 -7.065709598205771602e-02
-3.601302703796667448e-02 3.115596162991948748e-01 2.297171512237131397e-01
1.114529745291735069e-01 -7.307763451912865360e-01 -8.417836706982406714e-01
1.630755544661112444e-01 -2.757527897391430227e-01 8.194068478688528723e-01
3.876890477423022285e-01 -1.221386279552201248e+00 1.355086130296314917e-01
2.875245346676763569e-01 5.140966238959793211e-01 -1.154639622605677235e-01
8.778396878222621824e-02 -2.717850226861779350e-01 -5.007358892038306364e-02
-2.653854789470198178e-03 1.329704663680610632e-01 2.926664641206737083e-01
-1.726285805001793183e-01 -1.767139538876468796e-01 -4.055320196561858492e-01
-1.373887543770374309e-01 3.068796746903287298e-01 4.296455170404153701e-01
