-1.512605358320089077e-01 2.317928216719115309e+00 4.443629150351474655e-02
1.956200923910516309e-01 -2.711605376291607514e-02 6.313635172889602021e-02
-9.838384439065780418e-01 1.391196989035425602e-01 -2.011185054064996633e-02
2.608403455265531634e-01 -2.390167166249829722e-01 6.063205644079927570e-02
1.744465232521081599e-01 -6.671700616615636736e-01 -5.666931101618874478e-02
1.074006676787326864e+00 1.783766051166368882e-01 1.262779819169005668e-01
-2.708650894612000398e-02 -9.780237557303772533e-02 -3.543559338441643752e-02
2.059491617620180515e-01 9.538100124506067312e-02 -2.607298044376497037e-01
-1.019238651295366060e-01 -2.649521403131738784e-01 9.587575628300380737e-02
6.442019578915712807e-02 -5.308769528331559739e-02 -3.718352818024787086e-03
-5.780162076187638220e-01 3.485076821795445035e-02 2.164979137118297758e-01
-9.368677167051366050e-02 2.021258183796877106e-01 -4.144740126924017498e-01
2.946939798792647114e-02 9.248712348399851235e-02 -2.385615329665282391e-01
-1.783866604855003091e-01 -3.154550156479331013e-01 -1.457152670594626664e-01
-1.851411060170810030e-02 -1.943348518816575277e-01 -8.427683393734526629e-02
2.043440195929292422e-03 3.371386524552335562e-01 2.782930680184863559e-01
-1.451352935986616535e-02 -9.228531608233716543e-01 -6.075370256611988262e-01
1.374697743086292778e-01 -3.589925604094471590e-01 6.786469777440135021e-01
2.692282000903072903e-01 -1.457812627139636996e+00 1.267698627351145080e-01
2.782820912072241915e-01 3.714249691218569072e-01 -9.470923322201393879e-02
1.144922232033833004e-01 -2.431726361253196966e-01 1.172850122303101782e-02
-1.055823049210109950e-02 7.086412089147023363e-02 3.052313052218283418e-01
-2.088529020259488056e-01 -2.245626553730446229e-01 -4.869774002536783608e-01
-1.203163089132682079e-01 3.739185110421613389e-01 4.718948969719519160e-01
