-1.750039762944143873e-01 1.693961085975599801e+00 -1.117104400544074450e-01
-6.822573576292050024e-02 2.824079967836215857e-02 7.924336872083564964e-02
-5.116860961561258136e-01 -1.433153115615183257e-02 3.149375610396565588e-03
1.644373707529372397e-01 -6.647457973653141117e-02 3.197979089945303388e-02
-6.655352958880385306e-02 -2.858129064722353396e-01 -8.399254194568203657e-02
1.646132411851389588e+00 8.762721329272178325e-03 2.683205349371007298e-01
-1.931957089675844375e-04 -3.669483407221059423e-02 -5.855773538033988770e-03
1.948738472409216049e-01 2.250212245281739687e-01 -9.026539886862018636e-02
-1.352640236138616947e-01 -1.549190442686157743e-01 1.069071027672306717e-01
5.376559261783793453e-02 6.420154469069556599e-03 -4.262572644210322302e-03
-3.666558041096538711e-01 2.756257382471048734e-02 2.168011408057455291e-01
-7.504380921742243027e-02 1.210575548475548019e-01 -2.375425611116721569e-01
8.317308089766747847e-02 2.153157913134100265e-01 -1.071345492574415081e-01
-1.264459903090864312e-01 -1.126512658758142688e-01 -1.815098888531920529e-01
-1.067211714429845129e-03 -5.070307120423645647e-02 1.145937602570357428e-01
2.050493862223249503e-02 2.564545969604817843e-01 9.503890733021846948e-02
9.989311653811572267e-02 -5.066339007251566828e-01 -8.576452133408515310e-01
1.697517676998408775e-01 -9.063212949270732510e-02 8.261606063789727061e-01
2.965509369256511540e-01 -6.195494205437855895e-01 4.418515276257212188e-02
1.800103494714774266e-01 2.944865920077055499e-01 -7.829696520203491272e-02
2.372237244399419687e-01 -1.585513544749536374e-01 -1.240346195403474877e-01
-6.629185119013432381e-02 1.272662383629885319e-01 2.403985294531626182e-01
-2.471691820950309149e-01 -1.718469193003095419e-01 -3.814736937413765183e-01
-7.938969876705974371e-02 2.145857124969542118e-01 3.845479049777600911e-01
