-9.714917021330331248e-02 1.504358693565739591e+00 -7.176409786402168645e-02
-2.151409133561421883e-01 -1.850416251316115354e-02 2.400342088822834952e-02
1.817467530103712148e-01 -6.236537732533229544e-02 6.100705633392267124e-02
6.003021514010037363e-02 1.238660802891622253e-01 -1.787922584401527640e-02
-3.755532009826337975e-02 -1.320124308642684208e-01 -8.189586411862369297e-02
7.295566303936646957e-01 1.150370001220578781e-01 1.023943941398827440e-01
3.814585604755867804e-02 -1.716906749945199678e-02 2.652478595411290364e-03
1.368208475087070441e-01 2.787692293171490920e-01 -3.629951028796526979e-02
6.386825843967636196e-02 -1.995788031604296409e-01 2.317538806850049093e-01
8.609233381757654124e-02 6.992164150216957641e-02 -1.398014214125735052e-02
-2.617560432977807383e-01 -3.958626977289253501e-02 2.449534845433728458e-01
-7.596075656769184226e-02 1.591545023289232252e-01 -2.812561875874029504e-01
5.649775492085781781e-02 1.212295852731444107e-01 -3.417512532173957313e-02
-6.929493660084105888e-02 1.779205343306575204e-01 -1.353973974708884698e-01
1.990806488941433694e-03 1.598243365081278983e-02 2.162952108655547545e-01
6.124956089891703953e-02 1.161199919025923816e-01 5.182276808831911413e-02
1.554311439523344274e-01 -1.680285807543444032e-01 -8.509547184172929768e-01
1.505804646477544861e-01 2.223035194198833830e-01 8.279143834976822047e-01
3.240630276471673787e-01 -3.747847754898732675e-01 2.791056960896645678e-02
1.443744799961665104e-01 5.599039215788433888e-01 -2.651016024940211144e-02
2.140748549348414353e-01 -1.409572781979044620e-01 -1.686059570565106580e-01
-9.824241026304945945e-02 1.935673059187341671e-01 1.467789296773214514e-01
-1.646575949405717221e-01 -1.089738409447400524e-01 -2.484934242151673744e-01
3.367873957125623510e-03 1.005856855523182269e-01 2.309853949652994898e-01
