4.523902018699510474e-02 2.727672876769025923e+00 2.518908385661698945e-01
-1.399033459270242252e+00 -2.607463528052926804e-01 4.633074034846122735e-02
1.508690592702301991e-01 -6.754743216214226242e-02 -7.148164510777484104e-02
3.816095245022383953e-01 3.419565900219652677e-01 -1.166516414885191213e-02
1.940040106112169038e+00 1.531750740984888781e-01 -4.669794823380854498e-01
1.729563895789092975e-01 1.553628297192409524e-01 -2.052294440565131592e-02
-8.676399025743883331e-02 -1.883378860256246928e-02 1.669882390685893279e-04
-1.172708698363181118e-01 1.088293555617429742e-01 6.633979928058787723e-02
2.618550927976290299e-02 -2.023280040264532897e-01 3.089692349408129091e-01
1.008489733781677278e-01 1.655838561342682369e-01 3.874905015598598124e-02
-3.105107559054356980e-01 2.353234204549387032e-02 1.350532241257127175e-01
-1.772200306877619591e-01 1.110338829090694590e-01 -5.703668723293605636e-01
1.544513190061829744e-01 -8.454775394893410123e-02 -1.298368043602522170e-01
-1.664335751002316358e-02 1.848332659062379424e-01 1.448794836061040314e-01
-6.615870623420089247e-02 3.632518155902828560e-01 -9.730791154325419551e-03
-6.600411678314274666e-02 3.981568764283590842e-03 1.334233105178602719e-01
1.997230054061239768e-01 2.249903417893852620e-01 -6.698800883639098869e-01
-1.908897984398527092e-01 6.563679667942253770e-01 4.418166178654463483e-01
6.841062572675711273e-01 -3.336170962763263526e-01 4.038432068827593063e-02
5.279362100357866405e-02 1.378253488129616677e+00 -4.505390932898545309e-02
1.975505626046332799e-02 -1.502211985251258042e-01 -3.090765345114502849e-01
-2.381452645753784347e-01 3.657761859693177131e-01 -1.480738324282009077e-02
-6.227131301446096195e-02 6.219791118703859797e-03 7.729103274489484282e-03
-7.989126881566470037e-03 -9.446674023145734678e-02 9.213626451379534898e-02
