-2.927559477468321125e-01 4.061320302129586501e+00 4.887345677712243708e-01
1.326825636385122464e-01 -3.483987270506032352e-02 9.326992348180487835e-02
-1.429143498872254225e+00 1.109529851432019543e-01 -1.028501453520541120e-01
3.425724281617624767e-01 -2.789854785312611551e-01 6.775809001429784761e-02
1.249575448867175781e-01 -6.590659244461380961e-01 -6.121018122544685802e-02
2.164350164119759334e+00 4.351330297091323372e-03 3.325305508830116441e-01
-2.781862206883399524e-02 -3.679572673713518011e-02 -3.987258316067134045e-02
2.153976794749138668e-01 1.382558159293544309e-01 -1.925046825849007215e-01
-1.533777294586500528e-01 -1.745342081391897116e-01 9.726673569910040951e-02
4.247678876265417042e-02 -2.908239982397779408e-02 -1.018985239909578691e-02
-5.619606454503766058e-01 4.959134269086402924e-02 2.173667711111620104e-01
-1.762547476083219933e-01 1.845948566444241823e-01 -3.992637024638753251e-01
7.182120091560215136e-02 9.910676276533640638e-02 -2.352370213802002785e-01
-2.048877738436248874e-01 -3.507572208195862684e-01 -1.289046059519851628e-01
1.017819912950702031e-02 -1.140815414029024422e-01 -1.155783231701734554e-01
3.375099612544783800e-02 3.521645875519565649e-01 2.647833295815425481e-01
3.945652974359965814e-02 -9.286213642664710166e-01 -7.070508393998384822e-01
1.263344320790999731e-01 -2.961404163530257372e-01 6.116576818959589268e-01
3.223387909021766529e-01 -1.517674111360344691e+00 1.065190614844365724e-01
3.206160793714435964e-01 3.021189052002509201e-01 -5.132337358141395717e-02
1.154516308749074655e-01 -2.075487470510842258e-01 -5.185137073841344924e-02
-2.193260679399235136e-02 6.987658827575414511e-02 3.830012482033813281e-01
-2.780869691447583336e-01 -2.332944985440281171e-01 -5.192632871075351098e-01
-1.381885263082018034e-01 3.608021848074668414e-01 4.815005482115338187e-01
