-1.093603851119350767e-01 1.336018198045942462e+00 5.977909319650565045e-02
-6.312052348656446155e-01 -9.595691937112391101e-02 2.838629822237599687e-02
3.278432865643984839e-01 -8.003409879785526593e-02 2.330306462691307187e-02
1.346705339632829901e-01 2.761356521560330846e-01 -1.752420818613939155e-02
5.576939361937430784e-01 4.240005632812123698e-02 -1.327777296286361541e-01
2.069706008670850472e-01 1.365863897544699057e-01 1.923823106738934904e-02
2.937821416660878898e-02 2.430199777197409455e-02 2.535800859044247402e-02
5.376184758996223334e-02 3.407549628829140143e-01 1.301955948279578251e-02
-2.488940814013948163e-02 -2.472618767375533433e-01 2.640790996276983216e-01
9.629759523134745480e-02 1.481729010481474540e-01 1.472001856483733453e-02
-1.937200604866210762e-01 -7.895102047060689743e-02 2.606196297529908557e-01
-6.412848842110198400e-02 1.654857250814174285e-01 -3.445925857675372073e-01
9.535266858427375591e-02 -4.096026599614680831e-03 -2.004044840424123314e-02
-1.187863644144827695e-02 3.415526884359856297e-01 3.088927573023115755e-02
-7.683569777133670252e-03 2.124002189170841326e-01 1.628600034616589087e-01
6.364337485398088856e-02 8.680234623448516984e-03 7.330411527606923994e-02
1.698421774906994919e-01 2.029788910632982224e-01 -5.660449768178683616e-01
-6.617414369349583492e-02 5.572717553731819651e-01 4.195353997498024179e-01
5.213426917900795265e-01 -4.006748263475645722e-01 -3.223291703416104881e-02
8.827622211046151635e-02 1.244307068854615839e+00 4.732132062538033784e-02
9.946413391993653985e-02 -1.781679480229678425e-01 -2.113374652047898816e-01
-1.694727735410347935e-01 3.615670527298084913e-01 8.877835253584110894e-03
-9.325009978494303020e-02 -4.078920379838443799e-02 -9.322134358671994858e-02
4.475411011361177943e-02 -5.903281349628618918e-02 9.460393230905765616e-02
