-2.673925951337526308e-01 4.105760872384101035e+00 5.123350296267996651e-01
1.632113065669661689e-01 -3.421609713315878348e-02 9.847799120377741244e-02
-1.447146864722286264e+00 1.215061086578910488e-01 -9.097292610164597892e-02
3.436030790278784552e-01 -2.914868645340607523e-01 6.789474706588570496e-02
1.265095620085561201e-01 -6.930956131596610614e-01 -5.546569200650134507e-02
2.082684067248939730e+00 1.857694465404173198e-02 3.240660489465733707e-01
-2.625004017850958785e-02 -4.205798091043886494e-02 -5.223978509711461188e-02
2.223986821804642133e-01 1.236218215712876350e-01 -2.132163402223090087e-01
-1.947200799109262137e-01 -1.837872497895251256e-01 7.755766964123241014e-02
4.152652736044550735e-02 -3.395042289987865863e-02 -1.218072609441841689e-02
-5.741538287340099966e-01 5.629560493088675566e-02 2.153581951026913022e-01
-1.561191674315386690e-01 1.826258798974650099e-01 -3.972557658584116580e-01
7.400023143243843193e-02 1.022420387043059403e-01 -2.428307879459229435e-01
-2.100697173631773385e-01 -3.746821703573162687e-01 -1.348676140213845021e-01
1.235663055329168022e-02 -1.178722748209629911e-01 -1.391514844819615182e-01
1.912942795245716962e-02 3.664173971094090709e-01 2.818140336886570951e-01
3.138653159224828737e-02 -9.515016032389658207e-01 -6.909018843489166395e-01
1.174365136487281747e-01 -3.218174424050916360e-01 5.959831369635345544e-01
3.060965503116542807e-01 -1.568726171586544371e+00 1.153734119030855876e-01
3.268127375649346189e-01 3.061034749991257686e-01 -5.268454573028875931e-02
1.150054878326437491e-01 -2.137263020671548996e-01 -5.249984034461497445e-02
-1.890503168897854705e-02 6.811090418671708613e-02 3.998800245146116872e-01
-2.841671600215059934e-01 -2.376917743379617087e-01 -5.299061217512378574e-01
-1.429775292457039493e-01 3.716979461594073220e-01 4.899340650784265727e-01
