-1.091466229703376561e-01 2.949254900753984998e+00 1.254529471504353677e-01
-4.720055650756794230e-01 -1.683335463431574405e-02 2.799754397899071809e-02
3.493860613996159215e-01 -8.195863498877084541e-02 7.138078251716718781e-02
9.873419540411935980e-02 2.420387238712946587e-01 -1.756132371965709454e-02
2.742829643466047629e-01 1.134870703088211308e-01 -6.667365714346955297e-02
1.876752053448971780e-01 9.057567815787591348e-02 2.746334364431625083e-02
3.051420832334761010e-02 1.704187913029483678e-02 5.042325857310728937e-02
-9.758413653606455920e-03 3.827397382749448407e-01 5.169070378209038308e-02
-1.250244791154358770e-01 -2.579608105430898357e-01 2.589126920071216365e-01
1.071925683861906092e-01 1.380672762425804723e-01 2.151772206906352528e-02
-1.418354039492950025e-01 -5.939419300937801710e-02 2.378821664832620197e-01
-3.664319308615616652e-03 1.448862934267302061e-01 -3.244653075804874720e-01
8.457996538709668111e-02 -1.272682158776764112e-02 -7.273512835690699140e-03
3.447827212148730103e-03 3.265258174431434068e-01 1.147401266964493960e-01
-3.141875620325276092e-02 2.755222434318339020e-01 1.435430860054464075e-01
5.032453019708572201e-02 -4.626252917557149152e-02 3.742633661625615477e-02
1.901633177464801538e-01 1.644542240308651260e-01 -7.062034589062832213e-01
-7.063080335230081941e-02 7.274810257951307424e-01 5.306456770392331546e-01
6.344857300532511513e-01 -3.920671035461659737e-01 -6.306941971756939609e-03
6.565187300563826711e-02 1.270599852843526278e+00 -2.041309345910909123e-02
1.159344480650570247e-01 -1.339214907774534391e-01 -2.581123311036674917e-01
-2.455173112478994946e-01 3.457580520749248265e-01 -2.363209821449364575e-02
-1.486030486653269478e-01 -2.769959071440066672e-02 -8.271135098400239638e-02
5.358374523842499709e-02 -9.995101857207314144e-02 8.169160040000600365e-02
