-1.529671710459885592e-01 1.583022531457638271e+00 -1.061009504174806328e-01
-1.205654389637494245e-01 1.713970193669868067e-02 7.888881577954245938e-02
-1.248965240559551659e-01 -2.539773009049566682e-02 5.412678466943533773e-02
9.798289074693325440e-02 3.117350254741948351e-02 1.115755863461311004e-02
-6.468481626420657937e-02 -2.140592393537155413e-01 -9.205213670916166657e-02
1.315575897232903024e+00 1.087160842095091645e-01 2.413066001266911675e-01
4.424362436108700281e-02 -2.271648201049246071e-02 1.186168579768404757e-03
1.498069145278267400e-01 2.506539696968348441e-01 -5.697835368510509313e-02
-1.549290378786910283e-01 -1.137678255234138569e-01 1.341447543428519185e-01
5.547104610573357769e-02 3.505490248855310659e-02 -1.043666096318373107e-02
-3.118824830377683877e-01 5.139569076715117847e-03 2.382924776740585060e-01
-5.109268174217646008e-02 1.196984506903941703e-01 -2.064802734666967010e-01
7.887486829423022427e-02 1.950683980329666611e-01 -4.306752337895122101e-02
-1.019722496500296838e-01 3.653244641829864192e-02 -1.931172555950176062e-01
8.101042608115619631e-03 -2.908836035007642332e-03 2.026530402624538152e-01
3.781834633364721671e-02 1.705772862071359142e-01 5.043034718918755488e-02
1.127293722439511037e-01 -3.276427252848503890e-01 -8.715530393512476159e-01
1.712479286375942211e-01 6.494945922481888678e-02 8.425184589677537916e-01
2.346561334534171539e-01 -4.131849104959704477e-01 4.709606025880440361e-02
1.324356361321572528e-01 3.627168581006066095e-01 -5.385846236406966608e-02
2.564253820538949236e-01 -1.498139830928309491e-01 -1.481584830658862206e-01
-9.687091913650464070e-02 1.695002772687490000e-01 2.035511135355228818e-01
-2.235343449776016622e-01 -1.375777162212985794e-01 -3.161644568076621420e-01
-1.945586616002195970e-02 1.427558328715880787e-01 2.988995179138770331e-01
