-1.216013772017780215e-01 1.305553241772308359e+00 9.531929966116661768e-02
-7.779118556706340337e-01 -1.354341177747585001e-01 3.435422615212432168e-02
3.213416554251642410e-01 -7.855818276138822054e-02 2.115688599858517413e-04
1.780453498877949126e-01 3.025285443768154781e-01 -1.879535028219244536e-02
8.535560341254543326e-01 6.228934201310387664e-02 -1.942621820313381042e-01
2.051911461255258862e-01 1.511628294717323739e-01 1.342858176007141746e-02
2.202450368102478254e-02 2.332384368236382899e-02 2.281431928817299198e-02
1.670943228839885664e-02 3.248267739441753621e-01 2.436054262634871487e-02
-2.063462934846813958e-03 -2.365949537160144112e-01 2.749971647018192300e-01
9.764356058591201759e-02 1.583176522860381685e-01 1.907083228843818937e-02
-2.099639897194476301e-01 -7.657848861419414010e-02 2.589597235634548689e-01
-1.002467402254234030e-01 1.605684354992488183e-01 -3.808549016429120249e-01
1.150641033996531448e-01 -2.004723871640207850e-02 -3.269643001684537781e-02
-9.057839284951274203e-03 3.304351707441681163e-01 4.526739866086606362e-02
-1.346173059768923652e-02 2.436552039250527157e-01 1.382438970165059400e-01
4.533264632809055200e-02 1.122725796274157486e-02 8.844813167964933609e-02
1.632536204200304986e-01 2.304436174668939852e-01 -5.293192987217089085e-01
-1.032567449599623849e-01 5.749502254109866151e-01 3.669812310126980281e-01
5.317553943030624009e-01 -3.896554760507017767e-01 -3.458956178375227619e-02
7.418246890654089931e-02 1.320195320013937357e+00 6.049357494613406133e-02
7.249114668097302039e-02 -1.845886861574561333e-01 -2.094559470916676769e-01
-1.905935212774367005e-01 3.812690922633642510e-01 -4.110374214809783648e-03
-7.358712623137195208e-02 -2.734616209833996142e-02 -7.084877156250070362e-02
5.003791084085536939e-02 -7.534434404361506354e-02 8.659807807338293362e-02
