-1.455527596312916061e-01 1.193898067182854295e+00 2.164740818638740683e-01
-1.463501743132016086e+00 -2.288095401454942335e-01 9.482595692605635951e-02
2.257389158924429928e-01 -8.609933442441247697e-02 -9.605477565854296518e-02
3.979335606305249295e-01 3.599293056039055694e-01 -5.322289058048359535e-03
1.858372734799398573e+00 1.781154024439364214e-01 -4.678576936885619486e-01
2.125230756519338182e-01 1.809837470015384087e-01 -2.863344953077634134e-02
-8.817497021018309844e-02 -2.475869440556478784e-02 -5.686321174050651753e-03
-1.576678545426468941e-03 1.163562980091432941e-01 1.391920133612980712e-02
9.280077934797263672e-02 -2.011526071626823786e-01 3.318899760363245299e-01
1.212617987698018374e-01 1.623954019920625380e-01 3.775866797829714044e-02
-3.236027440566313640e-01 -1.575326933220635994e-02 1.907693879556486283e-01
-1.967330163083309269e-01 1.296638927430643629e-01 -5.790826147281630254e-01
1.784582276540608858e-01 -4.357628021192976042e-02 -1.097325493711098499e-01
-1.060467509100378181e-02 2.235410693133468851e-01 1.135606526493850021e-01
-4.498028386546212842e-02 2.991871337473626102e-01 3.354454075074469847e-03
-4.214990430961171319e-02 3.756850656898366031e-02 1.371080104285208323e-01
1.597328722645502408e-01 2.864611920783902699e-01 -5.542836934637468405e-01
-1.746854591205030671e-01 5.432733883506514205e-01 3.750306454824594016e-01
6.102787970439658150e-01 -3.521329220327864551e-01 2.527687564997983111e-02
1.003528725973558411e-01 1.474654865921384950e+00 7.332703995191923972e-03
-1.705511521939453295e-02 -1.786136550158740066e-01 -2.616820243463124362e-01
-2.409701871758803959e-01 3.859040184057015987e-01 -3.828710554316040477e-03
-3.115631832426278905e-02 -1.218300018502133097e-02 -2.327884418788881554e-02
-6.571595139108820337e-03 -7.553489844176956847e-02 9.791273819012824564e-02
