5.179739874620312712e-01 4.679094481170667841e+00 -5.299794756171714860e-02
-6.244437768566075686e-01 -1.593606943431122025e-01 7.648574798068830637e-03
-9.762980080580985209e-02 -8.749337827991726657e-03 -1.180764062843378259e-01
2.531081793220323339e-01 1.353264758277183677e-01 -2.000069823978251060e-02
1.451453707067815735e+00 -1.310904678417465496e-01 -3.367293230695665995e-01
1.168204823752323485e-01 1.897295721577641758e-01 -3.917117888696885347e-02
-5.449906308630096327e-03 -7.342394855835303324e-02 8.374534960983823217e-03
-1.834516302772512819e-01 7.214684383334124540e-02 7.219463230819717081e-02
1.216455284289472000e-01 -1.659709451202284469e-01 3.027308318201598625e-01
7.289569923909533511e-02 6.956146120973312474e-02 1.041348536966671401e-02
-3.499934670498767719e-01 9.167295309878373266e-02 9.865766403077328231e-03
-1.852864906659716648e-01 6.719045667929449128e-02 -5.354993473845820473e-01
1.174577356126813021e-01 -6.570399450223377014e-02 -1.845102921624425241e-01
-4.212508807588931717e-03 -3.442085353630619515e-02 -9.212396137949990793e-02
-6.154470702291935102e-02 2.074465719961767485e-01 1.228561303174456609e-01
-2.534015362991916959e-02 1.007712237164209157e-01 1.705546197050044066e-01
2.474973998487819404e-01 -1.115698628535003421e-02 -7.672114934633306182e-01
-1.580038412478015214e-02 2.916948452561627381e-01 7.390344507028974164e-01
6.490640786500820880e-01 -3.751288486729348337e-01 2.451733091257128974e-02
6.026227072119322292e-02 1.152567693548691707e+00 -6.458746219674769973e-02
1.309579542317713674e-01 -1.614525482930496691e-01 -2.206501324353468962e-01
-1.845698828129692659e-01 2.961088592063981784e-01 7.218453399800173198e-02
-1.091628539494866185e-01 -3.410768027704844108e-02 -8.464518198400040883e-02
-3.899903960169261857e-02 -9.054902862486365403e-03 2.307910170441390685e-01
