-1.116756042378636293e-01 1.157768919887552039e+00 2.066954654441087724e-01
-1.433651477499634730e+00 -2.332028360509697529e-01 5.979232006797621790e-02
1.088869928424661265e-01 -7.546461586624225726e-02 -1.087840459653453828e-01
4.075222977387323309e-01 3.173917432472729283e-01 4.461225723326228861e-03
1.931431887903480416e+00 1.456882481878120361e-01 -4.991230878600316223e-01
2.205028119099751716e-01 1.744927482033670207e-01 -3.753209157624542991e-02
-1.064331353634260791e-01 -4.156771064058270571e-02 -1.568219907786400080e-02
-7.387163858976991682e-02 5.454094616760108566e-02 4.423505085412973714e-02
1.045495974563562941e-01 -1.984056709874476576e-01 3.118367041349329738e-01
1.105630689395511179e-01 1.418800164535975461e-01 3.103196587301056131e-02
-3.448081580292428061e-01 2.619083283993107331e-02 1.006284006802033587e-01
-1.826572512625028455e-01 1.249277052259317317e-01 -5.571389677883755720e-01
1.597531488759559304e-01 -2.792400943961713053e-03 -1.469236113072138750e-01
-2.075959895159082066e-02 1.415816388503962076e-01 6.973341332122215408e-02
-3.275836570220200944e-02 2.643785532779648895e-01 1.303538009481353122e-02
-3.921956291941416234e-02 8.975908013580848055e-02 1.263509296881831223e-01
1.834209293323340595e-01 2.048239884919845211e-01 -6.572774990039499388e-01
-1.143479251721885442e-01 4.378291885297211916e-01 5.105054576561480761e-01
5.947402378523253264e-01 -3.291586636330067206e-01 3.595624476267372804e-02
1.505425700833510905e-01 1.240369020330272853e+00 -1.682041247691643676e-02
1.363899397619881999e-02 -1.584893210408533926e-01 -2.620598746514736233e-01
-1.574735937722402390e-01 3.231174188345758425e-01 1.327328957096888563e-02
-5.109213614977545226e-02 -2.703616623400391383e-02 -3.332274135736681964e-02
-5.131999453257417992e-02 -2.637937028940924578e-02 1.376934885295451605e-01
