-1.276923003485961883e-01 1.263623630356072614e+00 1.534522283128674502e-01
-1.077606058417033719e+00 -2.049186487214387786e-01 4.448066458996463579e-02
2.793130214411736478e-01 -7.983966875802096796e-02 -4.623219382751551920e-02
2.727692917554391805e-01 3.391622091395174454e-01 -2.002619457983108309e-02
1.341975823764852915e+00 9.340290189822406108e-02 -3.200810939643359276e-01
2.188820909242597534e-01 1.649906382956263795e-01 6.380993960294998203e-04
-1.377753476731073505e-02 1.178195827303690421e-02 8.927953952788638542e-03
-2.828251068944508118e-02 2.544176007005812812e-01 3.671924964891596505e-02
4.107391968489898515e-02 -2.195180016978113824e-01 2.986345126994690569e-01
1.016034393361373994e-01 1.699082034256109430e-01 2.603349753870343869e-02
-2.394032912124814394e-01 -5.478963712469905184e-02 2.358151168217801630e-01
-1.570963397504812065e-01 1.459233791094787513e-01 -4.609508082826603848e-01
1.466879587921374739e-01 -4.800551598417507337e-02 -6.509543893708859275e-02
-1.141129400622557452e-02 2.923150690449087263e-01 7.583857104550442707e-02
-2.820976894164851576e-02 2.884041427550982362e-01 7.685048950013023683e-02
1.459127850709002324e-03 1.981576930676022877e-02 1.194826785999236057e-01
1.580428742864865010e-01 2.681852501068892058e-01 -5.018673725415364606e-01
-1.612317164567687311e-01 5.909355156197176884e-01 3.150739323621967736e-01
5.597988015322015176e-01 -3.649993947371253378e-01 -1.172761665047542326e-02
6.400026238323540395e-02 1.418527845076940075e+00 5.109189128129104640e-02
4.379433831135023242e-02 -1.831142477553623638e-01 -2.302917140913635363e-01
-2.127054818279444093e-01 3.960960253516110918e-01 -5.318862447262436878e-03
-4.889371135860168249e-02 -1.156566743580863220e-02 -3.390095384101902976e-02
3.888908671934599576e-02 -8.901580711566244031e-02 7.755756599290546116e-02
