-1.595414646860377483e-01 3.147454397305560203e+00 4.241599750010771608e-02
-2.720129348365432631e-01 -6.674991847948887232e-03 7.832134203904269482e-03
2.951926748008442680e-01 -1.039841025305353744e-01 9.213052271504700019e-02
3.765674711602057245e-02 1.771556079052246657e-01 -2.787397485942284120e-02
1.158844429461228231e-02 -2.120846468179531791e-02 -8.396933433977170347e-02
4.799296101634682454e-01 2.435323567569402242e-02 8.638407784831003688e-02
3.175697657663707762e-02 3.764037329081092263e-03 6.861200641405608772e-03
5.451463952981748518e-02 3.116845788522865646e-01 1.451830855714783888e-02
-6.385863223819941703e-02 -2.616125450441380562e-01 2.097894415337409890e-01
9.634597162177988006e-02 9.630832378022581575e-02 -6.781583058786111277e-03
-1.977840137167172496e-01 -2.725953033159376690e-02 2.181460931969141925e-01
-8.749823090151006774e-03 1.389726782603771804e-01 -2.692757211906298687e-01
5.156552681244336300e-02 6.070815415054494485e-02 -2.583357862987583839e-03
-4.642509782730810941e-02 2.221715472682555537e-01 -1.847069097196818790e-02
-1.004521559216266062e-02 1.513577946296903731e-01 1.714588234193811234e-01
4.962481179574527307e-02 3.335219747961865999e-03 2.513251984599852024e-02
1.923424647106990182e-01 -5.789163625338129837e-02 -8.880843630291067603e-01
1.340301988602098648e-01 4.251017408981533907e-01 8.400902049882132960e-01
4.640346023792008001e-01 -3.482032105614021322e-01 3.199917246398654297e-02
1.970602282275504824e-01 8.786129325703199155e-01 -1.943614743149576704e-02
2.229512278786784651e-01 -1.152257654665806846e-01 -2.462777413430780327e-01
-1.957342815251500168e-01 2.517550041013180140e-01 1.113400508952869100e-01
-2.013585130205435836e-01 -7.130487918519916313e-02 -1.800744391723585469e-01
2.107402525230818099e-02 2.272354053060419640e-02 1.665624257242934725e-01
