5.618745077211431127e-01 4.714212466909269317e+00 -2.474484944190825236e-02
-6.755593513720410392e-01 -1.814482304918889066e-01 -1.584225123633555736e-03
-7.400048894682098588e-02 -1.203529890738465682e-02 -1.089615438042677575e-01
2.561944116800100590e-01 1.531428939498696851e-01 -3.119029326605624042e-02
1.390743318721908706e+00 -1.290175982470807003e-01 -3.241706740455340685e-01
1.590479105701128326e-01 1.828802472344418784e-01 -3.481561658876641124e-02
-3.533883777108715301e-03 -7.111636448938850330e-02 1.710903042969705648e-02
-1.903014693635903809e-01 9.786479839669097458e-02 8.882904225345202021e-02
1.003132541032448199e-01 -1.809908829224357307e-01 3.021005620178940365e-01
7.548668853329230932e-02 7.289274507878881759e-02 1.344360863641341601e-02
-3.107409732140293812e-01 7.913318610080713467e-02 2.998519148140210699e-02
-1.777900445802198526e-01 7.269291580603658154e-02 -5.252157427361575648e-01
1.122596506991039578e-01 -8.832435344159501878e-02 -1.754973046559863137e-01
2.294810430012659153e-03 1.741023749553253022e-02 -7.986417018816879820e-02
-7.196140660561045621e-02 1.935984974059321018e-01 1.406965975183807060e-01
-1.402217295999407150e-02 7.864648139310580210e-02 1.748009659797514215e-01
2.450597431575527174e-01 3.659205158359037091e-02 -7.026807267365121623e-01
-3.098762323229129617e-02 3.136881061143593774e-01 6.934928886481684929e-01
6.618527656492281253e-01 -3.940212992843447060e-01 2.295574416681861810e-02
1.735717532835029039e-02 1.260460118954215725e+00 -7.578436982088336549e-02
1.214744022073444563e-01 -1.711958836482704305e-01 -1.987876283248781739e-01
-2.401870897185144904e-01 3.247052496164102298e-01 3.356508615653082395e-02
-9.695257884842557738e-02 -2.741790630935420775e-02 -7.540696990475943828e-02
-1.273958903460542004e-02 -2.897629850916661268e-02 2.166905225860862039e-01
