-2.690239939652753764e-01 2.126024720433599580e+00 6.841279951870356431e-03
1.201917161140284018e-01 1.368835216756107177e-02 9.930915780095417311e-02
-1.637666820843415749e+00 1.425826822572935637e-01 -4.550767573459969795e-02
3.747603946254091656e-01 -3.432937114122370237e-01 7.065396022416520205e-02
1.003387921447416176e-01 -5.956851361271250367e-01 -5.916697460138805459e-02
2.254794005049025163e+00 -4.708226647838201911e-02 3.824854028326797328e-01
-6.166745720904816264e-02 -5.723490637470295128e-02 -1.376195796767182809e-02
2.268217555566783561e-01 1.806407938313706329e-01 -2.096651988578679404e-01
-2.605799567137138117e-01 -1.968168996306258467e-01 1.289301167525131863e-03
2.599557488967360955e-02 -7.324268536768971383e-02 4.514017457628163171e-03
-5.399295368644057014e-01 5.240318516570897228e-02 2.412307927102079197e-01
-1.200044359081255535e-01 1.624216162823004794e-01 -3.131854462756206159e-01
3.772601899891153687e-02 1.504090165814263580e-01 -2.172826601956774906e-01
-2.054450845381123603e-01 -3.334684648820996911e-01 -1.483584297419080489e-01
-2.632288959457401711e-02 -2.013871878753819844e-01 -7.326763401263938769e-02
3.372845757212473289e-02 3.931379532204000160e-01 2.610999956151013324e-01
-6.714360117890921797e-03 -9.368936091932174026e-01 -5.913741787589383847e-01
1.241666900043420368e-01 -3.533472403714904009e-01 5.711160505816677002e-01
2.592606380385489850e-01 -1.487259636316913713e+00 1.248973860986474782e-01
2.692902161585580267e-01 2.899009129806258689e-01 -8.459985824242048646e-02
1.407461768544231995e-01 -1.867578534168577165e-01 -1.802149483472911470e-02
-2.468159695852553334e-02 4.949742419629979406e-02 3.344135443938899832e-01
-2.766884888876238180e-01 -2.356184122386722757e-01 -5.000872698762983681e-01
-1.244055096791035070e-01 3.603678524454008714e-01 4.911824742273420696e-01
