-7.359310192313492371e-02 1.459373721218927278e+00 -6.859825791794732508e-02
-2.920464990810306971e-01 -2.553133817750306497e-02 2.027244134509385495e-02
2.734725027551210830e-01 -6.288590038008370908e-02 7.414542756372324850e-02
5.954328032836751772e-02 1.615862137542831145e-01 -1.746211696874756109e-02
-7.095039587476258645e-03 -9.037019538464187429e-02 -7.763976228917468525e-02
4.865614214427078088e-01 1.343757178350745429e-01 6.128396638055375045e-02
1.707273117877202914e-02 -1.056523581055565479e-02 -2.716310795381390950e-03
1.423890870166009404e-01 2.895002303869232962e-01 -3.786609366265972915e-02
6.134719016482410338e-03 -2.396170965725814561e-01 2.389900517839979033e-01
1.003242783440211200e-01 8.673708591570113147e-02 -1.078786263287692324e-02
-2.498048898907849480e-01 -5.293842922339427742e-02 2.470445448177399916e-01
-4.187738862239299281e-02 1.738714909407641784e-01 -3.117158019997728902e-01
3.464799203296812374e-02 9.635700712452907601e-02 -3.096777942897690691e-02
-6.309081564235365092e-02 2.448296041473045359e-01 -8.229110258073114859e-02
-2.767814646121293139e-03 4.011446794276227190e-02 1.969486877378897605e-01
6.311768065007501705e-02 8.824272786539702484e-02 5.152822249818447831e-02
1.642626006481282264e-01 -8.046122473600626768e-02 -8.420650887304188537e-01
1.306179118877211776e-01 3.069301005010525163e-01 8.028613876667437532e-01
3.593407815727283072e-01 -3.658347910106913847e-01 2.843404399588757292e-02
1.494456151869910931e-01 6.877763847480887760e-01 -1.425084485466082858e-02
1.832974348414872778e-01 -1.279572617529967371e-01 -1.995902805897552257e-01
-1.310506895111524239e-01 2.136077077542612723e-01 1.294774936757666917e-01
-1.523066701143495072e-01 -9.712698770742275722e-02 -2.150219795899466213e-01
9.831624446807626233e-03 7.427343768941106761e-02 1.947509777227191263e-01
