-6.287308697516352102e-03 2.458934181221273718e+00 -8.833525682883583072e-03
1.507060826856632396e-01 -8.424053299941236528e-02 6.937557455824944208e-02
-3.519496711569284897e-01 6.942469832891498549e-02 -8.431074875756414122e-02
9.803819440464776880e-02 -5.033592268998384606e-02 5.991602106572305880e-02
4.851254655977698671e-01 -6.331376652890305934e-01 -8.545293667385747693e-02
1.760942936444898077e-01 2.610106751573053052e-01 1.465877637182436133e-02
-7.641472263495275793e-03 -3.891527002183441802e-02 -1.402029449373324438e-02
1.804004135985677881e-01 -2.946074083538204741e-02 -1.946109544600146402e-01
5.196433994838581261e-02 -1.467996394066942434e-01 2.458763278195147672e-01
7.498766295667240456e-02 2.590397587160387510e-02 1.917958932099172792e-03
-5.825364868598534862e-01 8.466238867542245916e-02 8.824127410900867163e-02
-1.153996029766831688e-01 1.059333834693192561e-01 -4.957521481793139562e-01
2.181454291722982955e-02 1.608373981490566484e-01 -2.148845300923745705e-01
-1.130843395537559637e-01 -1.076070598021554164e-01 -1.796217506141741804e-01
-2.234755068091852630e-03 -6.467178877218163202e-02 7.218908712215457713e-02
-1.862976027978890253e-02 2.910021701800160621e-01 1.623444209437848174e-01
2.017548844971149280e-01 -4.792206459187313694e-01 -9.658179311570239678e-01
1.389035258391757288e-01 -1.015194192898467296e-01 8.930917699283709155e-01
4.461054927933527647e-01 -7.746476916125698553e-01 5.680593247645920885e-02
1.449331038784617831e-01 5.517100676908067713e-01 -9.200358080600654076e-02
7.999952335892804300e-02 -2.538448928228727586e-01 -8.178937945059326642e-02
-3.841676451536273768e-02 1.944422203631217538e-01 2.121071030682646075e-01
-1.258222412854061445e-01 -1.213385072546790955e-01 -3.114006725890924865e-01
-9.539794783194749384e-02 1.999606983756585243e-01 3.783282178501041759e-01
