-1.375131982109785433e-01 1.177211826326067579e+00 2.166729308332839832e-01
-1.484101666820010212e+00 -2.328102589332274042e-01 9.027322158979370070e-02
1.910003170460460309e-01 -8.309070306695642838e-02 -1.024075813928906759e-01
4.092997106486259695e-01 3.512666137193473648e-01 -1.042090288562960059e-03
1.902621318847300458e+00 1.758033446574142900e-01 -4.820246202704857597e-01
2.148062190263891891e-01 1.794757626781848803e-01 -3.281837094098351976e-02
-9.984783237469251060e-02 -3.037818524466055423e-02 -9.508089455222766551e-03
-1.360568647854408335e-02 9.204562784760543515e-02 1.993591630299541145e-02
9.850615053261677079e-02 -1.978837393822126534e-01 3.300679675556651982e-01
1.195816819612131043e-01 1.572083311216141421e-01 3.694838707429757424e-02
-3.329152621284918179e-01 -1.784948037398704536e-03 1.655028454062959509e-01
-1.949839583846865454e-01 1.259869139999445775e-01 -5.818019582341930063e-01
1.745885835118915486e-01 -3.171507119052618257e-02 -1.235102602605583078e-01
-1.343153853999484205e-02 2.003948743831621138e-01 1.034513061052114435e-01
-4.339144490302136725e-02 2.909179576963837333e-01 2.224234343625797368e-03
-4.416754860590482029e-02 5.338735742484725100e-02 1.345613936521437848e-01
1.693157149352785273e-01 2.751625937137732736e-01 -5.825608562297320825e-01
-1.589669455011829546e-01 5.131160570298179957e-01 4.090978387231384850e-01
6.127193713411598353e-01 -3.508215387795337037e-01 3.327167384014714790e-02
1.209268119868830843e-01 1.442357942743246024e+00 -2.900139433107151634e-03
-1.658118188711553767e-02 -1.764384435755173564e-01 -2.602863021213738803e-01
-2.209125317468623451e-01 3.753866816528999006e-01 -3.534132760564188611e-03
-3.161244632697166046e-02 -1.559205787580863339e-02 -2.448989864775727096e-02
-1.994868610835713596e-02 -6.408133796847423347e-02 1.094317955203670950e-01
