2.163848302345642433e-02 4.443667015584103375e+00 -8.260738341199938550e-02
1.758239791614190917e-01 -1.038385879146357660e-01 5.964589406970903507e-02
-4.419074284304952971e-01 9.891424042583620013e-02 -7.851158219210863098e-02
1.242245768507860004e-01 -6.452832394216896639e-02 5.829392860282704703e-02
5.032612840923732511e-01 -6.542683043779478069e-01 -7.766690835850971475e-02
1.788536181332258390e-01 2.690859556914015349e-01 2.027962693964018015e-02
-7.774127166254078680e-03 -2.988321593238249876e-02 -3.769652473270847931e-02
3.537105171265300108e-01 -4.734166909984297705e-02 -2.521434181718053003e-01
1.496436499067836934e-01 -1.312655448144764980e-01 2.960169315955741842e-01
7.736545593385107944e-02 3.540559826808076932e-02 -8.775646542696047617e-03
-6.556571873671652728e-01 7.700988287521924602e-02 1.338569894695326723e-01
-1.853627892501852892e-01 1.164172735542565451e-01 -6.073178717552439876e-01
5.808426478871607512e-03 1.115029717503075030e-01 -2.544330806450896820e-01
-1.118837895623693429e-01 -1.283889115446916751e-01 -1.735429948111984200e-01
-4.560193430838985727e-03 -1.461351538050471160e-02 4.677951233653021568e-02
-3.420250469110560406e-03 2.968930276214807873e-01 1.920020681374556004e-01
2.688476685258862631e-01 -4.439573531644883664e-01 -9.938199670231439020e-01
1.830591213142603868e-01 -4.771139370048447376e-02 8.896000876806740010e-01
5.475057363280622091e-01 -8.241359468753479689e-01 1.727010449124150027e-02
2.150024053452118389e-01 7.397046557630864161e-01 -1.103114753130482115e-02
4.766631978506147282e-02 -2.545634104331063741e-01 -1.310083548641850226e-01
-8.390618973102005607e-02 2.281338811791565058e-01 2.817121064017532595e-01
-1.136428907725685750e-01 -1.190756707301131034e-01 -3.045058153699135572e-01
-9.872234845072407061e-02 1.826936481128703382e-01 3.691550944690614733e-01
