-2.425710936710083199e-01 4.151692785740149105e+00 5.195505673828586524e-01
1.816801781578943620e-01 -3.893996348979549688e-02 1.008854557195146134e-01
-1.446133285699567006e+00 1.285094154932591992e-01 -8.532392922188421214e-02
3.418201831689228198e-01 -2.971588456583755256e-01 6.583392299508751544e-02
1.343484822784701549e-01 -7.190885615564839295e-01 -5.240835710182951274e-02
1.976070040910786529e+00 3.785086450178114237e-02 3.101618968034705048e-01
-2.637041417471377991e-02 -4.804514934448303465e-02 -6.040711822783748075e-02
2.202946429397114880e-01 1.067403959703446259e-01 -2.241097306131934197e-01
-1.871105098161984226e-01 -1.834123990961792905e-01 7.758339517825955933e-02
4.099112851466094748e-02 -3.694031619970017388e-02 -1.289624558598432072e-02
-5.809478595912471732e-01 6.340514817340389686e-02 2.043642683319342457e-01
-1.509616024176155535e-01 1.796754678306708986e-01 -4.025410917852083603e-01
7.258331753054347857e-02 1.014499393254501974e-01 -2.450560572115579594e-01
-2.142714206684981082e-01 -3.990908585492184413e-01 -1.379250199376634012e-01
1.450001935401174814e-02 -1.212159365781152603e-01 -1.633445693160646139e-01
6.739743631629432213e-03 3.756399413163263867e-01 3.005865411653827479e-01
2.626633236533277432e-02 -9.728549257814265161e-01 -6.807880172126477003e-01
1.093842163089070174e-01 -3.451704054898456220e-01 5.882734287405211315e-01
2.918309187914783775e-01 -1.603791153799013491e+00 1.233030389113496661e-01
3.333700116467069319e-01 3.059950821348735861e-01 -5.453784045243794537e-02
1.092706517073899625e-01 -2.202055386218459143e-01 -5.395067429735993930e-02
-1.244167194074134557e-02 6.329297689583569808e-02 4.161407749369148701e-01
-2.831472639438175065e-01 -2.385735896392004729e-01 -5.329577442382700259e-01
-1.483869401138256383e-01 3.807279158079919790e-01 4.938697765770976300e-01
