-2.728670950660435079e-01 2.012822713449486489e+00 -3.762424214052125654e-02
5.071129556952490985e-02 1.016889963662940058e-02 1.010259034474648016e-01
-1.548937168722722690e+00 1.139700913191753623e-01 -6.697891418341732350e-02
3.633790347469839643e-01 -2.997934809789942201e-01 6.219479116465818913e-02
8.926941530236852385e-02 -5.119532700054703067e-01 -6.242825677805373397e-02
2.351146849026211516e+00 -6.246910627845982805e-02 3.956584312195295938e-01
-6.135106180970588408e-02 -4.018001148664954864e-02 3.327337595441849562e-03
2.207971043468728300e-01 2.034031905504623539e-01 -1.587714355870229188e-01
-1.079265586000545535e-01 -1.503578625403060864e-01 7.991161835103445521e-02
3.219121022081773004e-02 -5.398171502173399611e-02 8.222450565286837376e-03
-5.189700168207098674e-01 4.566340052901191049e-02 2.248825387124230579e-01
-1.803253827925261621e-01 1.574851536338455482e-01 -3.441129971751121230e-01
3.345769399719927817e-02 1.807751168976124978e-01 -2.000718345459302772e-01
-1.974156529685785477e-01 -2.907113194341706119e-01 -1.266849346358218942e-01
-2.085226876405216895e-02 -1.846087930537864408e-01 -4.604818341168493562e-02
3.474859272955942158e-02 3.772616177028592088e-01 2.318777340203927451e-01
2.585026223533846632e-02 -8.712668497301088166e-01 -6.663869768981592889e-01
1.383437170077776446e-01 -3.026043702228181087e-01 6.372927968760994100e-01
3.088140244355645492e-01 -1.366696920375849889e+00 1.108887365664033703e-01
2.653334589863023951e-01 2.794267096259548944e-01 -8.892664394872019928e-02
1.343775680973179065e-01 -1.814378356708948592e-01 -4.006560800589813176e-02
-3.100575168625503697e-02 5.365390349134239317e-02 3.239604266226035478e-01
-2.682247597273515471e-01 -2.184592076917466208e-01 -4.737317312687459592e-01
-1.223959844047093348e-01 3.313359172129925478e-01 4.746837133736655501e-01
