3.096807329067622488e-02 2.739866581046487504e+00 2.505554542487618552e-01
-1.298534507451901909e+00 -2.433000273290599202e-01 5.466539234124095925e-02
2.021082693616547965e-01 -7.147311661544046568e-02 -6.364861402711950722e-02
3.455626169649173018e-01 3.475446776762309842e-01 -1.899310765799569825e-02
1.769563057300802988e+00 1.418682471521159338e-01 -4.175994778670370500e-01
1.743963016267272292e-01 1.585567816946627517e-01 -1.287668440416762407e-02
-5.565081059885497450e-02 -4.571009307979028574e-03 1.068714867046647622e-02
-1.225539733376956181e-01 1.611444693554194840e-01 7.277201839532200511e-02
-4.543158148358650283e-03 -2.025311155857992818e-01 3.080802640975633389e-01
1.004550072708512015e-01 1.747992477236104958e-01 3.751233502296034972e-02
-2.721316658860490345e-01 2.609908404391185228e-03 1.596920327304676146e-01
-1.629765624677266822e-01 1.146083030026761318e-01 -5.384783615441869342e-01
1.638399118294617540e-01 -9.268144212533724335e-02 -1.085147517072270473e-01
-6.431951346976509144e-03 2.325453276206776165e-01 1.537944725965226522e-01
-6.051352256075285402e-02 3.754837037346768214e-01 1.136263487027781502e-02
-4.784220477746826267e-02 -1.516673582945630289e-02 1.236386597500038070e-01
1.915289569015152515e-01 2.540782751791828553e-01 -6.321346911962727466e-01
-2.271703258161823225e-01 7.256149800461841881e-01 3.798211693527638877e-01
6.896362755031003600e-01 -3.270926224856081088e-01 2.333654995996210790e-02
9.370003400195250215e-03 1.385881281072880888e+00 -3.847134914889171337e-02
3.288107870925269238e-02 -1.511551389457519712e-01 -2.982720882916913285e-01
-2.400417947239609218e-01 3.778006387395816956e-01 -3.523462426439784995e-02
-6.304745651256582484e-02 1.294170473556344181e-02 1.482150383233951998e-02
1.720790244816421122e-02 -1.188897827457322809e-01 6.923851363478362997e-02
