-3.382101036869069044e-01 3.953087206760004690e+00 4.086756445897256618e-01
8.383825798529409568e-02 -2.999436035706675580e-02 8.189613395363785908e-02
-1.294619794807681856e+00 8.208649568881586089e-02 -1.188177593937077281e-01
3.156814256142760899e-01 -2.344831476557122929e-01 6.899924610694828375e-02
7.917766871021326980e-02 -5.760912705567886594e-01 -6.356026849097050346e-02
2.225221534655188016e+00 -6.100516544522029301e-03 3.299966074312359887e-01
-2.739247308526461186e-02 -2.452513032128696494e-02 -1.822021411791988066e-02
2.015722345350756672e-01 1.571703922528764896e-01 -1.391084454024630046e-01
-7.928462846920049378e-02 -1.529515692581507047e-01 1.505943162963280513e-01
4.838956496758665959e-02 -1.302825467989598279e-02 -5.747158582428400254e-03
-5.331811404100454954e-01 4.727533546152055260e-02 1.908645169155765986e-01
-1.950047443046041551e-01 1.826447169614356936e-01 -4.069975444719349800e-01
7.448150925860068383e-02 9.356620029746351430e-02 -2.121513057229950094e-01
-1.898233809799726723e-01 -2.963125468229357296e-01 -1.051414174188756989e-01
1.287205979494539937e-02 -9.411765315324746584e-02 -7.744533652756674380e-02
4.687662442896257248e-02 3.022596156626969899e-01 2.218745838697985251e-01
6.752895823582789891e-02 -8.449575333628394080e-01 -7.891924814987182346e-01
1.413151493840081319e-01 -2.393745238441988832e-01 6.871763528639183161e-01
3.843745863253216211e-01 -1.374113466764480762e+00 9.739319506944002502e-02
3.126746053804659864e-01 2.751762935445059566e-01 -7.528813980861684407e-02
1.373963311491015471e-01 -1.906891487002471408e-01 -7.743135142066134846e-02
-1.476866293561853241e-02 7.159044605022470142e-02 3.535941179979204541e-01
-2.801623910731569356e-01 -2.239518492855148424e-01 -4.951237184637656275e-01
-1.431232372154870591e-01 3.326931349395726434e-01 4.648800775663484153e-01
