-3.498466806633416804e-01 3.887173407737822828e+00 3.521342195951583931e-01
6.442197261566946775e-02 -2.463639090575175244e-02 7.569565705965768110e-02
-1.171510427362606022e+00 6.618934172363316604e-02 -1.109879516589677706e-01
2.884738446085430286e-01 -2.028314026361589528e-01 6.642765108797410445e-02
3.588959040472934625e-02 -5.256839624681900469e-01 -6.479159134703450784e-02
2.186069627990371078e+00 6.597268634289263356e-03 3.270022370188380711e-01
-1.979270113740872611e-02 -1.918248499851701178e-02 -1.050586339578036231e-02
1.960313363787305196e-01 1.633092855454595371e-01 -1.135383639933159189e-01
-5.481359037262091560e-02 -1.291390560661476172e-01 1.738494560822014812e-01
4.865438942062948885e-02 -3.054162575419785194e-03 -5.036454233710113866e-03
-5.123367133054491651e-01 4.809714375294597832e-02 1.760496875801347838e-01
-1.932736750180424068e-01 1.778966211019773480e-01 -3.978782291831456930e-01
7.635874058022289190e-02 9.243933309705534840e-02 -1.931770996533443696e-01
-1.782090000038873412e-01 -2.633072383283316942e-01 -1.011030491462866360e-01
1.821320235957781669e-02 -7.569192234473254288e-02 -5.276560915622788284e-02
4.733322865676715951e-02 2.712932433513932651e-01 1.969517657233826879e-01
9.062356107682439932e-02 -7.844532070564057546e-01 -8.390209281370685224e-01
1.522562422803719062e-01 -1.997306638227835107e-01 7.302306027393486998e-01
4.138914615711668521e-01 -1.282203113492931035e+00 8.834805962633215937e-02
3.121692919299204894e-01 2.578073965731012551e-01 -8.107120746805236700e-02
1.563487779051770388e-01 -1.854137354166851548e-01 -9.530254592618045417e-02
-6.459122023627033790e-03 7.755140368112821425e-02 3.391636696752043378e-01
-2.851471936400467588e-01 -2.162792428832699398e-01 -4.771440959094270240e-01
-1.434064624054872672e-01 3.118379670869171338e-01 4.483549230827780230e-01
