-7.740858747388566774e-02 1.395526794197928133e+00 -3.644819726747541150e-02
-3.783639534311362129e-01 -2.437938973332225839e-02 2.695213360427779412e-02
3.446454791662900696e-01 -7.601884473944132969e-02 6.694712487200166207e-02
6.388667106803992690e-02 2.082842509901630668e-01 -1.012878405605481882e-02
5.851355011205747886e-02 -3.439096147609183030e-02 -7.014429259105633974e-02
2.656865623041789748e-01 1.307434410742950026e-01 3.276613715917846975e-02
1.704027419900380064e-02 9.135232835885449473e-03 6.884332459138426882e-03
1.369323152880638217e-01 3.066702187138395930e-01 -3.626515167496902059e-02
-6.015964821601779006e-02 -2.570992386643971006e-01 2.439276940887036838e-01
1.037071854653681818e-01 1.145086378320188114e-01 -1.580475473758864409e-03
-2.122394037709074976e-01 -6.768134946662657248e-02 2.555117851153207442e-01
-1.191821537015883524e-02 1.697980773272155797e-01 -3.116418226006575365e-01
4.634054278021912388e-02 5.973964616925525606e-02 -1.379937551788668407e-02
-3.897322124867414611e-02 3.200831461449987203e-01 -2.006407168242202790e-02
-2.054525139769364239e-03 1.137041992966453252e-01 1.836928056961361633e-01
6.094442221040504565e-02 3.600467730935776045e-02 4.495683426787162179e-02
1.804083685869830311e-01 7.875215946745184326e-02 -7.464687793647535319e-01
6.030148009722058333e-02 4.393473580760834385e-01 6.627914160122926335e-01
4.514378859168437508e-01 -3.578666813799001312e-01 9.711697533154458120e-03
1.444597730825458448e-01 9.454022782127546876e-01 7.707277410539993719e-03
1.604996304907275184e-01 -1.563177517392255467e-01 -2.015788943525819721e-01
-1.509941966628805254e-01 2.942332538128649144e-01 5.620744202248924987e-02
-1.310389756095104441e-01 -7.161406948704317210e-02 -1.521471442073287494e-01
3.084992104493945383e-02 7.144808329972023551e-03 1.313953552210019859e-01
