-1.548073669604461966e-01 3.089632784599277926e+00 4.878256425906572769e-02
-3.177977549993064588e-01 2.754266445504490943e-03 2.101140596790117970e-02
3.436877659678372332e-01 -9.951576934440947708e-02 9.736825543813285022e-02
4.360141187220681336e-02 1.961991481331683274e-01 -2.506729676581000849e-02
3.421497166272857021e-02 2.299827596704423147e-02 -7.811141482338915254e-02
3.433657866104204981e-01 4.179185053080176904e-02 6.924678039360264437e-02
2.415924930327192563e-02 6.837190055264062358e-03 1.743420958944985610e-02
6.335286651561293503e-02 3.227429674879672694e-01 1.125191723505453156e-02
-1.065699659676343780e-01 -2.643008248394819182e-01 2.194619455047704115e-01
1.041903482291282879e-01 1.054901349811693534e-01 1.192278820321963960e-03
-1.857268612391331508e-01 -3.285728081413587937e-02 2.281030060235865187e-01
8.125442125604703802e-03 1.341620898028811903e-01 -2.866675712777199125e-01
5.479887188909511597e-02 4.590551626856002876e-02 7.133169462734220700e-03
-3.541307400847527875e-02 2.703037143902318751e-01 2.974070552722256691e-02
-2.204787214252057134e-02 1.755398101024155111e-01 1.602952177290999647e-01
4.085422383666572482e-02 -2.248652610277504862e-02 2.358680606804483201e-02
1.941871054895583648e-01 1.347843696252608824e-02 -8.559416408550019062e-01
9.517689987943679653e-02 5.136858709198477424e-01 7.870857637841499610e-01
5.181691133949073436e-01 -3.510560320839039572e-01 3.923150886046231772e-02
1.780696921857699844e-01 1.019932643391404214e+00 -3.054019014329608164e-02
2.027475404009680404e-01 -1.176800422543557989e-01 -2.514438187215692344e-01
-2.231548404954749876e-01 2.824935981040027078e-01 7.134527733632814450e-02
-1.892114270395040820e-01 -5.628404893875581239e-02 -1.475389936838642779e-01
3.329989450553200170e-02 -1.498964775839684883e-02 1.357191749200248321e-01
