-2.762537592342311776e-01 2.071884673154900547e+00 -1.397606475758817954e-02
8.841808314395691037e-02 1.539746413687810393e-02 1.035843942437452980e-01
-1.617106671860255585e+00 1.269306975893744749e-01 -6.123489443946003585e-02
3.726771085036271747e-01 -3.265537349905037190e-01 6.810739156123424287e-02
9.633582861237963146e-02 -5.578263377245077370e-01 -6.221614591179233655e-02
2.324534415689274436e+00 -6.144233724877221775e-02 3.954868848749928389e-01
-5.962696445321682276e-02 -4.813689916693349863e-02 -4.749444621360901335e-03
2.200445971013852975e-01 1.910992983369767251e-01 -1.859457057241261646e-01
-2.043752215782672910e-01 -1.727560368684527836e-01 3.128961061795145632e-02
2.757935270183571597e-02 -6.498186185844838370e-02 6.729445104561049620e-03
-5.281554528898850798e-01 5.043197467191060102e-02 2.331327258244748901e-01
-1.453134185653882915e-01 1.580314257712427672e-01 -3.203002741806438292e-01
3.625773715206261072e-02 1.669056193700449997e-01 -2.071137712841175649e-01
-2.014935911212399067e-01 -3.155578095783855841e-01 -1.401068322173949776e-01
-2.225578112105294423e-02 -1.923699959795553138e-01 -5.928058400022808566e-02
3.356838950639415287e-02 3.869775949290502060e-01 2.462212162218470335e-01
7.908104852906104251e-03 -9.083047769535901317e-01 -6.226945636292370301e-01
1.296045297102048077e-01 -3.317999967834285302e-01 5.954891011589776850e-01
2.809073946121584675e-01 -1.440017646406679841e+00 1.179778947485889823e-01
2.686828130766542588e-01 2.843537007194038568e-01 -8.342298383396842820e-02
1.392359210458627983e-01 -1.839355770300581949e-01 -2.660809500885341627e-02
-2.615828283978657853e-02 5.129024091118435796e-02 3.305107712804034592e-01
-2.764139590190281548e-01 -2.281434074810831381e-01 -4.886716742272755876e-01
-1.246200118353592984e-01 3.474262906603426959e-01 4.830749532524988288e-01
