9.595223263266472805e-03 2.561561697754956679e+00 9.873331710850474785e-02
-2.164183145745797732e-01 -9.742705358852582487e-02 5.289817792205505492e-02
-9.380344240751618823e-02 1.709378140001602611e-02 -7.241851344753470754e-02
1.300472256489297040e-01 8.065942905110157213e-02 3.421679829966137870e-02
1.125909279477974145e+00 -3.405201161072043403e-01 -2.311509107645813854e-01
9.057472056338891631e-02 2.161640080366899752e-01 -3.860476541578780358e-03
3.008770721378806884e-02 -2.641665809889691408e-02 5.115412420575364202e-03
9.226359916826391838e-02 1.516792194745246111e-02 -1.109896406230010679e-01
1.639648750559986531e-02 -1.562334312242174561e-01 2.084445372863855950e-01
5.141872089308673066e-02 6.886415239356352691e-02 7.842495098111395418e-03
-5.362242535204745364e-01 7.747906132428769577e-02 9.479420178306091627e-02
-1.219513847204488494e-01 8.454411344177044374e-02 -4.528988943722859206e-01
1.023909491376777808e-01 1.485043899984133109e-01 -1.821978569971748896e-01
-5.292374883365267429e-02 -2.432858455208301157e-02 -1.796877248851796449e-01
-4.543856821783131758e-03 1.128718449505313193e-01 1.988956915908411949e-01
1.819156764482010927e-02 2.154823872407831131e-01 8.983924053591686720e-02
2.141394081231352831e-01 -2.419844579645326899e-01 -9.199055014014951848e-01
8.070894937966577309e-02 1.683764145552726910e-01 8.624862773618539036e-01
5.022444618964609919e-01 -3.659769775178514095e-01 6.292832157714892301e-03
7.056043080620072461e-02 6.052004993595637705e-01 -5.790275270675358799e-02
1.849539915366618104e-01 -1.823658017509259821e-01 -1.904276888758870134e-01
-9.656603971908258449e-03 2.166236675143397850e-01 1.630621628659273958e-01
-1.346320819000823288e-01 -8.722062385566076159e-02 -2.061979910004602956e-01
-8.231923666893369018e-02 1.017810844316632130e-01 3.077760032598546580e-01
