-1.130734457566004783e-02 4.420767791516286849e+00 -5.808803833070246003e-03
2.646315598485005638e-01 -9.137377569572317781e-02 6.325976745853283123e-02
-5.557821150417371348e-01 9.699352440589767421e-02 -1.125329423515974980e-01
1.347888151412999780e-01 -1.286965592668649350e-01 6.011927187602891798e-02
2.364900311789425447e-01 -7.531791299211979540e-01 -3.838520194672219443e-02
2.137477682798225587e-01 2.986375950424045023e-01 -8.573860108041049186e-03
-1.479250968096447461e-02 -7.056187437180211353e-02 -6.665429205870199159e-02
1.774979556914961509e-01 -4.898661221665940452e-02 -2.368114816160839797e-01
1.584710217354966533e-01 -1.585284911451719791e-01 3.006598961002559522e-01
8.602896955346368835e-02 4.209131827070473376e-03 -1.843130287521941094e-02
-5.982782586850252660e-01 7.807752983449116335e-02 8.248336659847263497e-02
-1.532005927407698309e-01 1.554488784913643507e-01 -5.666505075828079940e-01
1.667936723406321722e-02 1.198233179046719749e-01 -2.812675968393194559e-01
-1.600452586773770669e-01 -2.722331571412513473e-01 -1.447209689014421208e-01
2.165897970702259506e-02 -1.260358128590561011e-01 -1.222323526620600759e-01
-5.543858203746348384e-02 3.595557023060623192e-01 2.545007786463387989e-01
1.827181068835239119e-01 -7.353809771270651829e-01 -9.026389877805915951e-01
1.608174990712096797e-01 -2.743358595976614911e-01 8.049335866330333822e-01
4.853652264873876132e-01 -1.341278602755089588e+00 9.864798131014641813e-02
3.491823444361434881e-01 6.071572399908095052e-01 -5.275369201428049132e-02
4.838497849513315185e-02 -2.969969970953879046e-01 -7.211498623223339122e-02
3.441862813839951987e-03 1.467458766920238522e-01 3.571309846739112448e-01
-1.705918981423013847e-01 -1.713899482915244854e-01 -4.128322736213347333e-01
-1.597948910265091227e-01 3.142967747887318586e-01 4.374686395736012701e-01
