-3.825746352093750691e-02 4.389721323943967413e+00 1.571611020635659273e-01
2.630438458390035872e-01 -7.076408282716258047e-02 6.676772994942657691e-02
-6.934005743479088046e-01 9.906248583514262740e-02 -1.025370830542568779e-01
1.715951217228315340e-01 -1.665832904915461044e-01 6.907411743702077112e-02
1.777772012299358162e-01 -7.794917987015106409e-01 -3.909593940308572768e-02
4.533829284347267730e-01 2.767193954400539724e-01 1.828289435348199807e-02
-6.684440807703941750e-03 -8.627092659402152419e-02 -7.716928632093375540e-02
1.560836032964639797e-01 -1.328893111895458265e-02 -2.656707654298568477e-01
7.864416582340836084e-03 -2.145104195894494969e-01 2.113801066505077431e-01
7.256582530027737288e-02 -8.973796248764445704e-03 -1.801010296579722003e-02
-5.864638963292773122e-01 5.864868529951203224e-02 1.307050307036850267e-01
-1.028544156386692748e-01 1.863531881614939045e-01 -4.998100408766905089e-01
5.069527199742335233e-02 1.138839273802792207e-01 -2.791974172673631349e-01
-1.782261740434769592e-01 -3.480215775994897065e-01 -1.668444854074345451e-01
2.477034569104773903e-02 -1.424960064296992013e-01 -1.573869171349100982e-01
-3.196908862908726112e-02 4.021043897088093511e-01 2.884320374998541325e-01
9.947434521985829003e-02 -8.929172439183303833e-01 -7.711448553161734942e-01
1.043374966980705754e-01 -3.305161975911352634e-01 6.836980805004806427e-01
4.037923848312689468e-01 -1.527919128001568927e+00 1.090170788470152252e-01
3.189418886061546332e-01 4.336949479307867783e-01 -5.150178783809940958e-02
8.349036768507914208e-02 -2.874464507409703606e-01 -3.638799582114874559e-02
4.724530259406017202e-02 9.360946521181170987e-02 3.800380995841440845e-01
-2.129406624178620255e-01 -2.179778008501116471e-01 -4.903021168610896541e-01
-1.828413510875376291e-01 3.844405827403837850e-01 4.780046654540517914e-01
