-1.321712854920456537e-01 1.230519273423382076e+00 1.922104803103605319e-01
-1.316698015009375222e+00 -2.298821451839850039e-01 6.852470252431824838e-02
2.434058297223632983e-01 -8.343565586834758574e-02 -7.871016935104643841e-02
3.459073726200656562e-01 3.571431790995457933e-01 -1.770069620146924941e-02
1.660031162653308634e+00 1.462846339804623197e-01 -4.098086465995795513e-01
2.221795587147857021e-01 1.721468863459410248e-01 -1.399581205696464985e-02
-5.285460122732618671e-02 -6.166238585227763920e-03 5.929951274711047675e-04
-5.928431153876521920e-02 1.847300299316316508e-01 4.481585011128066953e-02
7.461257637246888896e-02 -2.043578578699146442e-01 3.193544402770626678e-01
1.081360001290360418e-01 1.697714609466945135e-01 3.169901101344661798e-02
-2.603158966386636131e-01 -3.174880134257159620e-02 2.033931176467657920e-01
-1.835660570786417090e-01 1.321906289370267662e-01 -5.181569227483653339e-01
1.698193041580956797e-01 -5.540788406517403036e-02 -8.561962051554594666e-02
-1.358244297755888987e-02 2.586497424835115244e-01 1.029860183863380574e-01
-3.971986011108800951e-02 3.040276703128816926e-01 2.929836601039730384e-02
-2.738770730678023041e-02 2.182878916397669455e-02 1.339268066134423618e-01
1.582438426730784498e-01 2.854999896869785947e-01 -5.107113213816053543e-01
-1.863795142352735468e-01 5.851139687266587730e-01 3.196556029162633816e-01
5.859702984327780362e-01 -3.531429030129570878e-01 1.145044323128434002e-02
7.198555854609710314e-02 1.467982200551463778e+00 2.746606230262486903e-02
1.530904338376406007e-02 -1.791191587086987669e-01 -2.544490234230929460e-01
-2.355934810192205908e-01 3.938532398801464773e-01 -5.339753488840634672e-03
-3.868674550413914170e-02 -5.085656492998941181e-03 -1.348624685340892027e-02
2.060493971295009399e-02 -9.096085653449763331e-02 7.723738622414830224e-02
