4.684083499698156738e-01 4.654714748958238779e+00 -5.427266896137581537e-02
-5.574883510294552647e-01 -1.362722021174301301e-01 2.669669298741163266e-02
-1.167082839519771736e-01 -5.224437866361520029e-03 -1.183285254131314079e-01
2.455440455077624873e-01 1.197015855029367748e-01 -1.330634668814681398e-02
1.426337398315094207e+00 -1.500551043549603891e-01 -3.289470191227862328e-01
9.862507532974150448e-02 1.938487655953867739e-01 -3.073373389889887120e-02
-5.052063759576785884e-03 -6.969181955807041140e-02 4.488058702321973646e-03
-1.348132232727511925e-01 5.834486498871094967e-02 3.914734047789021620e-02
1.300613104762377570e-01 -1.559400435060695478e-01 3.031236074711283757e-01
7.127148364943429459e-02 6.737814656490238863e-02 9.090965840371547854e-03
-3.900969888609897018e-01 9.153834767345912782e-02 1.819568841703893963e-02
-1.894246987815241257e-01 6.739821565846443319e-02 -5.476974915376965347e-01
1.111262877908345964e-01 -4.339024278637799992e-02 -1.865601072659295867e-01
-9.929876056361360698e-03 -5.290199718899016995e-02 -1.021529729374244244e-01
-5.390541017474213825e-02 2.059228794107335614e-01 1.227736395772270062e-01
-2.227664030423645233e-02 1.140446563113760581e-01 1.652115102412079761e-01
2.475215078759387954e-01 -5.224405991790736364e-02 -8.058904162333641041e-01
1.069801033136075479e-03 2.779018388085208735e-01 7.701869275748663979e-01
6.419429790402890745e-01 -3.780122659056692203e-01 2.030891823206918204e-02
8.240633595268755107e-02 1.080834291914092082e+00 -5.280554811736730414e-02
1.377528411045044754e-01 -1.572982210846004536e-01 -2.311189471861216926e-01
-1.555882080425782521e-01 2.774382028804776579e-01 1.032030820706907465e-01
-1.175397163393636091e-01 -4.117450501776430405e-02 -9.909090395092920445e-02
-5.175920007072500051e-02 6.685224160583141430e-03 2.404858548382760863e-01
