-1.368194311050711376e-01 4.290597918074499084e+00 4.089133713591769914e-01
2.247228521144262470e-01 -5.921906680093059344e-02 8.561642897285820508e-02
-1.189049955777964573e+00 1.306775547546903671e-01 -8.218408693476235427e-02
2.838157695010246062e-01 -2.581192115679915577e-01 6.668118082666962820e-02
1.471960503467127090e-01 -7.747622023604434638e-01 -4.933282817110933027e-02
1.363789156727471141e+00 1.480066283257253368e-01 1.845388869199237891e-01
-2.428021350945970547e-02 -6.914723668607372642e-02 -8.010919003917169046e-02
1.870324203151735587e-01 4.862777663585299281e-02 -2.467066559710487661e-01
-1.122417114316361236e-01 -2.103131364245686141e-01 1.236377283221617163e-01
5.367405567823585466e-02 -2.753118380868771822e-02 -1.379764010250174137e-02
-5.908878155741383864e-01 7.052214218460342576e-02 1.636745099757604960e-01
-1.269809654967514190e-01 1.875903155633889818e-01 -4.481057918056434164e-01
6.738164609022459506e-02 1.001021945017706860e-01 -2.533724571284970972e-01
-2.160186025825707734e-01 -4.367835847517335668e-01 -1.373484366495262565e-01
2.413761242883676050e-02 -1.228102732214211568e-01 -2.169466157375905535e-01
-2.767908651879763191e-02 3.956669141880178042e-01 3.329038594732359746e-01
2.163669256276853914e-02 -9.991633831458911486e-01 -6.890587005369738227e-01
8.869156950707507425e-02 -3.811844709018518129e-01 6.083548033964654156e-01
2.986092722026487123e-01 -1.631612763308514236e+00 1.419654606918926421e-01
3.620147409394106064e-01 3.161368422195999783e-01 -7.063652299035393101e-02
1.114545515826879801e-01 -2.375469288688949743e-01 -7.673129924441542127e-02
4.513264619223766178e-02 4.741562422827547835e-02 4.588213480367531738e-01
-2.683413854255979336e-01 -2.440797427673934150e-01 -5.361911643138245198e-01
-1.797920920057731742e-01 4.102139486461137130e-01 5.003535121503265293e-01
