-1.018555256406329795e-01 1.357930662349396300e+00 2.424177390514628203e-02
-4.988348912665522272e-01 -5.872887915483789023e-02 2.397142128043412007e-02
3.400360576872666907e-01 -8.032016050093296333e-02 4.505515039174644992e-02
9.834239578161078910e-02 2.495103160259516395e-01 -1.310931514055052940e-02
2.911887782189563900e-01 5.550648987775748389e-03 -8.460943285616316645e-02
2.139309460514629280e-01 1.306249387805186735e-01 2.385753975183943845e-02
3.248428985135054514e-02 2.426436014931782070e-02 2.400952123299454274e-02
7.719742589844696967e-02 3.368170544761492913e-01 -5.373013266608358054e-03
-4.851579129989229411e-02 -2.544122833827212604e-01 2.553261779926792041e-01
9.941007636830741234e-02 1.382003379123801501e-01 9.289730804679593307e-03
-1.851100225992131643e-01 -8.001071580865169730e-02 2.639673862777220936e-01
-3.398284493815399016e-02 1.692222901387313017e-01 -3.150563998544380073e-01
7.546934998217662283e-02 1.597599605515310356e-02 -7.053641918846616232e-03
-1.924216224959924768e-02 3.494746295708099915e-01 1.516418055770497875e-02
-2.958596260733542798e-03 1.802083448522696918e-01 1.788357754440345615e-01
7.067233524161437019e-02 7.154409703737958995e-03 5.985063949025749147e-02
1.761889018290722642e-01 1.681708715783905850e-01 -6.134817854558359818e-01
-2.532432883673543453e-02 5.313379151207270334e-01 4.875145340617987877e-01
5.010123717367682694e-01 -3.980656293963003578e-01 -2.553604210295363358e-02
9.929515708326699941e-02 1.153600335844472857e+00 3.626221329852317987e-02
1.202153473743930029e-01 -1.788692363930976248e-01 -1.982668490612582990e-01
-1.708199518374872994e-01 3.482874684329250736e-01 1.134842725332938645e-02
-1.097750225902661553e-01 -5.215283396809553690e-02 -1.153225980388853378e-01
4.724224604784300202e-02 -4.227835834463396225e-02 9.938724566748372014e-02
