4.921777640208323951e-02 2.724724244293249331e+00 2.454201437862304491e-01
-1.410540986683506137e+00 -2.630775907795506185e-01 4.391932308884000796e-02
1.179101420006472556e-01 -6.215515160175220932e-02 -7.043086301424719697e-02
3.935056443468321619e-01 3.313230369070038761e-01 -5.498608594986915954e-03
1.985610956964046769e+00 1.443763490056806376e-01 -4.783445605782591370e-01
1.779916378222788920e-01 1.552406728340871289e-01 -2.375489274108167487e-02
-1.005078664968655361e-01 -2.470193226084999721e-02 -7.894697893295530428e-03
-6.636312496521243331e-02 8.317858732301307290e-02 4.129726010530501007e-02
3.789265992464186522e-02 -2.072587582918729854e-01 3.038411178862465700e-01
9.934868111256045520e-02 1.591805238450226812e-01 3.802522036308157022e-02
-3.500148769555887496e-01 2.955684137269212058e-02 1.375529754552737294e-01
-1.859104881480584115e-01 1.143632081925863714e-01 -5.910456493582073589e-01
1.421617058712691950e-01 -7.958155494864162238e-02 -1.420819747798215127e-01
-2.270613798404030881e-02 1.572675686726646427e-01 1.294086286671543573e-01
-6.680334609238834653e-02 3.539085606277619367e-01 -1.171538167563607180e-02
-6.772427572725464584e-02 1.813196131993496593e-02 1.400461676169686698e-01
2.023273385857356776e-01 1.975681375464899414e-01 -6.915551666103713080e-01
-1.616245357267370175e-01 6.157310415330389253e-01 4.818377105707942198e-01
6.749634926712951843e-01 -3.361447058752151107e-01 4.625967826571106278e-02
8.061604563539484514e-02 1.346719069960431669e+00 -4.246999319255122252e-02
2.121189146873408982e-02 -1.482376091232046333e-01 -3.104320919361425735e-01
-2.229167528606144366e-01 3.543075807131411681e-01 5.460463031527001965e-03
-6.038559906780861103e-02 -4.244072734903258683e-03 -6.786808646460105142e-03
-2.318898654443035320e-02 -7.309643580263160134e-02 1.092803290822518952e-01
