-1.929364785389356129e-01 1.750417262899678583e+00 -1.144762734475899407e-01
-5.323392492387032243e-02 2.478806723382536575e-02 8.677679179143384103e-02
-7.329590054944059574e-01 1.553853508052415767e-02 -1.174754120081681827e-02
2.021213611912045793e-01 -1.164940143569355435e-01 4.103139582127100088e-02
-4.607087683064911565e-02 -3.262603169891555854e-01 -7.655967329107327135e-02
1.883235317037142087e+00 -5.386437121518593794e-03 3.004437623470888052e-01
-1.542406406736226629e-02 -3.773723866975726288e-02 -1.861352531644480971e-04
2.093510249772148890e-01 2.194441299290667280e-01 -9.906720287795513225e-02
-1.433749403997088834e-01 -1.493116163318190248e-01 9.715625058803664671e-02
4.552006256551578006e-02 -6.005482230373823671e-03 3.828402209074370510e-04
-4.034453297871503641e-01 3.651981620657859806e-02 2.135186660779343215e-01
-9.346425717816149448e-02 1.276400897390578826e-01 -2.520388027922007557e-01
8.059947741906182961e-02 2.239952239007517165e-01 -1.311373526586598615e-01
-1.422504807062690835e-01 -1.634190212241052043e-01 -1.626614822636698598e-01
-4.603589911666480100e-03 -8.066691951168987462e-02 7.547866511044828974e-02
2.184657071427219266e-02 2.897701155346952273e-01 1.179817852640367010e-01
9.900501245909862358e-02 -5.955033029671613631e-01 -8.296290465813422887e-01
1.719054619753994373e-01 -1.463685988083592571e-01 7.937040788245878220e-01
3.441672296330384739e-01 -7.946198699598503445e-01 4.358689546582005664e-02
1.998740447352764515e-01 2.799669364951087869e-01 -8.774695319039643726e-02
2.071904582156212371e-01 -1.725328188723617151e-01 -1.084834892566166331e-01
-7.714458764009633762e-02 1.140604187897051036e-01 2.528145968165964597e-01
-2.592471861209711403e-01 -1.868391586630860079e-01 -4.160211429952552775e-01
-9.626478827741159761e-02 2.432270057889696080e-01 4.220314577898028330e-01
