-3.825874795496700355e-04 2.766671207486981920e+00 2.275065406354762065e-01
-1.075611215228973183e+00 -2.049339022166311308e-01 5.587563135311977847e-02
2.446746499263697805e-01 -6.861645105536835765e-02 -3.976533319283206969e-02
2.864506626193107364e-01 3.317831175743866101e-01 -1.981073247779704602e-02
1.440276554466663805e+00 9.885951281113011802e-02 -3.243695189606854434e-01
1.830099617210959040e-01 1.584672226292654640e-01 -2.033469515058132417e-04
-2.070892419839687887e-02 1.345499449212455255e-02 2.222550127047033530e-02
-7.745443352209370469e-02 2.263661358947360314e-01 5.934064334520722239e-02
-4.471660071341862497e-02 -2.094230479046795546e-01 2.997561439540321615e-01
9.843932246342886050e-02 1.773951816062638021e-01 3.480013113814919845e-02
-2.512133593758174577e-01 -2.229669700204914978e-02 1.982985797478432621e-01
-1.397386044723026854e-01 1.238704150303248375e-01 -4.975478742713850266e-01
1.526961822824687010e-01 -8.200424966935858373e-02 -8.652144923731704129e-02
-1.682094708977821952e-04 2.745145711608772965e-01 1.439015680224985938e-01
-5.012890854931659201e-02 3.712927819839135779e-01 5.069127299856324848e-02
-2.125555723556709145e-02 -2.079700227277941210e-02 1.077676773463100424e-01
1.896554315611372887e-01 2.545953118265021353e-01 -6.204482034028823145e-01
-2.221889202036780309e-01 7.680785385655308772e-01 3.592154646138294161e-01
6.878496763614909693e-01 -3.369384595432556861e-01 2.637107899055833767e-03
-5.485120362919978371e-03 1.365487018470008085e+00 -2.142249654612164017e-02
5.183033499717176057e-02 -1.541373126963412887e-01 -2.808190781887404119e-01
-2.310549431691852618e-01 3.844548966834006043e-01 -3.804100319784894935e-02
-6.984406968304923691e-02 8.745634559986656398e-03 -2.681320877164764058e-03
3.931133659813371151e-02 -1.283457038081113610e-01 6.201103558290314149e-02
