-1.621814790154379182e-01 1.631296196658335917e+00 -1.101321704336506585e-01
-9.171933062668663483e-02 2.326941173465119431e-02 7.916570320987602327e-02
-3.073827951351244536e-01 -1.694654485505786221e-02 3.708178335521709890e-02
1.275442564964150705e-01 -1.593240202203030295e-02 1.916477779577361110e-02
-7.100901280708579733e-02 -2.427905583844731652e-01 -8.898548001175864142e-02
1.475372110559744154e+00 7.288654646135785120e-02 2.651977641348909343e-01
2.839728804429058132e-02 -3.054400263244204383e-02 -3.837634949512871464e-03
1.733593714065841118e-01 2.361632788563858831e-01 -7.060204379227298654e-02
-1.206532681178427158e-01 -1.063723473713924644e-01 1.322871535747521532e-01
5.035320365083895827e-02 2.023083571608337572e-02 -8.692017780289124779e-03
-3.356837387204893997e-01 1.916077123857418477e-02 2.247085280808390484e-01
-7.548981711836928732e-02 1.127851679869611434e-01 -2.196486159931450299e-01
8.186214074984461686e-02 2.117548521703911946e-01 -7.357500921713805431e-02
-1.158818213213504006e-01 -5.033953969639994031e-02 -1.975801021208818120e-01
3.722871121810167848e-03 -1.939840420214295272e-02 1.622024894728884004e-01
2.447957128187060530e-02 2.121700026592207855e-01 7.337957232320001244e-02
1.074711880894337612e-01 -4.154488874673912258e-01 -8.641007315600668370e-01
1.724336875135287495e-01 -1.640774262009647017e-02 8.405391604953391660e-01
2.522296813630383050e-01 -4.750090671577013035e-01 4.352183343889223094e-02
1.481615356948103035e-01 3.177630234534949416e-01 -6.380112436484136618e-02
2.560021643048979723e-01 -1.628803233827098018e-01 -1.275095344570036371e-01
-8.174244841299083131e-02 1.568529769441863730e-01 2.164705240431980815e-01
-2.326446725662496273e-01 -1.490981649389602204e-01 -3.372249412723637985e-01
-4.444733323717151019e-02 1.702268693332716076e-01 3.350717106696842751e-01
