5.048879626372299034e-02 2.677082255274264799e+00 1.783763771292091183e-01
-7.603007946848205911e-01 -1.600221189208927142e-01 2.286278671428651488e-02
-7.744334484098906214e-03 -3.196432578803148905e-02 -7.431149547544041445e-02
2.566383609438684377e-01 1.918252791770047316e-01 2.843529307021031016e-03
1.718625899775197530e+00 -4.118160671182328342e-02 -3.877358265462466647e-01
1.472034983830165789e-01 1.588857745909277031e-01 -2.517675306620029141e-02
-2.606000436827313541e-02 -2.826391931959755868e-02 -5.292926696597041215e-03
-8.583391500093383308e-02 5.163786952719811446e-02 2.503965468017789811e-02
3.435913043850185450e-02 -1.907585720184382383e-01 2.367810560822113664e-01
7.014620626301522333e-02 1.084741247296634042e-01 1.456782033423908995e-02
-4.482579029521252534e-01 8.170397255732810005e-02 4.115579622483673400e-02
-1.624481461019539330e-01 9.408042519976425599e-02 -4.937042684346795718e-01
1.254937223891909592e-01 3.781844420583117122e-02 -1.494339237274604770e-01
-3.706892689658796564e-02 2.514250414830980149e-02 -1.249607575736725457e-02
-2.497698236371450817e-02 2.663647172438967092e-01 9.303421842919390450e-02
-2.610844070024357158e-02 9.385408903951888981e-02 1.032083345813941816e-01
1.960694597055941124e-01 -5.010136531859249454e-02 -8.565854690573563301e-01
-6.427250306873909767e-03 4.049730162966493907e-01 7.814861185598342974e-01
5.575447224836204141e-01 -2.879752525805180374e-01 3.890376256187442344e-02
1.374767292769165927e-01 8.398132858546452084e-01 -5.699072988356980451e-02
1.498662142116376217e-01 -1.145965210501339732e-01 -2.954770810011806970e-01
-6.200189862339326036e-02 2.280532666431719646e-01 1.158013244811938597e-01
-1.300276057706599708e-01 -4.360990613492400636e-02 -9.226114739044834201e-02
-7.128318304689272578e-02 2.129775997565801562e-02 2.080772487619841626e-01
