-1.695125291998188788e-01 4.259011863510381524e+00 4.522251703013570046e-01
2.143746454798175771e-01 -5.420680143036031573e-02 9.353278763651325101e-02
-1.285049599324638914e+00 1.377912422468942910e-01 -7.590198782343531014e-02
3.049751855708691672e-01 -2.750500315467907519e-01 6.644457437995250626e-02
1.468522995590653135e-01 -7.640775701141537812e-01 -4.901225250910206527e-02
1.542431970495569349e+00 1.267623352258205049e-01 2.264692306961121337e-01
-2.783939416295197478e-02 -6.335253782475779027e-02 -7.729727952354548126e-02
1.957204058224182308e-01 6.159545378666098081e-02 -2.400945454955960290e-01
-1.448582564915865123e-01 -1.941059357021025500e-01 1.087867826266316895e-01
4.898918835639280711e-02 -3.155105287068196013e-02 -1.329701093760041891e-02
-5.933004241589853178e-01 7.411616800572580488e-02 1.675190581121826228e-01
-1.309798708664053069e-01 1.834982187000508969e-01 -4.364340582490408571e-01
6.618573035805370985e-02 1.013871247082261812e-01 -2.484081723847701428e-01
-2.205453990566403344e-01 -4.354091472695973963e-01 -1.312926383549797571e-01
2.287016518653303687e-02 -1.240632617906520935e-01 -2.167834452053021277e-01
-2.327798083970494813e-02 3.899482262127658139e-01 3.315346649061680639e-01
1.885534921876932252e-02 -1.002874186875694074e+00 -6.893849783856810243e-01
9.066295089074133395e-02 -3.779761250914103754e-01 6.020754725747117231e-01
2.923189279764116799e-01 -1.638881737790715665e+00 1.461465080003820083e-01
3.621300434435587579e-01 3.029721953974847670e-01 -7.492758760607873270e-02
1.133971603191344379e-01 -2.308396025416456498e-01 -7.178039682233702812e-02
3.578914630275932540e-02 4.689781035926430391e-02 4.493960595722300000e-01
-2.764523900027550662e-01 -2.428557532041829004e-01 -5.346578818558900270e-01
-1.738270753563158355e-01 4.042802086902874126e-01 4.992956253247534115e-01
