-1.253309401124468314e-01 1.284188150604455680e+00 1.248260642036420481e-01
-9.287099416760105086e-01 -1.732916380858932348e-01 3.568366797493266462e-02
3.000944158489934344e-01 -7.791863950399365024e-02 -2.206690873546371390e-02
2.243708560171189526e-01 3.225497162127616280e-01 -1.932280200793239436e-02
1.117371785974372145e+00 8.286930032359926535e-02 -2.586094009557179385e-01
2.114681154694435794e-01 1.583550360085283770e-01 7.836447709303263551e-03
6.869023306091746710e-03 1.858694641252141636e-02 1.654707616376103682e-02
-5.569321922574492836e-03 2.979726540450621797e-01 3.135052617991704316e-02
2.064934043120385948e-02 -2.289582777584191209e-01 2.850189171935029742e-01
9.852841859365216171e-02 1.652948618596204733e-01 2.261635298468301844e-02
-2.260521747526007263e-01 -6.818058243528639373e-02 2.512326069491557790e-01
-1.313716540097837060e-01 1.545005287041085473e-01 -4.203226905546561532e-01
1.320599939814102730e-01 -3.689023395435875319e-02 -4.927218212568780509e-02
-8.855751385112150750e-03 3.121649451875165848e-01 5.973085660572512168e-02
-2.088383361042691830e-02 2.690007304398153720e-01 1.086452599932332952e-01
2.455670950784785006e-02 1.685217555003878237e-02 1.046475310945137183e-01
1.600448433368641676e-01 2.514170161612004351e-01 -5.088644581140784329e-01
-1.345960018086486409e-01 5.863863689169692694e-01 3.316776212962350145e-01
5.473391191533975020e-01 -3.774940232521351580e-01 -2.672020713068935099e-02
6.860607851561022208e-02 1.376685514737652660e+00 6.099500694208088297e-02
5.869294998041463263e-02 -1.837427002721611635e-01 -2.192791190124031286e-01
-1.984007517493288908e-01 3.904348585563550134e-01 -5.632418101326561004e-03
-6.030191809590472463e-02 -1.875275069615693277e-02 -5.098264618080595306e-02
4.487036136989793617e-02 -8.373830846761914914e-02 8.211016281029953623e-02
