1.958855470188379522e-02 2.752240597940305289e+00 2.379478360623181188e-01
-1.207938411939573742e+00 -2.300610417809770825e-01 5.525074458110645209e-02
2.182290347775307782e-01 -6.984860725323402408e-02 -5.424791834220631104e-02
3.196658546034086834e-01 3.422411993018702470e-01 -2.103321508587817357e-02
1.633157640623911000e+00 1.250812036670355953e-01 -3.775337351227680549e-01
1.808063530943634367e-01 1.586133013859286345e-01 -6.913609247067777942e-03
-3.958097435518479618e-02 3.782919662186228198e-03 1.542772049465296683e-02
-1.072101883748826090e-01 1.922968672723256445e-01 7.042950889620924748e-02
-2.259643789492067623e-02 -2.045838541541313560e-01 3.041903671294403644e-01
9.834603867675374700e-02 1.769863181780844952e-01 3.599428360697212725e-02
-2.587045075258178062e-01 -8.186093755074903833e-03 1.750648345348442270e-01
-1.532720120982166145e-01 1.181628658419188044e-01 -5.190510926692766258e-01
1.603785416312583645e-01 -9.070934033054509071e-02 -9.895449536327062534e-02
-3.567138459215357660e-03 2.523339605004574770e-01 1.496903047643966811e-01
-5.616630211197757433e-02 3.760024945754655845e-01 2.881147548282855103e-02
-3.472832268686616014e-02 -1.831369602664876389e-02 1.179553544127373843e-01
1.906451417414393168e-01 2.574436077216541996e-01 -6.227878792059683422e-01
-2.302077705655639350e-01 7.505645456259770754e-01 3.635841541063531968e-01
6.877856943060115524e-01 -3.284474137372301872e-01 1.373951502553754506e-02
-2.037477847082668977e-03 1.376806381801921164e+00 -3.139936609672216300e-02
4.163070792701782652e-02 -1.510556737861770971e-01 -2.907130829595827026e-01
-2.346290413768181427e-01 3.804225361089698665e-01 -3.850439699218913964e-02
-6.449389181630962864e-02 1.243447973422676274e-02 1.038468868621418573e-02
2.814942981715851111e-02 -1.250736333041083947e-01 6.399815706712433383e-02
