-2.997625618747714604e-01 3.445593770620283713e+00 9.364075197410640095e-02
-6.616796499600653692e-02 8.640755671415577613e-03 5.067051240957783781e-02
-3.002394234378503723e-01 -5.246178601057296248e-02 3.524774437300504104e-02
8.692317105786426246e-02 1.624580658868919267e-02 2.477142165806884774e-02
-9.397378477664955487e-02 -2.489518579993770242e-01 -9.001125292528461275e-02
1.519568412157355608e+00 7.882009112876325191e-03 2.957075561881516990e-01
4.759133824641820915e-02 1.293190305579522935e-02 2.996798938199585899e-03
1.052509414965199092e-01 2.229974766666283081e-01 -2.475200553844335988e-02
-2.349535655109046828e-01 -1.214906587887103900e-01 1.084098013732806287e-01
4.202908316416867351e-02 5.473748076914692479e-02 -1.116843748814441532e-02
-3.212160783981859447e-01 3.507686558762523193e-02 1.758243149478334599e-01
-1.951071896510991888e-02 1.273847391117034211e-01 -1.728062970480543914e-01
8.761743593381406126e-02 1.198322093460591625e-01 -4.035927362668390028e-02
-1.007610710602988985e-01 -4.974152307344100604e-03 -1.240013026991683143e-01
3.923078087053583074e-02 7.966145505092056545e-02 1.364062210620686499e-01
6.240894868618337282e-02 9.470234816008452072e-02 3.817132563087932001e-02
1.917843068866679213e-01 -3.852956594893998665e-01 -9.736554155412656675e-01
1.957677634088372254e-01 1.150089539139753647e-01 8.538561634155341640e-01
4.078329777151342705e-01 -6.234338669994337057e-01 -1.166536848878093995e-02
2.355602504933957675e-01 3.409965010436485366e-01 -1.304210302977404368e-02
2.463089809042876555e-01 -1.498748408514842534e-01 -2.139725514315140853e-01
-1.003559701873656257e-01 1.640419386615956654e-01 2.323960564031255505e-01
-3.069517413915853199e-01 -1.437693777790353955e-01 -3.377783648483860257e-01
-6.368391333597875348e-02 1.505981958508739726e-01 3.021053931685837579e-01
