6.929825910703239777e-02 4.473405724702761432e+00 -4.498481130423936242e-02
9.545848987854785306e-02 -9.040493223859540073e-02 6.469954896004580236e-02
-3.600237338081925254e-01 8.687249363283354453e-02 -6.725941133486346146e-02
1.368076144358114643e-01 -3.264789867205222101e-02 5.897636133405823738e-02
6.527197561866646680e-01 -5.663400060411701853e-01 -1.084344542824471763e-01
1.494616309388612507e-01 2.617870046034266873e-01 1.669069053949578246e-02
1.302960429156498241e-03 -2.931755221101920231e-02 -3.218273439351708454e-02
4.452972023429641046e-01 -3.299368657650444958e-02 -2.743424479463182353e-01
1.318946891963889423e-01 -1.427917125430165912e-01 2.856540691288043110e-01
7.606137973176484157e-02 4.493092677252660816e-02 -3.777782381387767650e-03
-6.873321550576428907e-01 6.399301000403342932e-02 1.722094322645139619e-01
-1.939450014075458917e-01 1.157581833562841972e-01 -6.327261009367284306e-01
1.735147240273555991e-02 8.867567059766721937e-02 -2.410315775512337777e-01
-8.607389510365145990e-02 -1.056395518134670836e-01 -1.862884884929136009e-01
-1.214687680261012856e-02 3.940351234893316179e-02 9.651146920216345515e-02
1.484840672144980764e-02 2.683013428440496062e-01 1.820569728288480849e-01
2.602618145352292300e-01 -3.625091812499846577e-01 -9.862331148344832821e-01
1.616713368954360019e-01 3.013760227533155214e-02 8.988932517765907404e-01
5.546960007586101415e-01 -6.664444666530251471e-01 8.511385044620362744e-03
1.617954167658954001e-01 7.646793753898084578e-01 -1.257303664757692709e-02
7.779228293817824769e-02 -2.286157473253893901e-01 -1.463508863866478937e-01
-7.887207074478497226e-02 2.391166377750103267e-01 2.567530061693867327e-01
-1.057618026716900111e-01 -1.172969502003696207e-01 -2.850385114215074900e-01
-9.622595292576410775e-02 1.547408419593047646e-01 3.548279526698667197e-01
