-9.232239644293789571e-02 2.349894478735448100e+00 9.102298810898329373e-03
2.089136567871213435e-01 -3.781143098215228315e-02 6.256922969131040180e-02
-6.701426423390163256e-01 1.268143672158247859e-01 -4.385100612648887286e-02
1.747784780115759495e-01 -1.705951101688070737e-01 7.172246492886269476e-02
1.988254168801169564e-01 -6.466420515978905659e-01 -5.107604234303653179e-02
5.543404126571899182e-01 2.774037549610627318e-01 3.599386091624422190e-02
-2.305564836897724956e-02 -9.193733175095983312e-02 -4.052763694492882846e-02
1.823112719356274058e-01 2.841966272896855397e-02 -2.407534263532355168e-01
-5.428459578376115813e-02 -2.067967969861318200e-01 1.730712360065666811e-01
7.476921131556485411e-02 -2.708657217957747415e-02 -7.801773620513114543e-03
-5.740923707353691174e-01 6.491776272834619277e-02 1.396263773754509163e-01
-7.343299406875819502e-02 1.730514710084694319e-01 -4.521144711117877080e-01
4.743125347132136349e-02 1.109033084105291306e-01 -2.293584377183958134e-01
-1.702725905364455006e-01 -2.563627836670837046e-01 -1.378622810690069145e-01
-5.229865381299078457e-03 -1.771870113833283744e-01 -8.630788852811764611e-02
-2.166757667023041026e-02 3.179989074244081726e-01 2.485900235690896576e-01
7.034190877109086637e-02 -8.042724570007342422e-01 -7.648615349832890153e-01
1.633299576886072801e-01 -3.090221267302292740e-01 7.735288093814116639e-01
3.490543032744882757e-01 -1.335297440542705383e+00 1.316182714521027530e-01
3.057279260095935314e-01 4.727393952002362787e-01 -1.023454084478389869e-01
8.908980734895576015e-02 -2.655914031203661652e-01 -4.622532005072309963e-02
-7.890643103647398959e-04 1.094331593430705879e-01 3.178713227198763369e-01
-1.910665446810282664e-01 -1.989560314034286848e-01 -4.430955959558184887e-01
-1.419561187629918841e-01 3.377795791520611379e-01 4.468111912519011630e-01
