-9.050741319903596316e-02 1.376952699602316477e+00 -7.144785196371175248e-03
-4.237327846386428343e-01 -3.496293814980806769e-02 2.523660347915975335e-02
3.478361802620377752e-01 -7.946593702665014081e-02 5.806190715180941514e-02
7.696427777513170643e-02 2.276421350688421219e-01 -9.902291872382892185e-03
1.419411349557254676e-01 -1.525983570245498244e-02 -7.165065933881922811e-02
2.310609294001766678e-01 1.292631813545695174e-01 2.837612473197924368e-02
2.580909114110784691e-02 1.799063930218180313e-02 1.616805048925313085e-02
1.126053024951107484e-01 3.223940467094885132e-01 -2.394022098835851819e-02
-6.296008504275767137e-02 -2.582671253206125228e-01 2.498953699815581186e-01
1.035148205432358248e-01 1.269471676974415209e-01 3.973792659460054569e-03
-1.975778452013241537e-01 -7.521735089536379926e-02 2.614351123696536661e-01
-1.752608305574953826e-02 1.705364451019162897e-01 -3.127569866656472186e-01
5.913445147262017670e-02 3.908040014827722508e-02 -7.716275568674792890e-03
-2.786809686100644168e-02 3.417117826801445157e-01 3.289334186383254411e-03
-1.523153750998588801e-03 1.473575686392633588e-01 1.801281451409287859e-01
6.483309210931235966e-02 1.878396656679439530e-02 5.005363538928811473e-02
1.787363242162620658e-01 1.291414381667426170e-01 -6.826489270443129032e-01
1.646451136212141730e-02 4.924134870200524428e-01 5.769517702925472946e-01
4.825763147013492627e-01 -3.805298604324297562e-01 -6.317001002197004771e-03
1.207499604517281860e-01 1.050977270946523268e+00 1.921409396985351847e-02
1.439858082161103447e-01 -1.652721623906752701e-01 -2.067581061642528029e-01
-1.634945561674960302e-01 3.210843407128335936e-01 3.673553064334571239e-02
-1.259999207429693679e-01 -6.288297301032376441e-02 -1.346585792912166069e-01
3.781318844343293378e-02 -1.896996934664892456e-02 1.130813389038325401e-01
