-2.182368447734260308e-01 4.190361825072808521e+00 5.117465969722225783e-01
1.963932608106173650e-01 -4.354528608693068042e-02 1.011665745138443095e-01
-1.415535790438735342e+00 1.357451628205627592e-01 -7.666303765713981810e-02
3.339538334862159341e-01 -2.955131867707019855e-01 6.496867540245318540e-02
1.400184682692203197e-01 -7.379933782896435090e-01 -5.006649357021514951e-02
1.850616842958888064e+00 6.784139668461026951e-02 2.910886470137232784e-01
-2.581590494580691258e-02 -5.287005581392580089e-02 -6.790843803187392169e-02
2.137562513450498858e-01 9.131150320557160360e-02 -2.311476881599106581e-01
-1.837188778739399786e-01 -1.817336871616628824e-01 8.213226145091613584e-02
4.197575277504783653e-02 -3.709898756609080611e-02 -1.342047462887485838e-02
-5.877663613059300740e-01 6.944885434287989545e-02 1.912915327663228526e-01
-1.426729038224552049e-01 1.795232648731928948e-01 -4.101219518330480596e-01
7.033663257937435020e-02 1.028871076882975633e-01 -2.458072037406078825e-01
-2.185102059353201120e-01 -4.161951256200935312e-01 -1.349768212232254350e-01
1.824931154224253282e-02 -1.228003594592451536e-01 -1.865827805027260589e-01
-6.848652768806334779e-03 3.802801619004025913e-01 3.146096809409039130e-01
2.191873709750954274e-02 -9.892332795862001094e-01 -6.806091008974991530e-01
1.033645962126467921e-01 -3.613434852187387691e-01 5.902797195058646640e-01
2.856128312647917555e-01 -1.626934518569070232e+00 1.318346826264030491e-01
3.446435471969946929e-01 2.983729494407332816e-01 -6.019419234077663661e-02
1.102207655939563546e-01 -2.246291163734775720e-01 -6.076312377674587817e-02
-1.655991621010132202e-04 5.732427305217937391e-02 4.311089668900412453e-01
-2.845889815467549377e-01 -2.395319825820873272e-01 -5.342047842049097994e-01
-1.557308889904888138e-01 3.887570016824166697e-01 4.958206535745791066e-01
