-3.112896736153313859e-01 3.541148891460884407e+00 1.218276104494850909e-01
-3.262698621091122964e-02 3.502944193531702406e-03 4.829085231690313784e-02
-4.910349133654807186e-01 -4.118136616698325758e-02 2.599697534335432335e-04
1.253237170953394874e-01 -3.165196711445747435e-02 3.325115489741560515e-02
-9.805102321773363772e-02 -3.088278341000501026e-01 -8.693553619667933330e-02
1.701751061638071105e+00 -2.010085921532177300e-02 3.071596220986217429e-01
3.205647379226404803e-02 7.856272104826571984e-03 -2.675253251414561311e-03
1.384508128849951114e-01 2.049049173307565530e-01 -4.413106817229120460e-02
-2.102261439324001613e-01 -1.349578215637334822e-01 1.055508680204905042e-01
4.395236174332535495e-02 4.284182172660794957e-02 -1.045163399625516007e-02
-3.616739037102043031e-01 4.189484588163931711e-02 1.693447001123078721e-01
-4.757571155380573014e-02 1.381665896887973588e-01 -2.098531310543521600e-01
8.331305710133282694e-02 1.090296137033961443e-01 -6.934153796417454052e-02
-1.138045062184062095e-01 -6.537123453149847052e-02 -1.175145513996978947e-01
3.822855372264571255e-02 4.785158710397839632e-02 9.079556693324633554e-02
5.600117931768788804e-02 1.287266906931706645e-01 6.887501042638834170e-02
1.792966589832508117e-01 -4.727859933028674133e-01 -9.703502591581176784e-01
1.938947118027952443e-01 3.818921922512627520e-02 8.475119392652021855e-01
4.172804063369607297e-01 -7.597170329497495711e-01 1.142011210222597210e-03
2.534563911574813644e-01 2.919168146383229745e-01 -3.002579795611192565e-02
2.258550378668071901e-01 -1.497041578835902609e-01 -1.950310962580494023e-01
-8.223783251495016267e-02 1.361663034134865669e-01 2.571357433988863406e-01
-3.139201250448738767e-01 -1.630398788351494488e-01 -3.759588324957445771e-01
-9.082889509169447817e-02 1.916661756379649528e-01 3.402398545223319637e-01
