-2.609892337320421918e-01 1.943943270502239473e+00 -6.299193137793551722e-02
1.925598579992065726e-02 6.075623349321631131e-03 9.688639094713566435e-02
-1.416126875088144610e+00 1.089010720102650265e-01 -3.801219304462343657e-02
3.412278694521962419e-01 -2.638413744533653071e-01 5.562984035677128597e-02
6.279449653074238580e-02 -4.605256475059277821e-01 -5.732853451092592700e-02
2.315301738080148386e+00 -4.209036789775733034e-02 3.908994444969350890e-01
-5.757774411968000217e-02 -3.317656386239286465e-02 7.124714506274553404e-03
2.220945702256819920e-01 2.115484588366361440e-01 -1.328705829992256893e-01
-7.247185870649827666e-02 -1.236496341572686092e-01 1.054224026057439395e-01
3.121777858454129195e-02 -4.239582760483676105e-02 8.778371214544422249e-03
-5.023881100139514500e-01 4.933976102366591926e-02 2.142952965812266464e-01
-1.811731923932405897e-01 1.502547427077410291e-01 -3.385160063396369656e-01
4.246628653430620237e-02 2.035244825185238693e-01 -1.875754524614229868e-01
-1.936469672061729153e-01 -2.591826417299953333e-01 -1.188309868787118667e-01
-1.803916646402539681e-02 -1.691277773058276757e-01 -2.610436303807163114e-02
3.309000912864944882e-02 3.578752898653741465e-01 2.092134911898038963e-01
5.131385326329224866e-02 -8.183622832347031695e-01 -7.184589890057758721e-01
1.524414696558444582e-01 -2.635719906039810101e-01 6.856060074824319450e-01
3.429937765413510475e-01 -1.258530261479298362e+00 1.025628909942584432e-01
2.600104155412800155e-01 2.698376291812734640e-01 -9.974406756760037518e-02
1.520672587680652610e-01 -1.820349520310313995e-01 -6.473393679403882661e-02
-4.099073059773063882e-02 6.507023434160578990e-02 3.145397674720303294e-01
-2.681254314544956885e-01 -2.082756702740225785e-01 -4.562895258584210301e-01
-1.167358381416524898e-01 3.074932596611229529e-01 4.647496082838127873e-01
