-2.542616344757681751e-02 4.408053878743599441e+00 7.758561306077788045e-02
2.675276562965883675e-01 -7.994766867330665994e-02 6.610399285804671732e-02
-6.074254722391001504e-01 9.832491825135997177e-02 -1.069414194882242070e-01
1.487623861540401105e-01 -1.464913401190762465e-01 6.571064360918996150e-02
2.009589642081837380e-01 -7.684629933773018395e-01 -3.682818746375484537e-02
3.059224738791542775e-01 2.980344342916612099e-01 -2.822620129508191168e-05
-9.141061177744016358e-03 -8.135005564334615857e-02 -7.319393665884167677e-02
1.606063565529232684e-01 -3.381423201517919780e-02 -2.511099728407200082e-01
7.442482521907534121e-02 -1.847081648075971083e-01 2.553886328829582664e-01
8.001855030678252378e-02 -3.326518880142204006e-03 -1.843669779005845458e-02
-5.912447507954169401e-01 7.014658573557530641e-02 1.018352987611478022e-01
-1.219783747913934374e-01 1.709071498799022149e-01 -5.287610932835123956e-01
3.682763911134876583e-02 1.155815972602886044e-01 -2.793069247164340907e-01
-1.695599870369327300e-01 -3.171361840092108419e-01 -1.559109075034127712e-01
2.550356893746007561e-02 -1.339403743469653740e-01 -1.461411661716497667e-01
-4.530582313433141606e-02 3.807794462323980111e-01 2.729769773278179490e-01
1.404096331167135059e-01 -8.192977615281953341e-01 -8.375408715029590834e-01
1.356778595491859862e-01 -3.095610554851366270e-01 7.421334213889791975e-01
4.432923608996446885e-01 -1.446622228905698471e+00 1.025759250797371042e-01
3.485896745507982564e-01 5.221252827378639605e-01 -4.828863248325049318e-02
6.462913685302903999e-02 -2.943968301671583965e-01 -5.208576276036131630e-02
3.280010071229245289e-02 1.196714323458775986e-01 3.695858015967652399e-01
-1.932885389678032084e-01 -1.962060117776450452e-01 -4.549437245611253067e-01
-1.747921179303430494e-01 3.526657416223886177e-01 4.595421390166694597e-01
