-1.696937386351273641e-02 2.519661945198597319e+00 5.917563172215646594e-02
-3.711226422086008614e-02 -7.022574134385380085e-02 7.999074664113096922e-02
-1.594737422657449832e-01 4.116268316904817676e-02 -6.020377550898856067e-02
1.063093150377100449e-01 2.983476279959683397e-02 6.450806384909087143e-02
8.465727800035975914e-01 -4.606300063852258320e-01 -1.548240209648553412e-01
1.030338336843403674e-01 2.421408637951867893e-01 6.990272363274398909e-03
1.690403178322397171e-02 -2.575850640321661680e-02 -4.455039475697625435e-03
3.539681021625117330e-01 -8.794336908059571800e-03 -2.454355918382761514e-01
7.369166146643959039e-03 -1.670721866118878018e-01 2.089690474593881020e-01
6.738905455017799029e-02 5.509967886766644479e-02 9.159258496822966431e-03
-6.489522519174444337e-01 5.426669667237112721e-02 1.749863499232187924e-01
-1.248186058867359061e-01 1.053714574040725410e-01 -5.125059341520467049e-01
6.131490646806334044e-02 1.596502567435729714e-01 -2.007906945126873011e-01
-6.509362007091472335e-02 -3.911749161407544750e-02 -2.056834929338552664e-01
-5.495830258758369925e-03 4.598522197064699307e-02 1.804875224592139837e-01
2.834189577943476215e-02 2.637324231137077590e-01 1.118292865204863207e-01
2.075361072895524350e-01 -3.102249955291098149e-01 -9.430510201200358322e-01
1.071882437883537043e-01 7.201923618058363175e-02 8.668668431415073039e-01
4.877586993681320982e-01 -4.800146671073524107e-01 5.475605273700758814e-03
6.630784819571201860e-02 5.997689052799869414e-01 -5.598044358097055417e-02
1.331195679006975108e-01 -2.176566396275756154e-01 -1.217070431152110360e-01
-1.368373775991232888e-02 2.261068110844821344e-01 1.698124264775114078e-01
-1.109203383435326679e-01 -1.168372271208228674e-01 -2.751428008471737963e-01
-9.377728717173268447e-02 1.450854511024658733e-01 3.515128503763214618e-01
