3.437583691843833500e-01 4.606786553112017124e+00 -4.783126134520977041e-02
-3.373247942001164068e-01 -9.114675037225246357e-02 5.775703545075338424e-02
-1.689717832888557314e-01 9.617098010875462996e-03 -1.179281095546068220e-01
2.037586372651550293e-01 7.221059398643150939e-02 4.002085654158448608e-03
1.255251900897871753e+00 -2.511424116470698520e-01 -2.893825693848138814e-01
7.980557061471221791e-02 2.062733573123839426e-01 -3.409248676181847633e-03
9.085507839203135413e-03 -6.004150819944893691e-02 -3.472684453192257346e-03
-1.870986151231329719e-02 1.502833656979396353e-02 -4.344335874233899719e-02
1.355700808003646174e-01 -1.286360151517382810e-01 2.967896579337416241e-01
6.687709465397123632e-02 5.741995567594938149e-02 3.977357849438557628e-03
-4.731642406305768267e-01 9.579314577055676738e-02 3.906645310745270744e-02
-1.901404676210197986e-01 6.318318699605257605e-02 -5.545270800487375196e-01
9.935592456817879392e-02 1.223132871850862724e-02 -1.902551440731932997e-01
-2.696834479227241260e-02 -9.510126778453222018e-02 -1.454998635413640162e-01
-3.580673623282043527e-02 1.792361188664851057e-01 1.329864216663703136e-01
-1.515914111492130262e-02 1.484641977165290228e-01 1.562152530913770154e-01
2.510415204672181710e-01 -1.575562236324860033e-01 -8.813699946257461670e-01
5.732718184189481564e-02 2.028959944488973322e-01 8.493252222538382190e-01
6.081325880447202570e-01 -4.118290046566220330e-01 1.493328878609567062e-02
1.171899245340830842e-01 9.340406597548657208e-01 -3.024276429121854765e-02
1.541212116576429758e-01 -1.742540671694735588e-01 -2.159778805853489192e-01
-1.160905996863101919e-01 2.569431456273460479e-01 1.612601331273414429e-01
-1.345185530652042716e-01 -5.823341929112441084e-02 -1.445199987679467168e-01
-6.881685157827803490e-02 4.587858726975209411e-02 2.686140694841862575e-01
