2.442174429476829875e-02 2.611121826023330428e+00 1.294687195689113446e-01
-3.827165178795126077e-01 -1.100517113672654368e-01 2.915329452530951784e-02
-4.596063826001563907e-02 -5.465047643156874767e-03 -7.540670468104346269e-02
1.633692824405761634e-01 1.188802074330498892e-01 2.222643342783477832e-02
1.322020699239811803e+00 -2.299983187237880367e-01 -2.961349836171374150e-01
9.266886283577371874e-02 1.885359234846678278e-01 -1.206583360099384300e-02
1.700702096049606232e-02 -2.940134667961280882e-02 4.738519816131924259e-03
-1.727429951907993345e-03 2.160419818161566502e-02 -4.942129646787495056e-02
1.967998979155058045e-02 -1.670208351347359788e-01 2.141708214915123976e-01
5.765087058189022340e-02 8.136487334389848336e-02 9.472126976052373457e-03
-4.888714820689731289e-01 8.653933758910606344e-02 6.183455247952863304e-02
-1.278186215088719380e-01 8.149807678259275712e-02 -4.500841850519977649e-01
1.187093136113770986e-01 1.143263149470483131e-01 -1.685826802565008886e-01
-4.329226931746323753e-02 -1.369441161403892916e-02 -1.293521008249807203e-01
-1.190000384861557986e-02 1.746929315559822282e-01 1.767412950234346358e-01
3.773384499484787151e-03 1.713821973889713968e-01 8.643365867766850119e-02
2.080905453691921647e-01 -1.704307894490899866e-01 -9.064966739059738821e-01
5.388650981291984166e-02 2.539745600626259203e-01 8.559858239341117114e-01
5.040577254294144049e-01 -2.990443431312056477e-01 1.585105932333307280e-02
7.619981568632054614e-02 6.780672756863855843e-01 -5.972599951747609159e-02
1.780955602802496707e-01 -1.505370740853261835e-01 -2.330449607427350911e-01
-3.509685610420615332e-02 2.170924182082108467e-01 1.435442766423143668e-01
-1.437425206105896192e-01 -6.996224150283776588e-02 -1.619021076895465205e-01
-8.085481859658311121e-02 6.840885029723529909e-02 2.718208683161113526e-01
