5.481411913655471757e-01 4.698902984468390720e+00 -4.211233107499388201e-02
-6.629690448231813082e-01 -1.743638853116772358e-01 -1.551970660839507854e-03
-8.315901270837972037e-02 -1.049416487596835541e-02 -1.147301973385275176e-01
2.562119580482205006e-01 1.464381909031369222e-01 -2.555416784781888717e-02
1.437756637258847725e+00 -1.250015653191839937e-01 -3.349764757635012025e-01
1.368656556440046024e-01 1.871020550942361915e-01 -3.994048969388060838e-02
-4.568613452216686854e-03 -7.364778673335463377e-02 1.272764185911885899e-02
-1.984526360960903735e-01 8.476301013038146925e-02 8.706650633901208414e-02
1.115135595032175214e-01 -1.740904731124371663e-01 3.020867069429585827e-01
7.398545775312545536e-02 7.145013144166455221e-02 1.190795503328699254e-02
-3.248623458957197174e-01 8.701991097142648679e-02 1.573647172940478844e-02
-1.814936738791203541e-01 6.910963917334142503e-02 -5.283723714193642174e-01
1.173846119068624877e-01 -8.074954405842033056e-02 -1.806071656607403375e-01
-4.771038736781387218e-04 -1.009046229570128780e-02 -8.528305412283491982e-02
-6.772031459483703053e-02 2.020849524026031019e-01 1.295968975798345024e-01
-2.197552561409144012e-02 8.878681403446997411e-02 1.734620870525941105e-01
2.468710896271264499e-01 1.699549818181549446e-02 -7.318998079939946777e-01
-2.584100729508754385e-02 3.028698475078138164e-01 7.127203019511202386e-01
6.572576450961129524e-01 -3.811571233793691338e-01 2.495994923000852475e-02
3.782294681208964171e-02 1.211270830529318054e+00 -7.186359860571805980e-02
1.276140296160893917e-01 -1.660647399770635579e-01 -2.109572813771809496e-01
-2.126300465700872444e-01 3.114935196973285803e-01 5.126872609999686553e-02
-1.028557319909447348e-01 -3.018043335595554932e-02 -7.739910834355298586e-02
-2.661101538706149572e-02 -2.014631461730541015e-02 2.231428866445762382e-01
