3.992943773877959124e-02 2.647081055002856065e+00 1.550867791907365734e-01
-5.711112406512921513e-01 -1.339920180782257775e-01 2.763152933528970762e-02
-2.295235911144009877e-02 -2.110827460774917369e-02 -7.544164227782429455e-02
2.075516673622799790e-01 1.558986599992613908e-01 7.533666129366665444e-03
1.534763830331760115e+00 -1.272266488034778098e-01 -3.450114855579815010e-01
1.156710392327522513e-01 1.696472779464149039e-01 -1.997091512941179259e-02
-6.711090949305094887e-03 -2.940932219792554564e-02 -1.359452106143705947e-03
-5.398868423381813358e-02 3.277594261150083843e-02 1.328810691390125258e-04
3.012922352035971030e-02 -1.769084344925429819e-01 2.302614196696198823e-01
6.670914356545064317e-02 9.415730060456636852e-02 1.112269272318612383e-02
-4.684983171994712703e-01 9.313941229788968990e-02 3.231437586842980658e-02
-1.457416715186429235e-01 8.231425812909694273e-02 -4.770539269625900247e-01
1.313600568564241566e-01 7.731528586292310545e-02 -1.543322819830925674e-01
-4.081235866817957414e-02 7.195071212078192613e-03 -5.780809621507143614e-02
-1.952125772582445629e-02 2.179324079380704215e-01 1.242295821585568533e-01
-1.625406777611091216e-02 1.242923390282219126e-01 9.805080499533504190e-02
2.010697127082420876e-01 -1.066165830103237844e-01 -8.952038067581177261e-01
2.759675293560423862e-02 3.293313378523383683e-01 8.500913250881358962e-01
5.352280336534817051e-01 -2.864453914069934326e-01 3.433682875305235638e-02
1.148995928632045305e-01 7.579854222899008453e-01 -6.974105499628498184e-02
1.678846899405628257e-01 -1.248870076965043208e-01 -2.825049416804329416e-01
-5.553549681815719841e-02 2.149473354927851076e-01 1.423848264708713063e-01
-1.430162093359101105e-01 -5.279529723835398730e-02 -1.232582015267294911e-01
-7.810606415073061137e-02 4.164343897541310235e-02 2.395600454401297652e-01
