-8.283077226147838104e-03 2.485266322573009390e+00 2.797866777723302320e-02
6.382855118005793804e-02 -8.624321309463676977e-02 7.296292162633603862e-02
-2.508655027067757670e-01 5.611100213163478651e-02 -7.495778245263245987e-02
9.918975070118767057e-02 -8.562327507108160804e-03 5.878001088224441700e-02
6.860733461228200047e-01 -5.716530194492011052e-01 -1.255150111095439114e-01
1.376676411692385193e-01 2.555484423296228158e-01 1.215915921512197677e-02
1.106195403856401020e-02 -3.161876827806295309e-02 -8.624208745152104477e-03
2.311860949268506327e-01 -3.079675569428278956e-02 -2.090871993927160277e-01
2.524263874184476397e-02 -1.511431509273594709e-01 2.200638349535543881e-01
6.601832165165245903e-02 3.988022518673875472e-02 4.693416736086607199e-03
-6.055074155267684555e-01 7.647498133386751440e-02 1.208679984370939625e-01
-1.166689552704025107e-01 9.887618230695330301e-02 -4.849791281331713444e-01
4.610792850747463811e-02 1.672531619032025518e-01 -2.090820321544403226e-01
-8.785383523964557240e-02 -7.725370055037548978e-02 -2.113623299657939325e-01
-1.641351927568078159e-04 -7.031472676107645980e-03 1.416665060041737145e-01
5.026312082092255530e-03 2.825081505392541548e-01 1.344015764458570406e-01
2.135193463035482409e-01 -3.868923648575353647e-01 -9.468376525562437473e-01
1.305151513694528809e-01 -2.682297838180836697e-02 8.747981899025132346e-01
4.554840164750132980e-01 -6.071466883930567437e-01 1.552135237803499955e-02
1.043520266497822840e-01 5.699290538717746157e-01 -6.072438594790052074e-02
1.054587434653532219e-01 -2.387125193472565965e-01 -1.134193946240581036e-01
-3.251912359894310045e-02 2.118654261335199684e-01 2.049439834158119367e-01
-1.200025071107026498e-01 -1.174268204605310173e-01 -2.937236282226166062e-01
-9.058470589097281089e-02 1.701653694387325055e-01 3.669194849138361358e-01
