-1.406060164707756688e-01 1.211602206908610091e+00 2.067913900675803773e-01
-1.405128189111835901e+00 -2.293838876233306734e-01 8.514437205331602809e-02
2.370337851354002989e-01 -8.541951413807148674e-02 -8.871186983290954564e-02
3.757197729379271878e-01 3.610703294010476627e-01 -1.165460045877152531e-02
1.775088251984210608e+00 1.667339658654158341e-01 -4.435415318035442200e-01
2.172461692055669136e-01 1.776336146758155654e-01 -2.169978413047797539e-02
-7.232106411070025886e-02 -1.585649151339114590e-02 -2.601526019962264753e-03
-2.658649088943922795e-02 1.479522171884483928e-01 2.645175985414836145e-02
8.626171632216517171e-02 -2.021408203248725166e-01 3.280878138723710147e-01
1.156644358199913347e-01 1.669154491059143819e-01 3.530433539472247612e-02
-2.943504033525221053e-01 -2.485580539937767841e-02 2.002352806924262152e-01
-1.929361630492210100e-01 1.310967610232240121e-01 -5.542286806602069182e-01
1.764176131506851597e-01 -5.189301008168958201e-02 -9.654611161410299458e-02
-1.194237324089490043e-02 2.431482118585917562e-01 1.124468590127989942e-01
-4.352500253093007088e-02 3.036574417275035298e-01 1.277959532459121972e-02
-3.557490536934419800e-02 2.706240212373586806e-02 1.370949864843810928e-01
1.572905712265066092e-01 2.883870352156208683e-01 -5.291903639886332833e-01
-1.844350992476244955e-01 5.692853891286041579e-01 3.432757367035872420e-01
5.996541162703076244e-01 -3.520738227357489980e-01 1.876044315241018334e-02
8.343674269946858846e-02 1.478261475400663993e+00 1.740546962347481325e-02
-3.853205241351800696e-03 -1.789869503227818626e-01 -2.606451462399675956e-01
-2.436012283800971234e-01 3.910690049422523296e-01 -3.919673218302924603e-03
-3.403581905644719602e-02 -8.038324824626959936e-03 -1.724482795701749727e-02
7.607940274269646592e-03 -8.473098542900107943e-02 8.547413312165870469e-02
