5.221215543704710998e-02 2.723092211233208548e+00 2.374298234504556293e-01
-1.395313616633211629e+00 -2.585233157842190543e-01 4.456053257736007633e-02
8.341078486932146374e-02 -5.651971260462954061e-02 -6.759802489110545987e-02
4.003297470622474985e-01 3.156592425893181564e-01 1.087290388141519664e-03
2.008744647153163587e+00 1.272029163919948247e-01 -4.825959992711255642e-01
1.856364839258411448e-01 1.555916023173104790e-01 -2.715378714759554904e-02
-1.104906753067274039e-01 -3.034932558009354256e-02 -1.689571116669408291e-02
1.318379520690052438e-02 5.986678217734624913e-02 1.644211984652927576e-03
4.645277661603178926e-02 -2.177827581483189612e-01 2.932505572143394024e-01
9.625687997305723553e-02 1.514227016006080284e-01 3.611343548866349784e-02
-4.018933357644035587e-01 3.023137041274810699e-02 1.513647894786301074e-01
-1.952741987148751135e-01 1.223339026605824442e-01 -6.124755277322040392e-01
1.245882891402151638e-01 -7.640334894885675299e-02 -1.532667269883845607e-01
-2.740135428358197664e-02 1.281295916914441946e-01 1.056294785737038472e-01
-6.520220177489656488e-02 3.432180965978078313e-01 -4.766859284355602459e-03
-6.040694404531778833e-02 3.297686481690073612e-02 1.468372135178180604e-01
2.009093284240246746e-01 1.591038332950390766e-01 -7.108079421192995406e-01
-1.290596274922213849e-01 5.745812451829678258e-01 5.249127577219855345e-01
6.606735553060896216e-01 -3.336991340187348554e-01 4.758025256471828945e-02
1.052529532565861098e-01 1.284259069370364159e+00 -3.611665122835363423e-02
3.110044194491134659e-02 -1.435639436213618225e-01 -3.059553076531504323e-01
-1.967716549354908973e-01 3.362827870417087195e-01 2.783186811217395681e-02
-5.779700497720290098e-02 -1.959835299410071785e-02 -2.764161440949671270e-02
-3.893557738778908456e-02 -4.545553491984662131e-02 1.288192078651363981e-01
