-1.701709713862913087e-01 3.227622833279707670e+00 4.847801069136511987e-02
-2.121551023457775853e-01 -1.840664792757623278e-02 -4.032753205931257322e-03
1.957161453583909083e-01 -9.970723616744349427e-02 7.159743369371154853e-02
3.647665338485445857e-02 1.457550742162069257e-01 -2.945044583837503130e-02
-1.728698018010879286e-02 -7.682806770348273029e-02 -9.033368115319596880e-02
7.026574951589336093e-01 2.218395389379302848e-02 1.216105910587314543e-01
4.192005033309673806e-02 9.189645597651645379e-04 5.975549878864869040e-03
5.060525491560730060e-02 2.973532277495372633e-01 2.252698118984777439e-02
4.228530720373482876e-02 -2.210238553555698982e-01 2.307227012202290040e-01
8.571772005341821155e-02 8.552719441124068123e-02 -1.344344231548254449e-02
-2.176390230879011733e-01 -2.309080516406876796e-02 2.053364655895214552e-01
-6.280695894507874744e-02 1.424025715635657274e-01 -2.689392572872616460e-01
5.154882116242995305e-02 6.769769807219883084e-02 -1.766263536643590190e-02
-5.566098816654086595e-02 1.640756594572191085e-01 -6.304232939123802226e-02
5.637343767219048446e-04 1.210667319476136927e-01 1.781629770057978346e-01
6.310704366182975922e-02 3.405992728128559577e-02 3.224258860994853176e-02
1.964206871034131219e-01 -1.404087550118714167e-01 -9.113390331064502581e-01
1.622642122661441810e-01 3.366696953554862426e-01 8.731303641185697018e-01
4.348941710644462777e-01 -3.692896294399344859e-01 1.485400561784196334e-02
2.005555456863312436e-01 7.199119062928849289e-01 -6.497219077538572175e-03
2.304923882284353465e-01 -1.250230308802340873e-01 -2.217605796733660706e-01
-1.667780952526182747e-01 2.243155539484563421e-01 1.379872427495569820e-01
-2.066682895129668684e-01 -8.288246955385575321e-02 -2.076946394694693943e-01
1.028021815681723697e-02 5.508465550777230657e-02 1.964942949102050918e-01
