-2.576329752356228964e-01 2.176998141396214503e+00 2.495113255904397517e-02
1.488599102650084716e-01 6.873592433210117501e-03 9.475233488695999906e-02
-1.627386137059103843e+00 1.567235769843137450e-01 -3.312531590029502149e-02
3.724196967439171169e-01 -3.514403562281406268e-01 6.806026899444005129e-02
1.003940267153679289e-01 -6.294088897307209551e-01 -5.562435821479832371e-02
2.155304796460125072e+00 -2.047910550068474458e-02 3.628442569673349105e-01
-6.030641134449084978e-02 -6.575642075868022574e-02 -1.947816058375540643e-02
2.322936830270613540e-01 1.697938229032439628e-01 -2.256956355045618146e-01
-2.559341084240198683e-01 -2.076951264989171375e-01 -1.815019136248281501e-03
2.688270300924485920e-02 -7.846520946721753653e-02 2.289859954819530724e-03
-5.499197643088821197e-01 5.197561842676277910e-02 2.450362742790610227e-01
-1.160697606622910494e-01 1.673697765952661121e-01 -3.222479973406862097e-01
3.680620658008281615e-02 1.334456962693330861e-01 -2.256599863998362820e-01
-2.077966015504442432e-01 -3.464878905923386987e-01 -1.511913202392121125e-01
-2.976720959534634101e-02 -2.089380453154498496e-01 -8.443849359324553938e-02
3.386808470195352277e-02 3.924875435480719155e-01 2.763537523268631002e-01
-2.049807861732508632e-02 -9.588718100676487666e-01 -5.649052331546711159e-01
1.210239222819954885e-01 -3.667785507175788662e-01 5.610773390231975633e-01
2.408895632283694910e-01 -1.512950818923713081e+00 1.309217832915215429e-01
2.726702076548842557e-01 2.941070324392076052e-01 -8.633932715478861986e-02
1.413505784716627134e-01 -1.910264091529695341e-01 -9.074818625464409552e-03
-1.858908582054194514e-02 4.750766577062397883e-02 3.375291989773300250e-01
-2.674294703219701197e-01 -2.372329808421249631e-01 -5.012608509698696091e-01
-1.196537656680421446e-01 3.677565200676458090e-01 4.913164418539432421e-01
