-3.359213538157254098e-01 3.736552243771112281e+00 2.134626129584549503e-01
1.837413466794216715e-02 -1.360014386029625641e-02 5.324256327405509082e-02
-8.208875205032739597e-01 1.246072023857499635e-02 -5.772136562057191000e-02
2.045835289477345165e-01 -1.213789581238464699e-01 5.224064700180024168e-02
-5.227777378993794105e-02 -4.212317998684683151e-01 -7.620499931895571843e-02
1.986077071974120978e+00 -1.045483938720563957e-02 3.067965280937153816e-01
1.633919302389843587e-03 -1.116543877599324337e-02 -6.428720232191764694e-03
1.796645469329310740e-01 1.793804794422495796e-01 -7.980411138803827908e-02
-1.281867205819456623e-01 -1.462188608909980869e-01 1.406152667298501691e-01
4.870567351362393993e-02 1.685050995474301344e-02 -7.316795315863208055e-03
-4.451663712691514840e-01 4.567186387874468123e-02 1.706645182189560073e-01
-1.190016921541767886e-01 1.662256631062788148e-01 -3.092955730592952257e-01
8.165952430187070621e-02 9.057744733033899764e-02 -1.352209804273345195e-01
-1.433800766560074103e-01 -1.708289147020394527e-01 -1.063568182293124081e-01
2.929961077020058063e-02 -2.455075408891286420e-02 1.068287839424610260e-02
4.882939948056454205e-02 2.006704308660965108e-01 1.346607373198476787e-01
1.393055367769052422e-01 -6.327778406627349028e-01 -9.189327966002607262e-01
1.834668558981281117e-01 -1.035464101373820001e-01 8.011994200491495688e-01
4.374022891205248675e-01 -1.060785333132245878e+00 4.716057242795089477e-02
3.013973044364519627e-01 2.637805637996112340e-01 -6.764175835260628766e-02
1.874403925523128178e-01 -1.700806014945649702e-01 -1.567461590478937961e-01
-3.737545757285753306e-02 1.007212941417867380e-01 3.106344717046171655e-01
-3.040644139158584780e-01 -1.992547752148000895e-01 -4.460744095097203266e-01
-1.271150876821974252e-01 2.647168494319024346e-01 4.096335044048720064e-01
