3.980792926370854690e-02 2.732739346915759260e+00 2.539211390404048085e-01
-1.361369969612715058e+00 -2.533061776205401405e-01 5.108711027467821575e-02
1.785702447647714297e-01 -7.101974737111051150e-02 -6.963250998132805569e-02
3.656598291922780741e-01 3.471479498615788750e-01 -1.629412613233027080e-02
1.868387842934427390e+00 1.523230306043601712e-01 -4.468326092065154076e-01
1.719972114903063065e-01 1.562998696959969069e-01 -1.697315708544921281e-02
-7.168668625762858460e-02 -1.216759649926530372e-02 6.086071964261688914e-03
-1.335709761658085692e-01 1.348575569806002294e-01 7.531153201119131224e-02
1.161793407118380181e-02 -2.014266174668497555e-01 3.096298978781982236e-01
1.009477247243626835e-01 1.707447192493289911e-01 3.837970069911308957e-02
-2.852385315745289418e-01 1.386745515187679315e-02 1.437789287788364401e-01
-1.697319905070177326e-01 1.114590539262873409e-01 -5.528220737315614475e-01
1.616305495943525794e-01 -9.003871411413677528e-02 -1.184860940755237402e-01
-1.096382432096531558e-02 2.100259539975384004e-01 1.523527432691353378e-01
-6.401087874847867509e-02 3.706904235625205213e-01 -1.453656393113131459e-03
-5.821105508511407317e-02 -7.659825952527512909e-03 1.280825220283832722e-01
1.955475536452039309e-01 2.434009220203004753e-01 -6.478901803743473131e-01
-2.135538429566174734e-01 6.938736169098089768e-01 4.057278444031431341e-01
6.887256104580020688e-01 -3.299301486089123991e-01 3.188369271264551025e-02
2.838220425279863041e-02 1.388692056935484143e+00 -4.273092566990780578e-02
2.479362246404264239e-02 -1.507648069161802162e-01 -3.051169953008257552e-01
-2.427125527515753833e-01 3.728198338014061530e-01 -2.761678235114741614e-02
-6.295668251115152381e-02 1.149283993022221298e-02 1.479211891172700806e-02
5.469284639502657031e-03 -1.093087010357772643e-01 7.845144083236950394e-02
