-4.861053999861894570e-02 2.836812037736943903e+00 1.856147747414876870e-01
-7.741369781921998428e-01 -1.143728352454992936e-01 5.711087427227544422e-02
2.993959899192068508e-01 -7.143063428926633984e-02 7.302909327220252420e-03
1.963052052176934292e-01 2.953471567351265148e-01 -2.278822731974686558e-02
9.007443906575024473e-01 1.196380311953280651e-01 -1.856442717720564461e-01
1.797082938424534038e-01 1.357911832097455640e-01 1.216170407419179048e-02
1.410963930264958789e-02 2.192216696285644029e-02 4.195028831527376073e-02
-5.944855602633368485e-02 3.344758402721692003e-01 6.878939412233157913e-02
-8.608603254074714828e-02 -2.262318698302779041e-01 2.841585184426621558e-01
9.872557559708547426e-02 1.641608779844214161e-01 2.983761655235062787e-02
-1.903839686663494069e-01 -4.804619091506769080e-02 2.210139174122335015e-01
-7.948604261538196047e-02 1.348976927947996562e-01 -4.128011797667252569e-01
1.215460629033109086e-01 -5.022212268321200879e-02 -4.591215912689660533e-02
4.842811775934414628e-03 3.134231292916496714e-01 1.327173317873625857e-01
-3.995018417301324926e-02 3.352370130943222448e-01 1.045325529936596276e-01
1.804709927824028198e-02 -3.541007578862277738e-02 7.188504406197913921e-02
1.889016670871636883e-01 2.238390243807595603e-01 -6.407800147519190359e-01
-1.686687060386119763e-01 7.793130202998219680e-01 4.039948308468368499e-01
6.699222463879879186e-01 -3.704411282726297050e-01 -1.533266534261336703e-02
1.501225231903011506e-02 1.334369956876152008e+00 -9.856605387286448625e-03
7.097331935829523375e-02 -1.433776493338161928e-01 -2.684082630105709133e-01
-2.327693066411251621e-01 3.678430339818238304e-01 -3.781891772649802891e-02
-9.895922106035021093e-02 -2.692831007286431572e-03 -3.416007175206955265e-02
5.417560778738753080e-02 -1.263998134678605556e-01 6.635872828265233780e-02
