-2.163163776452274589e-01 1.803401717248777070e+00 -1.078847891836803297e-01
-3.741190520282489801e-02 1.974914738724507096e-02 9.213341759115770135e-02
-9.706139270163397503e-01 5.020922683040782847e-02 -6.682181343127875650e-03
2.529646289835748574e-01 -1.659780491862700158e-01 4.927046129695853566e-02
-1.160013578569669447e-02 -3.668487794731980500e-01 -6.444123576686948407e-02
2.051170075482071198e+00 -2.429815996367131262e-02 3.329086273058339818e-01
-3.457412989900859185e-02 -3.343118244838693548e-02 2.715037731858167391e-03
2.204264022485641905e-01 2.191636238434349626e-01 -1.126704934400687835e-01
-1.650224990759890931e-01 -1.529586409973719141e-01 8.017054827505724901e-02
3.777286790920317966e-02 -1.746038136459652015e-02 5.589414189140026572e-03
-4.415444230812698434e-01 4.486563744230932099e-02 2.150399600374688636e-01
-1.016098490522427400e-01 1.361079578175697635e-01 -2.686520404413497154e-01
7.075783016807977999e-02 2.294787079256762063e-01 -1.514151555166278196e-01
-1.623019769522333899e-01 -1.932869031787022296e-01 -1.413472682306780859e-01
-8.380980445257344563e-03 -1.119386161384082201e-01 3.998027136440941709e-02
2.664982412141250756e-02 3.152750474988896823e-01 1.429595524172961873e-01
8.856804186445248195e-02 -6.794538458968715222e-01 -8.016801073040271675e-01
1.702938322911200508e-01 -1.847116375224672480e-01 7.607904413337929217e-01
3.660078993774972256e-01 -9.676639015621932849e-01 6.111168090623700366e-02
2.255669317308847399e-01 2.685471865555486004e-01 -9.947199698266039058e-02
1.927257998804024763e-01 -1.735079772942232368e-01 -1.005565808680983358e-01
-6.924845626336437188e-02 9.473551336301526404e-02 2.713331432565851964e-01
-2.728162847602417784e-01 -1.995105976691122218e-01 -4.408517966846834391e-01
-1.094616781984424636e-01 2.699701513871137215e-01 4.477358407826251274e-01
