-1.253891814340021837e-01 2.329676332543308970e+00 2.839049650363912811e-02
2.057020724807517575e-01 -2.946417431102353601e-02 6.467337274770328104e-02
-8.080407335393278156e-01 1.375412040425845472e-01 -2.591717909045967300e-02
2.146668352761738341e-01 -2.031871895931241234e-01 6.779136989227620147e-02
1.835495017021826214e-01 -6.561375646545537510e-01 -5.288468239214231398e-02
7.877499812432594561e-01 2.443008028402514908e-01 7.769882941987257818e-02
-2.075966929555096707e-02 -9.706116446569537648e-02 -3.902279217358228108e-02
1.942677740710223033e-01 6.120283681167135864e-02 -2.551131503017687319e-01
-9.939286999597893302e-02 -2.333583164227243933e-01 1.316953144229151829e-01
6.947861820668144173e-02 -4.044555356942975549e-02 -5.818088862938644926e-03
-5.785087669266120169e-01 4.952646198705081687e-02 1.804586903147455679e-01
-7.439096433475600456e-02 1.894786474820349953e-01 -4.322559503934458314e-01
4.322077269283697981e-02 1.033147764353517795e-01 -2.348810771946127363e-01
-1.749613179022643239e-01 -2.873765166170468288e-01 -1.412602743199054545e-01
-1.124041245071494104e-02 -1.871207783754632314e-01 -8.751697147890601103e-02
-1.136533096696067287e-02 3.255639054673555299e-01 2.637232897973482149e-01
2.491714024380054307e-02 -8.711687922858483146e-01 -6.823237912746771272e-01
1.504555959472844984e-01 -3.382782716828421909e-01 7.262966351208776095e-01
3.094121124265303835e-01 -1.405725391828727577e+00 1.280312498497890861e-01
2.858205757589097340e-01 4.207588481136206870e-01 -9.802206617175832082e-02
1.037888064765443985e-01 -2.590311240538535342e-01 -1.917700690554604084e-02
-1.464543379978067335e-02 9.305462273767395320e-02 3.151596044101068750e-01
-2.054959997915142556e-01 -2.136144873581559134e-01 -4.694951665515250672e-01
-1.325135977558354050e-01 3.573700721183527551e-01 4.612754521703386623e-01
