2.696313606076184421e-01 4.571757201682156158e+00 -3.104325299223595000e-02
-1.859972725932705073e-01 -6.865704556185335539e-02 6.939820336574120674e-02
-2.063626292787022753e-01 2.694804255322037767e-02 -1.076408824492646465e-01
1.766161023991302814e-01 3.928207031037347224e-02 2.179110621072608694e-02
1.068336843821197313e+00 -3.276038859275799964e-01 -2.387390753203656180e-01
8.829908488716431414e-02 2.217673360110581915e-01 6.444418401125875072e-03
1.456697293174255385e-02 -5.206306965773479373e-02 -1.183629621638681434e-02
1.066503899013536844e-01 7.342577936884172977e-03 -1.146047249846528365e-01
1.271946600221174339e-01 -1.279200425707779920e-01 2.917510744047190907e-01
7.067814203170819098e-02 5.245831953976896195e-02 9.846988956079392481e-06
-5.331769855077482800e-01 8.205393989317052994e-02 7.996623310826266040e-02
-1.876273343290745521e-01 7.624967312789644736e-02 -5.691471413468445206e-01
8.135020766003824011e-02 4.085451872756023367e-02 -1.991883112878808648e-01
-3.912234752273410776e-02 -1.049307190944886309e-01 -1.699421405992621870e-01
-2.474993659891950096e-02 1.466820870890660211e-01 1.331217178159134207e-01
-4.835162966631119386e-03 1.804176275154360243e-01 1.562386029836817514e-01
2.498514624729333278e-01 -2.177041022553628247e-01 -9.195865145974883026e-01
9.161341988028659511e-02 1.498356110351670156e-01 8.786792741883497904e-01
5.799206731182682262e-01 -4.533107616094569914e-01 6.397914170381867674e-03
1.308069540994969970e-01 8.617899487044319295e-01 -1.130607358760175873e-02
1.403570391594804734e-01 -1.918204363746313645e-01 -1.884380865113373660e-01
-1.041696661456488343e-01 2.537033894189942851e-01 1.855533528113449127e-01
-1.308220058680238662e-01 -7.418852372389972416e-02 -1.837737931490172616e-01
-7.340777653219382470e-02 7.456234869542774368e-02 2.894020703116071402e-01
