-1.239240704524209591e-01 1.164585996351613639e+00 2.120859329974958685e-01
-1.473167680298901550e+00 -2.369989382185674620e-01 7.629003579949585057e-02
1.480955251323925193e-01 -7.880571907155101141e-02 -1.065747035162937367e-01
4.113430675388470292e-01 3.370215252180146503e-01 1.317325011021813720e-03
1.923782784269498558e+00 1.639246856020775134e-01 -4.909284802889965493e-01
2.181797728267755587e-01 1.766458838842294710e-01 -3.554791484336194268e-02
-1.058885183305958710e-01 -3.534338926990113899e-02 -1.290386265891087063e-02
-4.919954183304583312e-02 7.291459969539509922e-02 3.645470422166122854e-02
1.028833195090227137e-01 -1.958794198072144888e-01 3.233700120523468891e-01
1.147957346832069458e-01 1.506476977156839536e-01 3.428659647539791105e-02
-3.340287932361593048e-01 1.394205516735231611e-02 1.302429641098349078e-01
-1.892395190300709407e-01 1.234131971535646632e-01 -5.706547391602774244e-01
1.672616276297719806e-01 -1.782937702443312261e-02 -1.355413826115288156e-01
-1.780982002800545611e-02 1.729069243628195141e-01 8.872447358264166917e-02
-3.900027113172228194e-02 2.798270080308407626e-01 5.355936684219388989e-03
-4.266992711039051950e-02 7.078468488524057578e-02 1.309713923844975092e-01
1.787721408917489208e-01 2.488310600203511025e-01 -6.173650660179980099e-01
-1.385180095755517427e-01 4.789586579706351377e-01 4.541655740590367918e-01
6.054694533987405869e-01 -3.430102779522894441e-01 3.798096242152294855e-02
1.385120834897008713e-01 1.364879447774749899e+00 -1.183496383721434862e-02
-6.554212604831815940e-03 -1.689138190139645168e-01 -2.619706337112335248e-01
-1.930440257760342448e-01 3.540424454530294862e-01 2.600435852352622410e-03
-3.836243248776009113e-02 -1.946975759072045939e-02 -2.568063792503503043e-02
-3.402854502171549084e-02 -4.858322301092888457e-02 1.216696742721883606e-01
