-2.759586404945303939e-01 3.343728627178901736e+00 7.310336580643632398e-02
-1.082948697765901830e-01 7.530195506315708921e-03 5.254032652089522804e-02
-1.389559121136250408e-01 -6.649265695677321342e-02 6.341849562112350513e-02
5.642138610453241443e-02 6.397983203236518035e-02 6.400494381150323604e-03
-7.441251314323031607e-02 -1.745036725143438716e-01 -9.398620120507036879e-02
1.323058141170312174e+00 2.595729720749814784e-02 2.948625888001032425e-01
6.425285785667775307e-02 2.229651641435680468e-02 1.307624685630044518e-02
7.910432293542764282e-02 2.426756579461885055e-01 1.779941946382082509e-04
-1.392551291636638655e-01 -7.719320176756930274e-02 1.499263741767160873e-01
4.028703111804338155e-02 6.740124301048429356e-02 -1.211742627768757491e-02
-2.814780913819161512e-01 2.600902012920098400e-02 1.820583399123419932e-01
-4.052888789190217667e-02 1.107032229859527539e-01 -1.626608591530609715e-01
8.634550350956043951e-02 1.341828473019525958e-01 -1.204231616669721588e-02
-9.208373853457173241e-02 6.566542371029965297e-02 -1.146131415724921387e-01
3.587618630603025410e-02 1.014076035774820195e-01 1.734456500006484325e-01
6.236826960078099141e-02 5.944871613969456708e-02 1.051062848306397700e-02
2.045002611162021477e-01 -3.000864038817108725e-01 -9.654300616107236443e-01
1.969773371396267292e-01 2.019315595231919724e-01 8.536206735838863802e-01
3.988424531633443793e-01 -5.078744242972059730e-01 -8.396982377979870377e-03
2.241905034703642330e-01 4.221543286233809811e-01 2.032433355149636418e-03
2.622070071637448985e-01 -1.511265710321847977e-01 -2.290277825962504787e-01
-1.090358196678746366e-01 1.899597142353172397e-01 2.151715185460391366e-01
-2.911362417113852463e-01 -1.134434820578490433e-01 -2.800955834639415332e-01
-3.523026373686759249e-02 1.019745259894426215e-01 2.518235883948080067e-01
