-2.273134017934158868e-01 3.293274201653565658e+00 5.894640004415732659e-02
-1.571587353057473657e-01 -3.425603631256970896e-03 2.805853300316615839e-02
4.979298414652845450e-02 -1.094761149622552748e-01 3.358540476518979967e-02
4.236248891213451051e-02 1.093585187957088617e-01 -1.491141107641093429e-02
-4.617303714433401707e-02 -1.300697207775446951e-01 -9.890852049948965774e-02
9.984556090930760686e-01 -1.123659490125435666e-02 1.962993661615944352e-01
4.662282156423089297e-02 8.621582950890516531e-03 1.458430693318972515e-02
6.148725295081844400e-02 2.688481532724878997e-01 1.282162175212916110e-02
4.157885073592052644e-02 -1.725867072345476927e-01 2.138297061569560398e-01
6.981993725263976880e-02 7.602870480115499208e-02 -1.169759095753366597e-02
-2.441669123137392428e-01 -6.540291173473582013e-03 1.923859982874134011e-01
-7.573941780643025923e-02 1.268508404939034939e-01 -2.342041263263304196e-01
6.754393903530422905e-02 9.256868689275858653e-02 -1.628154193250332810e-02
-6.638242977241208542e-02 1.094600562855877757e-01 -9.661152765055294744e-02
1.525452713855836653e-02 1.057523981202127122e-01 1.827263015895891352e-01
6.861117843957312279e-02 4.978205319666696022e-02 2.012063663388427570e-02
1.966375852682839820e-01 -2.237824382721439465e-01 -9.371808379681138002e-01
1.757813234425220916e-01 2.535168138886064182e-01 8.717508376978263529e-01
4.166483587257232002e-01 -4.185029622933622573e-01 -7.832464245840494582e-03
2.052277569426110837e-01 5.597681726294522209e-01 4.970878564231096496e-03
2.396312608575712211e-01 -1.324501481797541735e-01 -2.267867526319002902e-01
-1.331079123961949606e-01 1.928668589747994100e-01 1.871986842070572366e-01
-2.399893305694743018e-01 -9.964744631863060864e-02 -2.497232064304907850e-01
-1.829537605013521750e-02 8.705559055645711863e-02 2.315743236465652721e-01
