-1.432081105814212996e-01 3.045500255746523166e+00 7.009324045039695694e-02
-3.504481290988973319e-01 8.225429946006558926e-03 2.321563429217433569e-02
3.630532027584758570e-01 -9.509459674914527705e-02 9.441246283191241651e-02
5.199765083432963952e-02 2.086375005316468412e-01 -2.051494195176969265e-02
6.079860910409290442e-02 5.596163520278208542e-02 -7.037600989873658841e-02
2.634861594401265439e-01 5.645304612232180524e-02 5.426426494851581406e-02
2.339399695651540531e-02 8.253295934417356761e-03 3.022469588656521294e-02
6.379266708422214049e-02 3.394409553345343888e-01 1.258947658767859898e-02
-1.280600079794957102e-01 -2.673635844822140339e-01 2.341059138438335019e-01
1.109114369881568085e-01 1.140909899617245926e-01 9.087226504194325510e-03
-1.744264363681666541e-01 -4.388789781238349591e-02 2.377380126432944996e-01
1.318698031636999363e-02 1.376285449842901409e-01 -3.053552370240272817e-01
6.193044026780274852e-02 2.314189289184739526e-02 4.742356089930318055e-03
-1.737430119658239444e-02 2.991709748025785376e-01 7.037024148571617566e-02
-2.884475442015248595e-02 2.044757970019926430e-01 1.498971152462063305e-01
4.070984994028670895e-02 -3.754600732144633413e-02 2.645811813516823000e-02
1.944787816002302439e-01 7.575874845655608536e-02 -8.116293794105600146e-01
4.320265623956617146e-02 5.898880666975151454e-01 7.138419223080112452e-01
5.744364272064848009e-01 -3.689720112202329316e-01 2.924020225411099599e-02
1.373756099707704459e-01 1.139049014441715579e+00 -3.506721070206189617e-02
1.717264985479072525e-01 -1.268537663639135171e-01 -2.476116291346491527e-01
-2.527182704076783581e-01 3.150466517778321984e-01 2.699927403350730823e-02
-1.789994750542266422e-01 -4.541549090313470177e-02 -1.244616117914678355e-01
4.292298559850985656e-02 -4.937517058624026761e-02 1.140605565160165563e-01
