-2.434410772375784557e-02 2.796677153163009688e+00 2.114881707129855071e-01
-9.292056911833078692e-01 -1.565941399195513728e-01 5.848294100824005803e-02
2.769384127808843243e-01 -7.030633530628098427e-02 -1.921240254871341840e-02
2.414340438905326902e-01 3.160599090337761208e-01 -2.082619015491473519e-02
1.195695190224491444e+00 1.234659332608711996e-01 -2.592539717548283384e-01
1.785406127136853482e-01 1.499842744275596829e-01 6.773553129192758787e-03
-6.300424353109777310e-04 1.844208552359165310e-02 3.390571130982931308e-02
-8.335396871042966005e-02 2.918211221382285281e-01 7.075270044632593625e-02
-6.543138048871302570e-02 -2.154713564886528154e-01 2.932830289438662086e-01
9.903749353837473790e-02 1.721204467981092279e-01 3.231168607209240068e-02
-2.171687706159735332e-01 -3.900556794271126115e-02 2.105923424783326114e-01
-1.119086381206003539e-01 1.299649358501229757e-01 -4.541573544658001893e-01
1.392844993552123378e-01 -6.668048228741656203e-02 -6.443788591301710666e-02
4.541404268488549723e-03 2.976933446995628230e-01 1.398878673375870130e-01
-4.472659951499014658e-02 3.552074694758112772e-01 7.766809801362378751e-02
-1.928684383221370389e-03 -2.803085714914099053e-02 8.720253529545544946e-02
1.869708465362170946e-01 2.427935184579676220e-01 -6.261230204079661910e-01
-2.018015685526332870e-01 7.802676304687966580e-01 3.726910271390510010e-01
6.810866174139608153e-01 -3.528090802540049808e-01 -8.426574549668658723e-03
2.434525113065878592e-03 1.353325758070428986e+00 -1.164668532957292835e-02
6.046976364553360850e-02 -1.477010107882388568e-01 -2.737899046526587887e-01
-2.309759819252701907e-01 3.762374282359596256e-01 -4.103391915680659752e-02
-8.450553448258732447e-02 5.291287598100801078e-03 -1.431406229591982923e-02
4.820898066676428118e-02 -1.309153547951159846e-01 6.161885154508071893e-02
