5.489124113239162578e-02 2.695886924693953635e+00 1.984848432284111175e-01
-9.736777930580617912e-01 -1.987695292223297105e-01 2.113217708524980920e-02
5.525678758275071219e-03 -3.510018143424386422e-02 -6.645595880369566111e-02
3.156528012489547841e-01 2.293533332717527795e-01 3.873452168076925092e-03
1.856629582986966787e+00 1.905211976061180201e-02 -4.195346266040052008e-01
1.744233118735673549e-01 1.586942152476928103e-01 -3.328476387747533738e-02
-5.739710623642645115e-02 -3.007388259839981898e-02 -1.431119367069504794e-02
-8.036086697515985519e-03 5.916383580968930661e-02 1.791044648804382498e-03
4.321417775352953683e-02 -2.139940978231669455e-01 2.474072984720177837e-01
7.566017018439676056e-02 1.222471195617279571e-01 2.059974628652463946e-02
-4.596967467836975407e-01 5.939146902179735094e-02 9.127093928888924124e-02
-1.852661742668090805e-01 1.148899207099003394e-01 -5.463556499910245945e-01
1.099390884791981021e-01 -8.049510694835244201e-03 -1.583029135171917789e-01
-3.512631082754803097e-02 4.668067874821014290e-02 1.838641631634750986e-02
-3.765399138498629061e-02 2.994161305117588601e-01 6.663512414188924038e-02
-3.002538688544623482e-02 7.907822847137364886e-02 1.234914161626166768e-01
1.944578276588756760e-01 4.832297722433769212e-03 -8.093950348290767094e-01
-3.601654162538119042e-02 4.636599564496498016e-01 7.063108178632917511e-01
5.839840017986842602e-01 -2.910098055959891572e-01 3.971934915860413084e-02
1.355343899862990198e-01 9.502977077692479346e-01 -4.121249727852130396e-02
1.136212363357456817e-01 -1.178735643993097104e-01 -2.824190020783898247e-01
-8.803410936372110807e-02 2.560115301371075347e-01 7.785721897012357062e-02
-9.569288284897584096e-02 -4.223642729378428856e-02 -7.563843962729797921e-02
-6.343135564154551986e-02 9.743173171027411789e-03 1.870585119113040151e-01
