-6.936909366288464274e-02 1.418401036663392123e+00 -5.743142325385630631e-02
-3.411866405388453427e-01 -2.212899432187223278e-02 2.510965611310790255e-02
3.274400718559045687e-01 -7.153774115232557074e-02 7.237663956038610513e-02
5.825751959757119458e-02 1.892432912481354645e-01 -1.303517721702268130e-02
1.800577624607340582e-02 -5.678143293912806672e-02 -7.330208656354145202e-02
3.346640849280214658e-01 1.341427471673431460e-01 3.882927399158209170e-02
1.378932150139614184e-02 -7.295539516794918031e-04 -7.130729905137093896e-04
1.441197808695654781e-01 2.966624799671430668e-01 -3.956133227651466300e-02
-4.129894075282591198e-02 -2.556923444936778367e-01 2.402485046574756589e-01
1.032279319905930054e-01 1.018843400260662641e-01 -6.532734948223956929e-03
-2.292324289001768933e-01 -6.016905637746726432e-02 2.489053830921083843e-01
-1.764890703265968239e-02 1.716469776301398908e-01 -3.147111218964790957e-01
3.784085259981711385e-02 7.862206205661934066e-02 -2.343850119542220667e-02
-5.096914888941438126e-02 2.873113134702654503e-01 -4.669106187733891578e-02
-2.797522918861742539e-03 7.785496356929366701e-02 1.872690123371159865e-01
5.845607556906655400e-02 5.960090036905505567e-02 4.586413154967383665e-02
1.780641867843530124e-01 7.237107248447582387e-03 -8.025938685471052381e-01
9.925470118629242666e-02 3.774310784301236898e-01 7.420155965327042136e-01
4.222982569570983280e-01 -3.468497732311001669e-01 2.023165340518620278e-02
1.562014086002330715e-01 8.206828481670225273e-01 -2.816198424557112348e-03
1.829007094871469286e-01 -1.367860062873442473e-01 -2.076192565118664957e-01
-1.409529512357392267e-01 2.537141138364977788e-01 9.433706246239542681e-02
-1.449201715001096624e-01 -8.475376927034927732e-02 -1.797376936360442767e-01
1.654154344627934217e-02 4.069011752157013218e-02 1.614306406287749629e-01
