-5.415519115123531950e-03 4.427945528841031653e+00 -6.365351505966036771e-02
2.542132738051967045e-01 -9.671811950711239891e-02 6.635312440203773587e-02
-5.311160091603286393e-01 9.670036140979931805e-02 -1.099632950321598190e-01
1.286821187977890690e-01 -1.131946009679216103e-01 5.625626398905946707e-02
2.891936317000946555e-01 -7.359985882381130384e-01 -4.455949294001366329e-02
1.916337609984150869e-01 2.872460704144358945e-01 4.115461055007101250e-03
-1.989645238396565638e-02 -5.541351280133307439e-02 -5.674608926672987386e-02
2.153919093956357111e-01 -5.443764766393598131e-02 -2.314064565749154312e-01
1.871607412869822351e-01 -1.393651919020239827e-01 3.210601196486698727e-01
8.974490920397518168e-02 1.261323087815265608e-02 -1.617216451803456939e-02
-6.119168297602899376e-01 8.123129690115393764e-02 8.118856818477299120e-02
-1.738367204712940872e-01 1.394392684995111320e-01 -5.923983379429448304e-01
-2.838769509227281646e-04 1.232711200038037053e-01 -2.773150568581578823e-01
-1.464994493542925991e-01 -2.181527162641734019e-01 -1.388187099717833606e-01
1.332641746066279623e-02 -1.032497879091567733e-01 -7.974962276213963530e-02
-5.020443872065925850e-02 3.371986820780553673e-01 2.323036156265306795e-01
2.209016306456432210e-01 -6.349816945445712069e-01 -9.534106279579092069e-01
1.776569098201491448e-01 -2.133444936736068609e-01 8.539659844627659480e-01
5.204497457200319976e-01 -1.189489912463006727e+00 7.541395504072469225e-02
3.215904332682650857e-01 6.722276639187788616e-01 -4.281685477510555754e-02
3.246258716954030649e-02 -2.913488981599500760e-01 -8.541540253730059429e-02
-4.084956273743521604e-02 1.786135805407964294e-01 3.278138897248371597e-01
-1.471265118064415123e-01 -1.450191234660665462e-01 -3.672210805578789983e-01
-1.336794787633106829e-01 2.651308745014142043e-01 4.096795891721093930e-01
