-8.091388614819772229e-02 4.692383652837802011e+00 3.577095527762187005e-02
3.201870666370544571e-02 4.650210006168715299e-02 7.016011696801437159e-02
-2.506146785878313535e-02 1.507429154423720920e-02 1.778429660756457656e-02
6.691982905348248592e-03 1.044603320314454326e-02 2.394535300013132546e-03
-1.465443705490022119e-01 -2.236669538226289389e-01 9.624474570008848331e-03
1.480201201945786638e-01 2.035993777109359748e-01 4.393915735590186826e-03
-3.943117865121489873e-02 -7.116967394386533585e-02 1.252870443790024373e-02
2.378954890775861475e-01 2.394484964575699926e-01 -1.073905113780299486e-01
-9.850085673968052291e-02 -2.642556359492350682e-01 2.395606275427407950e-01
9.691064741011590211e-02 2.481046857348705517e-02 -8.002858021614264045e-03
-3.622084712796425077e-01 -5.995478241311433774e-03 1.567187975054867843e-01
2.202856075172667655e-02 1.627372339875375051e-01 -4.798889729815110639e-01
-4.447411529598471747e-02 1.302987405691246030e-03 -7.974853891493566271e-02
-4.598275718214048929e-02 1.651045420555739274e-01 -2.221700028061432963e-01
-6.565451429997418153e-02 -1.046871840883137339e-01 2.829275007727934943e-01
1.578407792538615573e-01 1.467986955963961615e-01 1.534536668710271001e-01
1.832457943660474875e-01 -2.785652367658785211e-01 -1.109669004300963824e+00
8.483578574537209427e-02 2.310764435231953406e-01 1.139676379435454523e+00
2.988322670128929492e-01 -2.634689111813242057e-01 5.215620121535830683e-02
-2.667022080490429881e-01 2.796492799142050178e-01 -1.156869157342068077e-01
1.256613983845824567e-01 -1.476534023915067328e-02 -2.087182433799883163e-01
-2.550346826219174745e-01 4.906811951590459714e-02 1.816362473003860223e-01
-1.549386062119899876e-01 -1.262490826114991138e-01 -2.714247588273538403e-01
-3.598628279311422845e-02 1.395433436162608620e-01 2.970153408569204401e-01
