-6.728829156113115550e-02 4.735291772437578040e+00 1.540875667008094196e-01
2.097275621138862747e-02 3.351097468592653672e-02 8.416601288797311009e-02
1.160846644081459621e-02 -6.864898655416248538e-03 2.677374411596713730e-02
1.718692626550169522e-02 3.812393966379766519e-02 1.373245234255473027e-02
-1.181503665714357248e-01 -2.416921588691928191e-01 1.417272376798206675e-02
1.280562915171009342e-01 1.759971426587246257e-01 1.749442011124336185e-02
-2.793141354623970146e-02 -3.707301953468241512e-02 1.069066287772400640e-02
2.240422231005197995e-01 2.144409457239834504e-01 -1.029411908991321456e-01
-9.953653282665604618e-02 -2.592453918867896889e-01 2.579409309254389049e-01
1.166195127437722051e-01 4.461319789631258692e-02 -5.135652969631664989e-03
-3.915574451681178014e-01 3.607214541200198018e-03 1.352780347035785757e-01
1.871271446012179665e-02 1.686959936047667252e-01 -4.847665209683023058e-01
-4.662942886791216629e-02 -2.926175727810349445e-02 -5.559342256431552831e-02
-5.625360059623547154e-02 1.835397908072206319e-01 -1.158424017720438570e-01
-3.467280585886557687e-02 -3.653653376288300975e-02 2.143266359131105470e-01
1.105669510945109651e-01 2.311635414721226883e-02 1.245077220497154136e-01
1.758608005778148353e-01 -2.703685614976940044e-01 -1.156429849334809523e+00
1.279891968681856618e-01 2.590788014502474201e-01 1.177384419728398690e+00
3.666255949892276433e-01 -3.685756555977210414e-01 8.225923566040972690e-02
-6.086672616786029111e-02 3.428888716199186004e-01 -1.228378321994162553e-01
1.583311245828590008e-01 -4.381848427378985666e-02 -2.203974172324623393e-01
-1.931746840155997846e-01 7.809499653445205192e-02 1.799822332577009631e-01
-1.704899436505364907e-01 -1.082005754427835809e-01 -2.488533466732961719e-01
-2.893206744135540937e-02 1.255439516340739192e-01 2.484442125395146528e-01
