-1.002611432841580136e-01 4.707909449432017723e+00 8.219084887291833175e-02
3.353698369380759409e-02 4.957587735173090565e-02 7.486816924715436472e-02
-2.064306865799356988e-02 2.836076360741561931e-03 2.022689791206697466e-02
9.732654742854757179e-03 1.429977753899339468e-02 1.719214035337343627e-02
-1.599866027709181404e-01 -2.259586562065951099e-01 1.101629588273411210e-02
1.469544793410263173e-01 1.914730447008605729e-01 1.017226189258632792e-02
-3.663088537593252314e-02 -5.877050998166242352e-02 1.076906353537554310e-02
2.266155319961404846e-01 2.260729286038705987e-01 -1.177999094066463082e-01
-9.513997382970229566e-02 -2.671418323093527891e-01 2.338563785535587580e-01
1.018451717130263029e-01 2.930793294948799352e-02 -8.691347917167118603e-03
-3.810742268914601438e-01 -5.904821901415599483e-03 1.524964401896531097e-01
3.693449513924454419e-02 1.785887454504668792e-01 -4.566018409390286692e-01
-4.937742521018743252e-02 -2.847294654682216986e-02 -7.201665053458894405e-02
-5.809134327015071098e-02 1.613361308957814988e-01 -1.939638407039806500e-01
-4.576077391918979137e-02 -1.017730702804665321e-01 2.506872586919476342e-01
1.428511949738139053e-01 8.849846410031775301e-02 1.287080975419118978e-01
1.836156949627867352e-01 -3.343637602004733700e-01 -1.142095361833576517e+00
1.178034755990206711e-01 1.974996719555467406e-01 1.131373040361353333e+00
3.267756536050477889e-01 -4.098311593086048088e-01 6.176434889194910155e-02
-1.336235189945893798e-01 2.356003296791537027e-01 -1.209712671451693977e-01
1.392857697044104504e-01 -4.141789774097272281e-02 -1.992404108889472003e-01
-1.595511185087598593e-01 3.666675082842978106e-02 1.824212515241255828e-01
-1.706734382049056864e-01 -1.360318433696126317e-01 -2.889996290090163233e-01
-5.765513653783786024e-02 1.682221541335374160e-01 2.936371339553645043e-01
