-8.262020691149356277e-02 4.691749563828451208e+00 4.522104841621410465e-02
3.406578171369543245e-02 4.691833632443787733e-02 7.054761566134735984e-02
-2.488371313421619893e-02 1.507559678574225091e-02 1.777487288747960428e-02
6.738024447645090710e-03 1.059192376172933894e-02 5.109354053754192049e-03
-1.484968290169152993e-01 -2.225525080491168872e-01 1.130879677988435097e-02
1.489064027598238360e-01 2.032137508016336469e-01 5.617557811364918413e-03
-3.684514304489922704e-02 -7.066093211847628008e-02 1.267224941773323517e-02
2.371475460744573993e-01 2.367336344985150054e-01 -1.065833335146618710e-01
-9.416504321435878455e-02 -2.581997266227761267e-01 2.408138653535961959e-01
9.619736203227303994e-02 2.464759920771304735e-02 -6.966414573029183765e-03
-3.636052821998242424e-01 -1.966921534556373072e-03 1.533328207274090027e-01
2.155139789599882019e-02 1.593119108735309430e-01 -4.756650202272222905e-01
-4.442709004126194766e-02 9.578552690980773193e-03 -7.994375938585406016e-02
-4.839791488664344637e-02 1.518646353776453295e-01 -2.214660315239297683e-01
-6.250034223279701817e-02 -9.799224720414105583e-02 2.796799922252171111e-01
1.519536840066539607e-01 1.470282992644934283e-01 1.498968362234344986e-01
1.826336384430627957e-01 -2.832047049007381245e-01 -1.111954963988613487e+00
9.206469373987676008e-02 2.203708807997037111e-01 1.138644466659259891e+00
3.039383393606305273e-01 -2.687749993730986775e-01 5.764888315672288266e-02
-2.390769707439370506e-01 2.930565241321970715e-01 -1.212224607374422364e-01
1.354399278236411430e-01 -2.136231168135409308e-02 -2.053805225921157274e-01
-2.332010251217865315e-01 5.368053193536993090e-02 1.810795119013255405e-01
-1.556155836335492426e-01 -1.270825041582075154e-01 -2.714733724869426434e-01
-4.050233363470241710e-02 1.413104944628844895e-01 2.989076055945729116e-01
