-8.032334690436104818e-02 4.692214892072876786e+00 3.298722958971656710e-02
3.194231851999679295e-02 4.597793804466682177e-02 6.987898904332374983e-02
-2.448737672719439318e-02 1.542211887414631118e-02 1.850087697642172763e-02
6.356908258527303388e-03 1.062183963387922959e-02 1.532394320939479276e-03
-1.459195037506161863e-01 -2.246206725712588392e-01 1.018448580762060240e-02
1.481186960133643593e-01 2.045637741479947314e-01 3.417381871358002830e-03
-3.942196750230997360e-02 -7.081969997079147483e-02 1.225894941304530097e-02
2.380074842234080057e-01 2.408454674526584738e-01 -1.074507426467900262e-01
-1.022668391139699845e-01 -2.667202826194784437e-01 2.380467274007812828e-01
9.653067269647912230e-02 2.517107284561643371e-02 -8.782423156739455755e-03
-3.620744572698552100e-01 -7.377698965010576898e-03 1.578776994995544913e-01
2.312255418955453876e-02 1.643364503203817995e-01 -4.806103783215370795e-01
-4.522596067519173146e-02 -4.013262407814947690e-03 -7.882944268090737172e-02
-4.530189394799390840e-02 1.714927008851039603e-01 -2.237898919505077744e-01
-6.655397125020108551e-02 -1.077288939472051676e-01 2.855842382573429150e-01
1.609246214085660875e-01 1.442884440318367434e-01 1.542337496557801557e-01
1.832137104300178843e-01 -2.772910237549046641e-01 -1.109559248630948014e+00
8.137150639336594715e-02 2.357177928656695454e-01 1.140583000515221324e+00
2.965896966855800509e-01 -2.631756455658196825e-01 5.244540794916292825e-02
-2.777160714125069818e-01 2.705174499093047635e-01 -1.163189975337363125e-01
1.249682469549165537e-01 -1.199692535264581389e-02 -2.082805770735338124e-01
-2.592593978676379640e-01 4.644277122234578836e-02 1.798010750568185268e-01
-1.544789234016879509e-01 -1.264683473913544576e-01 -2.715339627948391010e-01
-3.418621654351035322e-02 1.395928889482819235e-01 2.961326630074028188e-01
