-4.597380674136943707e-02 4.698128432690044320e+00 3.556497635486873671e-02
3.296492513755375914e-02 4.391283658103379423e-02 6.961333276426182048e-02
-8.788437312462888534e-03 1.441734385042487548e-02 2.198251198745433677e-02
2.754861945353524570e-03 1.415484863824331696e-02 -3.539825314762980028e-04
-1.216236580332209355e-01 -2.294836303430338453e-01 7.334623592289115507e-03
1.509710851277236698e-01 2.118874289300398950e-01 1.214299592671606734e-03
-2.979767998264257201e-02 -6.818353095697063382e-02 9.204156112207720342e-03
2.197195106110273466e-01 2.454103587052889890e-01 -1.046429464475350929e-01
-1.275171374180160688e-01 -2.805473738290139574e-01 2.283969420603264577e-01
9.697394794234265314e-02 2.714603422481758066e-02 -1.496621670918879370e-02
-3.674111975992900847e-01 -1.644275265490873286e-02 1.594883774496975992e-01
3.270844227275033350e-02 1.814688328865323719e-01 -4.761187732608580525e-01
-5.437188974536542874e-02 -4.521334894820565331e-02 -8.302495761423056564e-02
-3.684933433101778705e-02 1.898511729674255688e-01 -2.205900906541647388e-01
-5.758578856266705071e-02 -1.081454836339211384e-01 2.921330375590590611e-01
1.722195234132950503e-01 1.024473342738162901e-01 1.434017674351661664e-01
1.739985060043251486e-01 -2.778612867386873742e-01 -1.093082544413660706e+00
7.648916017235736498e-02 2.366218644363032586e-01 1.139495712359155588e+00
2.880689314814283697e-01 -3.323556902431796245e-01 5.231091923928503362e-02
-2.866463208396259343e-01 2.714281330085328015e-01 -1.252864038820918902e-01
1.150747527780422302e-01 -1.445816911696266339e-02 -1.992144685038711172e-01
-2.722094531833026965e-01 4.267759208239805396e-02 1.616197419847533456e-01
-1.615322419031376411e-01 -1.292116435275107444e-01 -2.790888226264042205e-01
-2.643801538787544578e-02 1.427015065930193616e-01 2.923575998889038075e-01
