-9.444959810440141379e-02 4.716367982932309744e+00 1.004641921805965177e-01
3.239208558264976279e-02 4.629195062097547775e-02 7.636220688746608865e-02
-1.106640522803205122e-02 -5.556978350408720230e-04 2.079625557316860940e-02
1.164608958127231683e-02 2.130192926014183932e-02 1.828925586715809265e-02
-1.543333070703004350e-01 -2.312258060272097404e-01 1.154803764899690714e-02
1.387642733561263997e-01 1.920629064976543399e-01 1.073390380624975049e-02
-3.413698385153644821e-02 -5.093977668484816340e-02 8.590129347747122932e-03
2.166508572775126540e-01 2.260641257119579972e-01 -1.162490437934236426e-01
-9.312173705792439748e-02 -2.677601678153724851e-01 2.373529860441364880e-01
1.045759628708811395e-01 3.534226373152181411e-02 -9.721302440658104865e-03
-3.834836092551250908e-01 -9.243310517021046877e-03 1.515594317764348831e-01
3.532895125584849944e-02 1.854950695647334391e-01 -4.583686375907637944e-01
-4.954287800883034470e-02 -3.409885521325748542e-02 -6.624127839228398373e-02
-6.373801137598168742e-02 1.723897125935088814e-01 -1.801770576125885093e-01
-3.934935314263762057e-02 -9.256356283618875913e-02 2.423801254227314073e-01
1.406929560487234498e-01 6.991127779993262792e-02 1.259734411814350252e-01
1.766352412671491068e-01 -3.438273082114044477e-01 -1.153771371337985796e+00
1.182759513312135052e-01 2.115937836411687922e-01 1.140233253300874106e+00
3.133861002370521009e-01 -4.173248629198338389e-01 6.523458510511156994e-02
-1.235788019615423894e-01 1.962815278225583659e-01 -1.106862633645265270e-01
1.412222338708604141e-01 -3.852805202815795527e-02 -2.014550768056837526e-01
-1.548175886888133179e-01 3.041590043028599699e-02 1.895192961095911177e-01
-1.729760507940202030e-01 -1.336632303392354393e-01 -2.862853636923175515e-01
-5.453316370312298600e-02 1.699927430115939775e-01 2.817188231980031210e-01
