-4.698861455231921613e-02 4.697887226507818426e+00 3.695934544051878573e-02
2.920013860188965665e-02 4.255252071774121708e-02 6.976295074845427491e-02
-9.990187519981484285e-03 1.629789321242383973e-02 2.350036035399928960e-02
3.766861135375960262e-03 1.497733040687451202e-02 4.679415540147834150e-04
-1.149277206342841501e-01 -2.277284758606450410e-01 8.821478396519203541e-03
1.531408737708797874e-01 2.143987770559583894e-01 1.330339821803528267e-03
-3.144655584229708728e-02 -6.704561025479255365e-02 1.082944544831732428e-02
2.212626968035565633e-01 2.479337319547086915e-01 -1.047394788059632098e-01
-1.261162948212209700e-01 -2.801005521242990182e-01 2.286975868918498245e-01
9.698127265820584431e-02 2.749876474789002614e-02 -1.409210132676662515e-02
-3.691625451727498231e-01 -1.831140555467693914e-02 1.616025627263068809e-01
3.180406450339876012e-02 1.833607749345838867e-01 -4.757417643225955728e-01
-5.463866710530580761e-02 -3.916111543442427761e-02 -8.553097166439943555e-02
-3.830267671411959063e-02 1.959760034076011848e-01 -2.146888689075313883e-01
-5.804153514977301170e-02 -1.121770180817970586e-01 2.914397129671614795e-01
1.723877580491015860e-01 1.050207813770462073e-01 1.407449351882772426e-01
1.716624370952676559e-01 -2.764453476018405298e-01 -1.085169704247624267e+00
7.598971246935948276e-02 2.363144825001097793e-01 1.131204192958387811e+00
2.874230873818125476e-01 -3.381043795363584681e-01 5.086351817201532899e-02
-2.897823536111563403e-01 2.749619361309287857e-01 -1.238681173470432828e-01
1.098958469645082425e-01 -1.559672238048508304e-02 -2.030536850682121419e-01
-2.771110019567795124e-01 4.321652125586826487e-02 1.650917580613283364e-01
-1.610455269218842300e-01 -1.291739559978810625e-01 -2.796067770424384702e-01
-2.682072840450316908e-02 1.422946141069900416e-01 2.932501967455791170e-01
