-4.559024168193996640e-02 4.696943114518948192e+00 3.704971681570790043e-02
3.242313926882881697e-02 4.339112561062233309e-02 6.984780540309275254e-02
-8.707321623133269448e-03 1.533235203631893619e-02 2.285782170708780883e-02
2.822122833286679067e-03 1.460460595963580972e-02 1.410393473963976959e-05
-1.193694380836928526e-01 -2.291042929265725558e-01 8.524112167437508658e-03
1.515646118612442306e-01 2.131122022298286012e-01 1.141487945402518698e-03
-3.007888045271378888e-02 -6.737964027028076064e-02 9.857062483212318885e-03
2.211945403056952975e-01 2.466549430824002132e-01 -1.051384897276979452e-01
-1.270018511406832418e-01 -2.803459024080689477e-01 2.287455436981135348e-01
9.706113560569336329e-02 2.748225138889633795e-02 -1.465682070685885019e-02
-3.686364216947983774e-01 -1.751745373063765335e-02 1.609606211153249977e-01
3.216332291977411217e-02 1.824840059800838243e-01 -4.764332109766928891e-01
-5.433418757203040128e-02 -4.223674176509489842e-02 -8.406155253042020548e-02
-3.758597124946989193e-02 1.935713875477292900e-01 -2.175648678998557128e-01
-5.763213707552564818e-02 -1.099173837180179025e-01 2.919072928702877712e-01
1.723470313649702879e-01 1.033970158192417665e-01 1.420572337840040611e-01
1.726207206545345152e-01 -2.769809216855742551e-01 -1.089997460350216940e+00
7.589970342060541053e-02 2.373753781590511869e-01 1.135888404191010226e+00
2.874866343369595345e-01 -3.352243719384414011e-01 5.249308475051189110e-02
-2.887055630208762436e-01 2.725724646166830523e-01 -1.249524837668259392e-01
1.134511274487276511e-01 -1.477278335249586870e-02 -2.015307295538221466e-01
-2.742744450812251711e-01 4.296092686107385455e-02 1.639775344033499171e-01
-1.615474665486880956e-01 -1.292221774097884746e-01 -2.794350586193676822e-01
-2.648136115594310405e-02 1.424514807720071441e-01 2.925280573076032842e-01
