2.284808406762331157e-01 4.788093032593709886e+00 1.439023771112138972e-01
-1.411931487554647924e-01 -3.437074148443373944e-02 6.105940629793731034e-02
1.449039197493254619e-02 -1.060953875148158178e-02 -8.531152460090021816e-03
8.561353476537467144e-02 8.147887720973714942e-02 -1.090503566218717878e-02
2.194218450089590600e-01 -2.561798364849051657e-01 -5.000714850745694579e-02
1.681944797269570024e-01 1.524390012588093812e-01 1.195410385867841201e-02
2.365403341597037412e-03 -3.827653759859765692e-02 3.362177580825270046e-02
2.559992240466721358e-01 1.876507774479703738e-01 -9.965512417806031420e-02
-5.261100392635380263e-02 -2.442073848187818197e-01 2.796082598146932829e-01
1.080638095587444919e-01 5.525167199660941525e-02 1.169981889712933334e-02
-3.663939457904427099e-01 6.420015401666410472e-03 1.823834826824569932e-01
-6.588821774905923023e-02 1.144043715110016346e-01 -5.068289140554113059e-01
3.575163845785423594e-02 -6.748660109113165106e-02 -9.428892792773466147e-02
3.159788790850077880e-03 1.924185528182549010e-01 -6.918344140891960481e-02
-6.361467222921098064e-02 6.650764606101804144e-02 2.101869967827275920e-01
7.409862167414388301e-02 2.770458578508672512e-02 1.452958611407319522e-01
2.305676319869839341e-01 1.596511709011862179e-02 -8.198627738641971474e-01
6.722733438523580130e-02 3.300520252166875834e-01 8.485606366385676225e-01
6.340702477198737474e-01 -4.068198915522991954e-01 1.855261311197840129e-02
1.226932498095613215e-02 1.120781449206968095e+00 -7.981333565601814173e-02
1.464902735570532133e-01 -1.580868743937270671e-01 -1.593899202391385050e-01
-2.719258453145466103e-01 3.101876459511085926e-01 4.885735100345458409e-02
-1.052937564271599624e-01 -6.223391449747094073e-02 -1.629789677905399969e-01
2.925478818314415988e-02 -5.288574177034046156e-03 2.099148679971766240e-01
