-7.464476252413905499e-02 4.692702053548149621e+00 2.948039691608834306e-02
3.279615228666935001e-02 4.570857009492961670e-02 6.934989837045484051e-02
-2.165488918976051988e-02 1.578383619696960630e-02 1.980481948687179763e-02
5.613435975031396720e-03 1.090041128792731788e-02 -2.006640506841778039e-04
-1.427330004762151494e-01 -2.257195974472300526e-01 1.045862049957543664e-02
1.486336337106818062e-01 2.075433743179811996e-01 2.252979485666931590e-03
-3.598909867967303722e-02 -7.032519471673916167e-02 1.129076188742216685e-02
2.326057588174996471e-01 2.441433978133906446e-01 -1.064756835561889298e-01
-1.110456789082239354e-01 -2.711832004353383341e-01 2.330656010292327662e-01
9.498011120132665575e-02 2.572462666233713002e-02 -1.150508289525646079e-02
-3.607448919952485067e-01 -1.060920728097419947e-02 1.600188706464381605e-01
2.668872716223849237e-02 1.687256601251357069e-01 -4.790156699641531235e-01
-4.668519472208385729e-02 -2.183785311754201514e-02 -7.766396437480826975e-02
-4.243794685144407219e-02 1.833488844315239730e-01 -2.301751933855121224e-01
-6.691593363195683097e-02 -1.129455993212291343e-01 2.933746594207395364e-01
1.661328297589766412e-01 1.317208784400092092e-01 1.537389860298717104e-01
1.819438816495268507e-01 -2.767871478288472797e-01 -1.105579853669990120e+00
7.342974312488949329e-02 2.424795398833262672e-01 1.141509003618067730e+00
2.903686309626561379e-01 -2.748845872062203877e-01 5.349429774601151960e-02
-2.992800915074609880e-01 2.490841259957126685e-01 -1.211719447413524553e-01
1.242367893619218538e-01 -9.697063761107935914e-03 -2.047721253041080713e-01
-2.631214418748377137e-01 4.020604394854495472e-02 1.732831579358357910e-01
-1.546372026225927565e-01 -1.273492971552471487e-01 -2.728666489412560070e-01
-2.998701954788936946e-02 1.405792015934277106e-01 2.938142963107200356e-01
