-4.720477115586622224e-02 4.700242762570397304e+00 3.403625508781041309e-02
3.348159632025821120e-02 4.402336062003719963e-02 6.904385266089195505e-02
-9.102583204547135334e-03 1.382107006298611412e-02 2.102826491968029163e-02
2.810818457061975591e-03 1.374480175831890513e-02 -5.575089050748343765e-04
-1.247554212788603151e-01 -2.298012763579105333e-01 6.695791046749111942e-03
1.501768174951567669e-01 2.109607184202576813e-01 1.055477381581142529e-03
-2.963325351910471930e-02 -6.896460181161905012e-02 8.884718907958100848e-03
2.189427544618283705e-01 2.443117861071588959e-01 -1.040973550215827520e-01
-1.261341542428058571e-01 -2.803066750019640452e-01 2.282700623318069943e-01
9.661342508999735956e-02 2.672901249396956655e-02 -1.511544212227098130e-02
-3.659495361069435293e-01 -1.534422030625418043e-02 1.581686379313052282e-01
3.292227557300114044e-02 1.804427361302623489e-01 -4.755044697002359100e-01
-5.429867122125343198e-02 -4.761534294400353307e-02 -8.231976335214985507e-02
-3.636690725953099085e-02 1.863200377690217568e-01 -2.238394868000487536e-01
-5.776475460385144950e-02 -1.071415775158249678e-01 2.928409483050776752e-01
1.719349365087269599e-01 1.019273579821959042e-01 1.446347237968048649e-01
1.753523078550314751e-01 -2.787192722280885104e-01 -1.095252353182936567e+00
7.749753337076349669e-02 2.348103136653217349e-01 1.141964549305606758e+00
2.875570114286051804e-01 -3.292889614245387842e-01 5.211389467234827516e-02
-2.852663025891521986e-01 2.704812571694453771e-01 -1.258091136680510591e-01
1.156585318223893877e-01 -1.472471713409961164e-02 -1.975813028165213925e-01
-2.702399771560312081e-01 4.236586434005790852e-02 1.602281806269189313e-01
-1.610299306060248292e-01 -1.293168035564149221e-01 -2.789852798321174054e-01
-2.672965637837081479e-02 1.431063586024491907e-01 2.926216183703874152e-01
