-4.898592301432844187e-02 4.702289980148322890e+00 3.229937491145782463e-02
3.392868560104720516e-02 4.389386245268175890e-02 6.845476434697463086e-02
-9.929271876292635607e-03 1.355992394777853077e-02 2.013565854934430688e-02
3.014006793202608260e-03 1.334264033324245556e-02 -4.923277611785223168e-04
-1.282440675957099707e-01 -2.301848794581112800e-01 6.515384778433545854e-03
1.499039061057890476e-01 2.102501122714199866e-01 8.977120416889816396e-04
-2.965093728962404224e-02 -6.948656603546359001e-02 8.479453715641906489e-03
2.191324077276261828e-01 2.433072683621718968e-01 -1.039382127078839757e-01
-1.241516829929029953e-01 -2.796205334772111084e-01 2.283520645835745155e-01
9.609633254301329364e-02 2.636969725907304177e-02 -1.524367306759946174e-02
-3.646030687816118054e-01 -1.426567901324480789e-02 1.574474050317184182e-01
3.270027961780565956e-02 1.792145741662669600e-01 -4.753885069855208201e-01
-5.390457508781354434e-02 -4.910460017394144283e-02 -8.161231155587270192e-02
-3.662038760835949203e-02 1.837855197737621737e-01 -2.271269344289168213e-01
-5.827645595117550426e-02 -1.069370896390971909e-01 2.935107545745476720e-01
1.710679274850868681e-01 1.020501544847657177e-01 1.459584437408067981e-01
1.763959979074173900e-01 -2.793431861194465293e-01 -1.097316151062051937e+00
7.839391379482714417e-02 2.329442759092103798e-01 1.143810907993189963e+00
2.863935683393562526e-01 -3.253720431266086122e-01 5.348627858373572463e-02
-2.843598763743566682e-01 2.684521166675688519e-01 -1.264792925869272777e-01
1.178671982616644603e-01 -1.468863364814316022e-02 -1.978304667365633485e-01
-2.675121658441476091e-01 4.167283103923057064e-02 1.616247732043247509e-01
-1.606647802864228092e-01 -1.296787510691561895e-01 -2.789844950796651069e-01
-2.745989329904062817e-02 1.438079770475215180e-01 2.929226635267842549e-01
