-9.003528312690707580e-02 4.721512801103931345e+00 1.198367689666534341e-01
3.024073354626271790e-02 4.096069921022672811e-02 7.845604753489243688e-02
-2.820278693713605071e-03 -2.828795967013901080e-03 2.385094454359830071e-02
1.326805538364410862e-02 2.892214871847544055e-02 1.827171406132229239e-02
-1.455838419898108915e-01 -2.371020965892009780e-01 1.491466074666786788e-02
1.314865937462439405e-01 1.895496186501139935e-01 1.244302270397109299e-02
-3.244390363169697561e-02 -4.264669004459444718e-02 6.619468515602360166e-03
2.124395593806014670e-01 2.249294718853015462e-01 -1.111033361817794773e-01
-9.411887404816109137e-02 -2.660087838805159643e-01 2.429349487929216567e-01
1.083774218129735512e-01 4.111112000872313432e-02 -9.624907305713028063e-03
-3.861075694703959837e-01 -8.079294473245563282e-03 1.456280733967191543e-01
3.110355660550022036e-02 1.859388507732157858e-01 -4.633392266334548926e-01
-5.175683818581298945e-02 -3.191986166590859292e-02 -6.072450757056772896e-02
-6.677569767120675182e-02 1.790740690751699005e-01 -1.596690676918749441e-01
-3.333343952886668599e-02 -7.332851755263565530e-02 2.318065213473641528e-01
1.335430114586934613e-01 5.156660572284604144e-02 1.241463080357375071e-01
1.715402114321931404e-01 -3.325216240020298364e-01 -1.161630642769037047e+00
1.233188033964121716e-01 2.284861082544659694e-01 1.157334757566391481e+00
3.085609301504080304e-01 -4.037722274893699725e-01 7.158820293746061270e-02
-1.029416965623956848e-01 2.036851320475844274e-01 -1.042921156772534941e-01
1.430103768997120217e-01 -3.697081366501927396e-02 -2.030853708505850619e-01
-1.634316408170079782e-01 3.741458656128213850e-02 1.887085088631876018e-01
-1.718806810717140587e-01 -1.263038268864042357e-01 -2.758154854026945713e-01
-4.585206692476559431e-02 1.612631598764439345e-01 2.675296519569739795e-01
