-9.886274891633761719e-02 4.703505189114499885e+00 7.708793962848366210e-02
3.520919363374756805e-02 5.045365976628169574e-02 7.455954988101891334e-02
-2.175869788821480771e-02 4.954267350531712209e-03 2.033026613950812689e-02
8.640876813147908841e-03 1.203665153824831635e-02 1.598113888973380636e-02
-1.604756046375118705e-01 -2.246388906618159709e-01 1.146263140628553216e-02
1.479472920649874679e-01 1.930848097727762003e-01 9.311594979172546291e-03
-3.650744716923293859e-02 -6.220920727304692782e-02 1.128669297797632413e-02
2.312923091161717681e-01 2.261748559808256787e-01 -1.171555638073395605e-01
-9.617020640950206534e-02 -2.654199799533310533e-01 2.341020374794852699e-01
1.009171064896758341e-01 2.702681823443226286e-02 -8.166198506514578057e-03
-3.800940798753606464e-01 -3.662977736458779363e-03 1.514891964694208004e-01
3.586606628763502197e-02 1.741599420270074916e-01 -4.582968453601570236e-01
-4.902394104735017383e-02 -2.249679867247640977e-02 -7.479298231410701214e-02
-5.545623225080489882e-02 1.544871758718755483e-01 -1.985879311900361210e-01
-4.837706086113241488e-02 -1.017588283868285370e-01 2.541606635637040368e-01
1.427176378151524816e-01 9.790386554544754094e-02 1.306537717256317788e-01
1.847602920937692073e-01 -3.266755284002045290e-01 -1.137497486859770923e+00
1.167042854711210081e-01 1.945545679080676604e-01 1.131574758544356740e+00
3.314493121021215849e-01 -3.930482569234227119e-01 6.182367205781449937e-02
-1.384532560818758362e-01 2.541554319659657390e-01 -1.260106643463309861e-01
1.426161176065691982e-01 -4.063257115105618766e-02 -1.997334137314866753e-01
-1.619077422972142466e-01 4.067324030452233036e-02 1.803439777976706127e-01
-1.688824146591346997e-01 -1.357540991461459179e-01 -2.872761700817994535e-01
-5.760660097532024904e-02 1.650509793485064325e-01 2.973007167140308549e-01
