-9.428932788316408964e-02 4.696937530004621664e+00 6.553184971546287263e-02
3.569622413461148724e-02 4.985395281003874440e-02 7.243274909755503810e-02
-2.392983419889604599e-02 9.887626829489858798e-03 1.966696948483701024e-02
7.874363022444357679e-03 9.931807164471681895e-03 1.260724489230705819e-02
-1.570316555519116752e-01 -2.221388451978095480e-01 1.268404278515768147e-02
1.486369604388576293e-01 1.982518881663108412e-01 7.067410417406946345e-03
-3.476858899111034962e-02 -6.764914539579398867e-02 1.130191368669038882e-02
2.310351857647392482e-01 2.298223254704667984e-01 -1.104586389388751144e-01
-9.729505255585814416e-02 -2.605814159638478733e-01 2.357887850762131476e-01
9.762071132603374057e-02 2.435979248171488143e-02 -7.475598962394457495e-03
-3.725497599091064926e-01 1.041738818447031020e-04 1.480201557682223890e-01
3.135220198970146976e-02 1.652164310223379895e-01 -4.617317722724436080e-01
-4.902291092853238580e-02 -5.396143935767443514e-03 -7.817434243052839848e-02
-5.245239630031838657e-02 1.409837171440090076e-01 -2.096994237408580375e-01
-5.275092876048683571e-02 -9.702033024002265638e-02 2.624892189121173502e-01
1.432916275939378481e-01 1.203001287014314052e-01 1.373012796987402029e-01
1.848730603443438647e-01 -3.102093949186290334e-01 -1.125937018346173435e+00
1.117151535705627474e-01 1.948946299177513053e-01 1.134072596295412794e+00
3.298472964482324077e-01 -3.452786337843392617e-01 6.324378842550837376e-02
-1.598895986243726031e-01 2.832583913126259234e-01 -1.286473194614868865e-01
1.504569129103705827e-01 -3.555440106329597894e-02 -1.986548713373425534e-01
-1.767549528130725467e-01 4.881614851195279631e-02 1.777185043827820277e-01
-1.643992350810369873e-01 -1.335605618332506850e-01 -2.804543307687339393e-01
-5.409601430519698356e-02 1.568825187573296143e-01 3.010778792465824139e-01
