-5.329709392323742079e-02 4.703378800242813185e+00 3.032570296734990456e-02
3.550821970431283781e-02 4.430627506319313735e-02 6.781719051329472558e-02
-1.193385215594603907e-02 1.396495612142621516e-02 1.949959397449452930e-02
3.368202808031027333e-03 1.256837640411321774e-02 -4.002537546223984820e-05
-1.352924686576641722e-01 -2.306458996227277458e-01 7.435048306945948350e-03
1.502475202085496730e-01 2.107488321586941105e-01 1.179760496760700900e-03
-2.978784421454299183e-02 -6.970902085210321786e-02 7.503752907836231355e-03
2.195524250985171066e-01 2.437725594665568207e-01 -1.042534685647228399e-01
-1.225941848773436926e-01 -2.778019702732794083e-01 2.288591265174198808e-01
9.588048437809240654e-02 2.624988280091335516e-02 -1.546570331604066838e-02
-3.621714465019219564e-01 -1.366575858850849548e-02 1.577751800111846514e-01
3.166009345377566314e-02 1.772870257955025952e-01 -4.758420795183366248e-01
-5.187132852896612217e-02 -4.920495790147203646e-02 -7.999917029146440262e-02
-3.850312167911747879e-02 1.819333361185256071e-01 -2.305067076025981154e-01
-5.982635321984421800e-02 -1.073323964663822350e-01 2.921667224581032674e-01
1.679699063010215709e-01 1.044640706481933246e-01 1.492981006180183201e-01
1.780917670729038615e-01 -2.804327870569179315e-01 -1.099908988086180539e+00
7.833849695748353048e-02 2.327217843650800921e-01 1.144836298902605742e+00
2.866643143273799876e-01 -3.165206361079878628e-01 5.410090668375161504e-02
-2.842214630162298583e-01 2.589093720391487108e-01 -1.216912892618123437e-01
1.234306729852573115e-01 -1.428159170446758122e-02 -1.977926215218757944e-01
-2.647378581476241277e-01 4.084543928391741463e-02 1.655007412580584980e-01
-1.599249369802199228e-01 -1.295637022168844854e-01 -2.777499895030532961e-01
-2.770875379821228016e-02 1.442259266028273201e-01 2.918132871412739693e-01
