3.773458545749960868e-01 4.773863335984468215e+00 1.106703528026098532e-01
-3.292297823762073139e-01 -9.841098134180935320e-02 3.855100521155895715e-02
-7.680059159190683570e-03 -1.087521926656936401e-02 -3.600968792257534801e-02
1.518712537948567198e-01 1.162052940977041232e-01 -2.820737024179449312e-02
5.781507457565501218e-01 -2.389805382574164416e-01 -1.325069988475895411e-01
1.914712486195424557e-01 1.585637342362589408e-01 3.550657086403417872e-03
9.408957064484193070e-03 -4.485188800110527507e-02 3.206633517487781498e-02
1.634008176912141730e-01 1.609230025878567449e-01 -5.742208963619031131e-02
-2.999065535878507344e-03 -2.314419790211605099e-01 2.913082247553684945e-01
9.493974557331295860e-02 6.528777868262976292e-02 1.601716503693016366e-02
-3.554792878107038701e-01 1.962498448046685190e-02 1.675205493760628661e-01
-1.132935438450308335e-01 1.066445106687165106e-01 -5.291767185198531509e-01
6.201841679696131621e-02 -8.361729029008532765e-02 -1.281081639207374279e-01
9.988452466867324409e-03 1.573408601751869473e-01 -7.086563662360076399e-02
-7.229667757232034753e-02 1.135312290880568370e-01 2.060274496581661896e-01
5.062843350061472375e-02 3.951196838182505916e-02 1.647459497963465469e-01
2.378898568246071710e-01 5.221508621667089040e-02 -7.174757420233637273e-01
2.633909465132946992e-02 3.405671182309625844e-01 7.519977711017986621e-01
6.659277582511675675e-01 -4.414035663936818343e-01 3.299538080842618487e-03
-2.209893256742663167e-02 1.273259026028029872e+00 -7.436165891368452796e-02
1.214501192426478138e-01 -1.835961670053054551e-01 -1.585392595337952737e-01
-3.071365769041694005e-01 3.474828343517073481e-01 2.712307396846017765e-02
-9.527837036519043457e-02 -4.938014158868133524e-02 -1.403662359260507697e-01
3.034154704307829784e-02 -2.688794596554119204e-02 2.110750767806775230e-01
