-8.340597931312096480e-02 4.729897657903456398e+00 1.384145204688481401e-01
1.945123363884309134e-02 3.469507230298408268e-02 8.226042821021417595e-02
2.395536583389053405e-03 -5.243007196359780048e-03 2.685258812760207836e-02
1.729420505960465107e-02 3.530932967586866700e-02 1.522032482363829160e-02
-1.244937661421620934e-01 -2.395554075565784757e-01 1.470190042576034750e-02
1.310981328274254953e-01 1.806780979618164140e-01 1.589421266671503172e-02
-3.218857588478721277e-02 -3.810703970795237261e-02 8.565056242027534877e-03
2.159996471209781332e-01 2.186005590443961533e-01 -1.035198301694481432e-01
-9.869982930497565865e-02 -2.627674736070192418e-01 2.512755373441216689e-01
1.129380490361653888e-01 4.386958907950613828e-02 -6.962610348860216909e-03
-3.896966924301316082e-01 -3.133114959114656831e-04 1.360934871375509003e-01
2.427719159568787061e-02 1.767026780272636377e-01 -4.759932694177808621e-01
-5.306914553431996834e-02 -2.956029410160277218e-02 -5.690886938757652724e-02
-6.180518867618711720e-02 1.825991679151987845e-01 -1.314915533188358021e-01
-3.308009422137486027e-02 -5.045764050756817998e-02 2.216100083650627828e-01
1.205763638000821869e-01 3.167743029735814453e-02 1.240167539136045743e-01
1.722392028383052387e-01 -2.979239629888857932e-01 -1.162230032394241386e+00
1.265569886228077590e-01 2.488003690131049828e-01 1.177094529083769769e+00
3.377332995392892667e-01 -3.795604050326427670e-01 8.094180489315214166e-02
-7.865057158597633935e-02 2.756621448520125139e-01 -1.184004045761990059e-01
1.514911139954982500e-01 -3.830459933230953573e-02 -2.114291166038970438e-01
-1.813388167557757058e-01 5.822834847775167078e-02 1.798255347465701481e-01
-1.702985591778689856e-01 -1.149354966910170472e-01 -2.582586466273828485e-01
-3.474374279301394031e-02 1.406832818969187826e-01 2.549400204148353222e-01
