3.066894528926155106e-01 4.780032803331052627e+00 1.310980127190304323e-01
-2.284090850777077686e-01 -6.590492423908224373e-02 5.036553043134486124e-02
5.803893565336519858e-03 -9.782036239222796983e-03 -2.057851969839780831e-02
1.173292564958854783e-01 9.912002996808573496e-02 -1.999328029769782342e-02
3.884027123322117969e-01 -2.496494272234587031e-01 -8.574216923646600652e-02
1.807025714087480139e-01 1.565148580331978123e-01 6.590759065526993407e-03
7.316321217029048141e-03 -4.057002157635510725e-02 3.326737298494943096e-02
2.221107170112687490e-01 1.771382347770501797e-01 -8.234919083258822325e-02
-2.745963247162572576e-02 -2.393702806966652441e-01 2.864330921040394440e-01
1.015421377123099933e-01 6.081929984076928780e-02 1.404030693246676766e-02
-3.644164500025880438e-01 1.087937038507768954e-02 1.789788979588751439e-01
-9.074457025099608165e-02 1.118478922001109460e-01 -5.204384949839196972e-01
5.017531757404788961e-02 -7.506376226723639189e-02 -1.117601781458494592e-01
7.569617182393002450e-03 1.781868988266891718e-01 -6.816034876076126903e-02
-6.764587475762295909e-02 9.024092928285105952e-02 2.091163769262698036e-01
6.462756683581356854e-02 3.385408801640066301e-02 1.554771880876663348e-01
2.342260011408610065e-01 3.844247160549350839e-02 -7.631962655076800495e-01
4.651845796090514629e-02 3.383443094819741370e-01 7.964663798455086097e-01
6.558730269980160843e-01 -4.264602067267497243e-01 8.797121150219437344e-03
-3.819909497726122708e-03 1.205018303498784249e+00 -7.633761456361233544e-02
1.340679550065081438e-01 -1.728247700642221441e-01 -1.575352710238858700e-01
-2.891063330806695197e-01 3.322814088857535819e-01 3.633465705022246445e-02
-9.831574908737242269e-02 -5.609756088382369249e-02 -1.525591517223895688e-01
3.117220005654913403e-02 -1.747016762054964464e-02 2.106433825131683313e-01
