-5.136157247667752501e-02 4.703144278062285188e+00 3.084909839343889792e-02
3.426095797463447890e-02 4.380657611635726395e-02 6.806057335934097285e-02
-1.138681383579310744e-02 1.371859625980293568e-02 1.966243941593459957e-02
3.294805411890093256e-03 1.296996656725916096e-02 -2.330390398834163016e-04
-1.313482751087322320e-01 -2.305212744120729573e-01 6.857311090121391735e-03
1.504950929892871492e-01 2.101717247582849113e-01 1.092936282192252719e-03
-2.974340454598676381e-02 -6.959842790281921265e-02 7.918283832082612800e-03
2.193605271429755199e-01 2.431893269094968779e-01 -1.039925778587546534e-01
-1.231027729408905036e-01 -2.785495043989097419e-01 2.284826481774830109e-01
9.578868409143685703e-02 2.626390130818500104e-02 -1.536269965651546922e-02
-3.633170155978766025e-01 -1.359443677486847288e-02 1.573726308699927579e-01
3.211599908227295852e-02 1.779271507183557421e-01 -4.755875302227707824e-01
-5.299420762759113335e-02 -4.947028165441760827e-02 -8.062544434243314184e-02
-3.767503774799889349e-02 1.824453527020342969e-01 -2.294788232308757059e-01
-5.910790337182993126e-02 -1.070720579041812420e-01 2.930420208853220521e-01
1.692396162230367374e-01 1.030297361525597255e-01 1.477947430442641819e-01
1.774838080379269878e-01 -2.798424034132209748e-01 -1.098903263145159848e+00
7.872402399781378013e-02 2.322352596622088983e-01 1.144757599015078897e+00
2.865383425832034869e-01 -3.212264559693313593e-01 5.466664514088004356e-02
-2.836471695408574467e-01 2.644136528518188367e-01 -1.246449726382764384e-01
1.214064116576405034e-01 -1.453322468484453261e-02 -1.978898869219591350e-01
-2.655045853451372673e-01 4.118655324518467192e-02 1.638563623669013480e-01
-1.603495583971561167e-01 -1.297641603878101346e-01 -2.785006636555809045e-01
-2.782009515487342266e-02 1.442343040447578717e-01 2.925906098223405305e-01
