-9.805467527358287250e-02 4.711721073468179810e+00 9.069970181854088154e-02
3.452104766714770429e-02 4.849019936041415457e-02 7.525563158181257373e-02
-1.589177150846278821e-02 8.339035120710025593e-04 2.009248445694660976e-02
9.727754295811061325e-03 1.749964719219929826e-02 1.826164465036177187e-02
-1.597327290915209752e-01 -2.284309094957961417e-01 1.145845557503322003e-02
1.430091956104560247e-01 1.913847282358297486e-01 1.061601200102337515e-02
-3.525453169621012295e-02 -5.467180091685979598e-02 9.812309140914436331e-03
2.206349191171181612e-01 2.263648725014764940e-01 -1.171056341988194194e-01
-9.401413144667505883e-02 -2.674988079303673438e-01 2.351014189310881852e-01
1.031408249480326861e-01 3.231609059601226602e-02 -9.397132657453144758e-03
-3.815858935676743613e-01 -7.885403862782743717e-03 1.522118410966843138e-01
3.697479388113757148e-02 1.822700688865800667e-01 -4.558992449357491816e-01
-4.848813483039610822e-02 -3.220270645791317721e-02 -6.866914607496311940e-02
-6.106903102885331142e-02 1.679202760347911771e-01 -1.878683910230140308e-01
-4.237479851697968647e-02 -9.884658609426845433e-02 2.463564502053526284e-01
1.421449064249477034e-01 7.909838305373029232e-02 1.267933069258809775e-01
1.809368264234302581e-01 -3.400540055073215107e-01 -1.148281240284092952e+00
1.182045819362917832e-01 2.032281027445876631e-01 1.134117746029813301e+00
3.205620327283623672e-01 -4.174013288546901679e-01 6.301952466038290845e-02
-1.281420435915767153e-01 2.140727216527687771e-01 -1.149619993635666165e-01
1.399141794356976998e-01 -4.063286125656125070e-02 -2.003077967002051263e-01
-1.561317921167520717e-01 3.305850975327839780e-02 1.866653988285959798e-01
-1.724140679561883271e-01 -1.352970819067066122e-01 -2.885581621408118136e-01
-5.678725460489530280e-02 1.699346520059101528e-01 2.880508955225393186e-01
