-8.325246090261978482e-02 4.692227875250322811e+00 5.387179893819184218e-02
3.531868698036508963e-02 4.809793809074706245e-02 7.080977360981820234e-02
-2.382339461093323230e-02 1.404528888860560702e-02 1.767396584574559490e-02
7.040188540059433113e-03 1.038479310513239738e-02 8.274398423126362589e-03
-1.503175259281167853e-01 -2.230009273545591753e-01 1.204035313638589927e-02
1.507418697704306643e-01 2.032180404610203217e-01 5.829796568012941306e-03
-3.409569909975862512e-02 -7.043786896907598682e-02 1.164820019790922812e-02
2.342085639052796098e-01 2.337662189667615020e-01 -1.072317564897902892e-01
-9.785943062569672779e-02 -2.567264395222491058e-01 2.386216410612255201e-01
9.609321865163646115e-02 2.441753608363624733e-02 -6.827363216010400894e-03
-3.657016798696903215e-01 1.659974613181685915e-04 1.508648615145332106e-01
2.443075177716549223e-02 1.590983880288438512e-01 -4.695428948884723397e-01
-4.576235484207183402e-02 1.047353797073988409e-02 -8.082063862813028410e-02
-5.035665583343789525e-02 1.399910378166079605e-01 -2.200740153868927795e-01
-5.873228842703693414e-02 -9.255252646432726715e-02 2.744039630634036442e-01
1.462070834885399462e-01 1.425885841829359346e-01 1.456570298182035539e-01
1.822070509323766019e-01 -2.919046109620300755e-01 -1.113691915239256591e+00
9.842717975634347749e-02 2.092649220574479552e-01 1.135509664831731103e+00
3.118082196174495890e-01 -2.860019328154994600e-01 5.995093734542416425e-02
-2.107330512456726257e-01 2.955417674864577182e-01 -1.238044958291533854e-01
1.449360719968061650e-01 -2.727493100132348178e-02 -2.013204829462703072e-01
-2.114341756278071693e-01 5.480089195592090928e-02 1.794011765155393290e-01
-1.584768419526288996e-01 -1.294753768628923718e-01 -2.739422453429743443e-01
-4.587655066750346428e-02 1.458784332960647856e-01 3.008066900439939073e-01
