-7.945609693900486381e-02 4.691983614865518959e+00 3.133457182713284689e-02
3.213370539462973713e-02 4.552079433828268989e-02 6.972928129430074062e-02
-2.357254794848254523e-02 1.571904801326523202e-02 1.932742424871621706e-02
5.932093577528138421e-03 1.079032764030593387e-02 7.278423437391583683e-04
-1.447511344416593237e-01 -2.251716317361957265e-01 1.071924465081776010e-02
1.480773061930762413e-01 2.055535596643972840e-01 2.772193684711528414e-03
-3.863358494321943865e-02 -7.046836911773565748e-02 1.209372532308501669e-02
2.373770250218683875e-01 2.420192639037152815e-01 -1.071067293863288833e-01
-1.048274610864952106e-01 -2.682820284806324285e-01 2.364419689303934868e-01
9.580086048727953774e-02 2.543512580151746985e-02 -9.653630724695928117e-03
-3.618725312234005731e-01 -8.316927759777019077e-03 1.585497955873683695e-01
2.416180962967419063e-02 1.654988961952716386e-01 -4.804883654827852291e-01
-4.569280659488952900e-02 -9.761176408294290618e-03 -7.781581609152708745e-02
-4.448326859459756505e-02 1.770828342865710670e-01 -2.260790996117971463e-01
-6.704986167921063445e-02 -1.105365153163449798e-01 2.887576739680813298e-01
1.636019133319902841e-01 1.406463182613588714e-01 1.543083933856700951e-01
1.829603331137162059e-01 -2.764389746473225329e-01 -1.109215820365456739e+00
7.814289763568219027e-02 2.393817399733896567e-01 1.141542717618354352e+00
2.948512087811366311e-01 -2.651329826610620000e-01 5.422926317630060583e-02
-2.862965867088698158e-01 2.617562552028441236e-01 -1.187665743513534322e-01
1.261015863359741529e-01 -9.846248060327723872e-03 -2.069606348053227574e-01
-2.597112905873893429e-01 4.363847700325027695e-02 1.772818889102077689e-01
-1.540886850889655879e-01 -1.267857323452129537e-01 -2.715804003627916852e-01
-3.270194386586827706e-02 1.399187494490627681e-01 2.953497871395523444e-01
