-8.636905650336565432e-02 4.693091801467497604e+00 5.758288457536580446e-02
3.569928497603258588e-02 4.867995294384311333e-02 7.104094709703416555e-02
-2.405079450384757858e-02 1.300997628941301908e-02 1.824893203121826304e-02
7.204726345648790678e-03 1.011903320165681228e-02 9.618060080965521938e-03
-1.523122265660910302e-01 -2.227584296562500066e-01 1.253049539565113599e-02
1.507622606753742656e-01 2.019118023400142403e-01 6.278598003078054123e-03
-3.339069566329962852e-02 -6.996380222550398209e-02 1.140078398337335437e-02
2.320532538886116158e-01 2.329374155826636206e-01 -1.075131119355100390e-01
-9.865904219151366839e-02 -2.574706583280368388e-01 2.370768794328421691e-01
9.612807610364342004e-02 2.417545891923954596e-02 -6.957179213218566902e-03
-3.668194356053602889e-01 6.120206454811471684e-04 1.496142591550699841e-01
2.663594083142808294e-02 1.600396695758674881e-01 -4.658115156447058536e-01
-4.700557182298536335e-02 7.656695521573783116e-03 -8.044565518918471436e-02
-5.100457111759160167e-02 1.372037791888821578e-01 -2.180831571691791981e-01
-5.672540336589104032e-02 -9.245644075737857737e-02 2.710287228766955492e-01
1.442652411324606698e-01 1.375041817631851016e-01 1.431398434599456537e-01
1.832763220165990192e-01 -2.972985325818162661e-01 -1.115478121027793978e+00
1.030825901035467423e-01 2.032218041042057333e-01 1.134011878202002777e+00
3.184825370694452373e-01 -3.021608369476023181e-01 6.030714501574281627e-02
-1.935859754161111390e-01 2.952396610444659730e-01 -1.244586228596750582e-01
1.486048198038394941e-01 -3.012774946474616050e-02 -1.996892432785189464e-01
-2.004996755240890383e-01 5.398521490751478913e-02 1.785818241694852593e-01
-1.605649236659714152e-01 -1.308128562352334490e-01 -2.757588991642780374e-01
-4.866374905161814646e-02 1.490415279480336030e-01 3.015906429798769772e-01
