5.190319592127417003e-01 4.756234728421463664e+00 4.301980908074207188e-02
-5.863776595947916004e-01 -1.652523269888563906e-01 1.553336956899530399e-02
-4.511707295058627748e-02 -1.495533537247296409e-02 -7.646829498349214105e-02
2.270129424606234791e-01 1.503191897668484933e-01 -4.093816692926026402e-02
1.081531062900208839e+00 -1.725991085184370444e-01 -2.518051235323878756e-01
1.974908098233450204e-01 1.652066380826477943e-01 -1.127061762310296519e-02
2.409920152285260214e-03 -6.056137893441099901e-02 2.880818404993497339e-02
-4.659144093322613311e-02 1.283933042805601166e-01 3.574587467762841558e-02
5.479827484914755881e-02 -2.058229521653573146e-01 2.958852229520113064e-01
8.141187543980825392e-02 7.104717916179217885e-02 1.794183560051224383e-02
-3.165034845031634569e-01 5.159711391313784312e-02 9.799637245521047868e-02
-1.534812712865935569e-01 8.765999467669262357e-02 -5.250460015813271930e-01
8.840209370839699488e-02 -9.452622234047387828e-02 -1.570367992257704626e-01
9.352702257579437878e-03 9.341864390841608801e-02 -7.196574079001027968e-02
-7.918203872802397070e-02 1.588948315785501941e-01 1.817510799826929924e-01
2.036185104200842130e-02 5.441584929128298609e-02 1.741420493832029071e-01
2.419745872883887483e-01 6.184513259469314600e-02 -6.601355908851865850e-01
-1.470153841357298673e-02 3.343845530174199832e-01 6.826560186504899708e-01
6.705751831090627224e-01 -4.424300165222161962e-01 6.437876174530635098e-03
-2.518902221165808183e-02 1.348517528177571423e+00 -7.710687307375993504e-02
1.039689085971324256e-01 -1.839045145831023076e-01 -1.703742927321939549e-01
-3.058045012099582238e-01 3.500119511193476307e-01 9.866051319561539371e-03
-9.009114191963817075e-02 -3.199301678642478552e-02 -9.910375354616686450e-02
1.665922980741832773e-02 -3.874526519079354164e-02 2.118869350846752098e-01
