4.336029466712858493e-01 4.769360250962828118e+00 8.773386375579426966e-02
-4.314701550082513104e-01 -1.263503737169423546e-01 2.907039115051401890e-02
-2.426559913230941917e-02 -1.280166350568514959e-02 -5.069058936968741380e-02
1.850748355692107827e-01 1.307792218578826826e-01 -3.435432006786023895e-02
7.634842621189500411e-01 -2.189081438184143080e-01 -1.785173904426180236e-01
2.001127221108090215e-01 1.590850020701640444e-01 9.521026873355682620e-04
7.316210115956494481e-03 -5.013326062092298557e-02 3.066910967363322554e-02
1.023903544531320070e-01 1.453597199853015887e-01 -2.992710832221148060e-02
1.915540453907014357e-02 -2.230017705981289511e-01 2.941940043744677991e-01
8.931317367879006153e-02 6.824642048376720893e-02 1.774095910238658591e-02
-3.454766187886726958e-01 3.004502914650863943e-02 1.503570832063730045e-01
-1.315294592202193857e-01 1.009148143296438732e-01 -5.345061777084366694e-01
6.972512943733386037e-02 -9.114660721627478035e-02 -1.415106671354158796e-01
1.054818096070413852e-02 1.354275465215027396e-01 -7.221322438607619132e-02
-7.678942642873104463e-02 1.326302041280786881e-01 2.001315840770193921e-01
3.768194663399633548e-02 4.408972548227439031e-02 1.714698372351366185e-01
2.405449447471656732e-01 5.982971864418047681e-02 -6.855176645122664780e-01
9.201627196301036607e-03 3.402392429145413288e-01 7.177846754099604931e-01
6.702939255479135605e-01 -4.505611655518141911e-01 1.753846228981489463e-03
-3.416101312362514880e-02 1.321457698874375142e+00 -7.480341401843064453e-02
1.105705304635837133e-01 -1.872760001794643303e-01 -1.626911207266859283e-01
-3.172461421770144674e-01 3.535845763038181211e-01 2.070720417198915891e-02
-9.377482508940380990e-02 -4.375526691270086727e-02 -1.276389000270910234e-01
2.539695708062516058e-02 -3.265294885747507814e-02 2.120195742138303030e-01
