-9.092987609994147846e-02 4.694577064397797983e+00 6.114995676559505794e-02
3.579356781964606465e-02 4.920953097047049002e-02 7.151984203735899104e-02
-2.425723683301218500e-02 1.178995350215976921e-02 1.906162258329964151e-02
7.399307987890270388e-03 9.901027614092627188e-03 1.104822629898311558e-02
-1.547794002677262415e-01 -2.221432950116758454e-01 1.300096947454933843e-02
1.495917880962938651e-01 2.004367645638024942e-01 6.599273992411724098e-03
-3.378700776568926978e-02 -6.908098040443864940e-02 1.132919548234631764e-02
2.304809198822727334e-01 2.319692756582632243e-01 -1.081090435986716281e-01
-9.816846160819565903e-02 -2.586738758465051968e-01 2.362929260137139886e-01
9.654451097120225755e-02 2.408221990605780016e-02 -7.195191085668282450e-03
-3.688337672525202060e-01 6.470464969022021902e-04 1.482211061762519766e-01
2.901074151771927331e-02 1.620550539324112915e-01 -4.631660576989979905e-01
-4.824489937317166105e-02 2.292263712714764489e-03 -7.946539539995185752e-02
-5.168026664680545890e-02 1.376031622019945888e-01 -2.145618957980101049e-01
-5.475262795730136828e-02 -9.433384404686229185e-02 2.668809314430650725e-01
1.435747348924936717e-01 1.300814364238498388e-01 1.404269510749178718e-01
1.843909037225895942e-01 -3.032797430070879874e-01 -1.119776753898261257e+00
1.078118795646384187e-01 1.980739944641106143e-01 1.133905841940035630e+00
3.248336094569994059e-01 -3.222752483363015563e-01 6.157097135184601278e-02
-1.762136064754271092e-01 2.916966605954859348e-01 -1.261080383901204138e-01
1.502319396789467687e-01 -3.297784265610807092e-02 -1.983687105276362717e-01
-1.891845713730575806e-01 5.212972753701176909e-02 1.775135658098143387e-01
-1.623347270165353129e-01 -1.320729850098961156e-01 -2.777290173683170105e-01
-5.128013537037771213e-02 1.526588257532808246e-01 3.017140972797302534e-01
