-7.753261772324245016e-02 4.691997067347561945e+00 3.038898567890055760e-02
3.241345381509993379e-02 4.551209109786599760e-02 6.958676460386839513e-02
-2.257295908427971176e-02 1.584225084328675856e-02 1.977505359533466081e-02
5.721322882741488453e-03 1.085637186593446137e-02 1.271717188455821865e-04
-1.434557956378918753e-01 -2.252361732768543012e-01 1.073784931864205788e-02
1.481494643733680949e-01 2.065922161992286288e-01 2.453111538404313327e-03
-3.745093355459634676e-02 -7.033903555845689992e-02 1.185179250184017520e-02
2.353395894971403446e-01 2.432205057659796998e-01 -1.066479637555118876e-01
-1.072099541902692410e-01 -2.695791275537644527e-01 2.348687338935682711e-01
9.528597716572166643e-02 2.559077732580969031e-02 -1.057580399360152738e-02
-3.613570170616792754e-01 -9.414961352286229171e-03 1.592220699404464646e-01
2.523299007853915810e-02 1.669316747238895338e-01 -4.798833319793158747e-01
-4.605663951897108477e-02 -1.578361174981620166e-02 -7.734367501950145662e-02
-4.347011481440522102e-02 1.811432221495926642e-01 -2.282558977019024105e-01
-6.717400378063786981e-02 -1.123586329820540075e-01 2.914846764018615977e-01
1.655009664238246969e-01 1.363830401781037094e-01 1.540355841160562789e-01
1.823618912268522019e-01 -2.763048886920786984e-01 -1.107924288555773629e+00
7.531782817803846231e-02 2.418263916035202910e-01 1.141819892646720236e+00
2.924202407453245223e-01 -2.690888128124409029e-01 5.484719262336040790e-02
-2.934966933459416394e-01 2.542574807226529177e-01 -1.206686267164954057e-01
1.257762097160781967e-01 -9.014926798669156346e-03 -2.056122297745742178e-01
-2.604107773276230775e-01 4.134124954390920592e-02 1.748979386321091178e-01
-1.539806079217230228e-01 -1.270198858938409170e-01 -2.718961997733833624e-01
-3.124406921085483985e-02 1.402155611113335698e-01 2.944754331976713324e-01
