-5.244384142854033315e-02 4.744663776886755890e+00 1.630448361062196427e-01
1.594960484758338806e-02 3.085826851059967832e-02 8.632174871149456141e-02
1.396686075990469060e-02 -8.375764920043137982e-03 2.520349035610053301e-02
2.010900243487617062e-02 4.010232972557722236e-02 1.240917102827049194e-02
-1.075461034182617071e-01 -2.443323356283177705e-01 1.167128939625001159e-02
1.298672302759636965e-01 1.683305591236876342e-01 2.068935447169648750e-02
-2.493468460393077207e-02 -3.712131649652740395e-02 1.360752630489726368e-02
2.365572462727125180e-01 2.075624970134619662e-01 -1.046739074176498696e-01
-9.863835854754574028e-02 -2.545005681962844712e-01 2.636781422579689838e-01
1.183458718828472173e-01 4.436783060393438560e-02 -2.585947310574677419e-03
-3.920669754226507875e-01 8.448481693124241035e-03 1.370562298731169970e-01
1.163393987481322819e-02 1.573396818078448833e-01 -4.923239275202167531e-01
-3.899795152698506961e-02 -3.074145715024429945e-02 -5.498859216721253135e-02
-4.943569523366091872e-02 1.815726107330931371e-01 -1.025035989984968143e-01
-3.852498378958345293e-02 -2.115668007921222421e-02 2.071552167575938797e-01
1.016014638336096287e-01 1.708729866979614292e-02 1.257636543535161633e-01
1.849632597815528690e-01 -2.364540587190555043e-01 -1.141420351285691304e+00
1.298633875696038609e-01 2.685349816801251843e-01 1.163340563818060724e+00
4.083185596859136846e-01 -3.615628769680878651e-01 8.169933020754410746e-02
-3.650197814462947943e-02 4.366359665780464860e-01 -1.260843770852170254e-01
1.662035757254972657e-01 -5.526553338863174347e-02 -2.249072339343465010e-01
-2.026848604800813025e-01 1.064431669930319402e-01 1.740347838644983325e-01
-1.673219527244295957e-01 -1.009716715417622590e-01 -2.370453395931360896e-01
-2.248955597305675805e-02 1.077783566281618616e-01 2.418573534011150827e-01
