-9.516408126499649803e-03 4.771547945829513360e+00 1.666289240972233243e-01
-1.215820513855019568e-03 2.292904468701173828e-02 8.829394274430872602e-02
1.536513695152778858e-02 -1.273811339256505741e-02 1.705305768851584497e-02
2.840818258429553614e-02 4.428554110817056050e-02 8.238606856534836861e-03
-7.770454537337333212e-02 -2.557585227239334014e-01 2.028171965430987812e-03
1.341666645324073870e-01 1.522189248958216445e-01 2.880641478805324660e-02
-1.845575202483578509e-02 -3.891750279983390709e-02 2.295330472057209234e-02
2.623166029212862238e-01 1.959321805779989933e-01 -1.122567126072984423e-01
-9.179595932653188128e-02 -2.456466978989456096e-01 2.676062151810147394e-01
1.186305057947115993e-01 4.262399545505738546e-02 3.178426478584241936e-03
-3.815179340986877277e-01 1.320251076469343421e-02 1.506019923573395092e-01
-4.962854862267171777e-03 1.305179223430002478e-01 -4.905628752077437760e-01
-2.035030716627653224e-02 -4.093131786196931021e-02 -5.646197348392017340e-02
-3.032080317713748210e-02 1.807742808246092514e-01 -9.016892900254745713e-02
-4.970542733424307413e-02 5.117720554569162375e-03 2.050368759643458605e-01
8.906637318358523459e-02 1.293139555725365125e-02 1.278579570782009123e-01
2.083360881678487375e-01 -1.519169649545957512e-01 -1.064338109564143320e+00
1.240034814743496833e-01 2.827536664170187675e-01 1.084086738912683368e+00
5.011084729434630569e-01 -3.483764719279265343e-01 6.476269601723365354e-02
6.208764981069835043e-03 6.718504219187440007e-01 -1.171810641605518788e-01
1.757065920713888896e-01 -9.033777455767799669e-02 -1.934612308315884488e-01
-2.181431761956300619e-01 1.799368428342787984e-01 1.219199205734027014e-01
-1.460724805422284611e-01 -8.427383688405018503e-02 -2.057714391377164498e-01
-1.835598478784851960e-03 6.551542732554906101e-02 2.268004711285608876e-01
