-4.543462670357092947e-02 4.699271840110257337e+00 3.832862184892540935e-02
2.806411507068164515e-02 4.263330321923743810e-02 6.900033317907393327e-02
-8.024397122567380677e-03 1.651514504483375667e-02 2.341520579262407198e-02
3.452653912860055747e-03 1.562968778994700339e-02 1.074682419524215695e-03
-1.109044294234436123e-01 -2.253907563768054179e-01 8.252578245313408473e-03
1.529622404527751778e-01 2.157657716459866759e-01 1.445339485328211993e-03
-3.146066892715328189e-02 -6.707496100141710493e-02 1.196013825705428621e-02
2.177279453851559132e-01 2.499852503987319841e-01 -1.030670644606962449e-01
-1.254458613493193986e-01 -2.797173700162098320e-01 2.288355129455105497e-01
9.731187096418807136e-02 2.745176861153475825e-02 -1.345663359543247152e-02
-3.683070961473194904e-01 -1.905238408548511411e-02 1.613044182094340584e-01
3.203370136795846701e-02 1.839125333588102207e-01 -4.738622781151218266e-01
-5.373862677657033349e-02 -3.496880929267770499e-02 -8.727889049749198991e-02
-3.836895925106925676e-02 1.965829224502154970e-01 -2.118836503522926185e-01
-5.801023091903042411e-02 -1.135828364269902413e-01 2.905751273513668131e-01
1.708689371328396545e-01 1.076212971649950501e-01 1.387511011614463163e-01
1.700844084083355801e-01 -2.754670178569179062e-01 -1.080498708606672409e+00
7.535551073222070129e-02 2.335915355092069157e-01 1.125770482368187553e+00
2.873517677296091866e-01 -3.391817740279949867e-01 4.884108387986921956e-02
-2.906426141972607846e-01 2.768949108555870953e-01 -1.233682647070333122e-01
1.078169327307134523e-01 -1.602792685902698633e-02 -2.064967351581640242e-01
-2.786183948759231588e-01 4.303665592421061087e-02 1.680365465290485638e-01
-1.623820606348837514e-01 -1.292805305612867994e-01 -2.801425219616188178e-01
-2.839915679581280286e-02 1.420844065071254492e-01 2.946921820634530453e-01
