-8.274177031488524903e-02 4.691709413568841747e+00 4.976327695745636631e-02
3.481351137094040871e-02 4.736912678924945497e-02 7.063115514598147793e-02
-2.427832307931161726e-02 1.490477672259593080e-02 1.770552979221531181e-02
6.840775555138864893e-03 1.056779439246755339e-02 6.782478754080214708e-03
-1.493002212728870293e-01 -2.227344437699852187e-01 1.200071785069515597e-02
1.498690871276641412e-01 2.037760618214728148e-01 5.569104642645691938e-03
-3.543140586793154523e-02 -7.054759274433615446e-02 1.218751294147990376e-02
2.359433917303545014e-01 2.352789944425183188e-01 -1.066696587918436051e-01
-9.576999534817773330e-02 -2.567627885296382972e-01 2.401570261680024687e-01
9.605209673836781481e-02 2.461977654211821090e-02 -6.810290254053340958e-03
-3.646414207773487903e-01 -6.383666843425480361e-04 1.518871187856701832e-01
2.265420605575729773e-02 1.588803260221056113e-01 -4.730004423690707949e-01
-4.496924687686631311e-02 1.105123030598316979e-02 -8.047056380767214634e-02
-4.956630432902447286e-02 1.453790387982664412e-01 -2.210700584649299139e-01
-6.069604895209134571e-02 -9.476553638013560099e-02 2.773255454789255170e-01
1.491344588002266602e-01 1.456039045352433003e-01 1.479402650714330969e-01
1.820464858750228954e-01 -2.871199541439070080e-01 -1.112992892035534975e+00
9.482674877365628030e-02 2.151311898393983013e-01 1.137457227274091043e+00
3.067328447340482711e-01 -2.749919210726114449e-01 5.941791822735239398e-02
-2.260078957438620695e-01 2.948106171775836115e-01 -1.230671700708142885e-01
1.401727864106186439e-01 -2.438102704180468774e-02 -2.030029183693596584e-01
-2.222933438971837761e-01 5.472359478216729661e-02 1.799006616312467666e-01
-1.565285817429086235e-01 -1.281302319654223087e-01 -2.723787297850502886e-01
-4.301493716574396331e-02 1.432298736107032455e-01 2.998527011308759205e-01
