-9.198488257591505568e-02 4.718272610499227859e+00 1.106171403530002845e-01
3.274645249821429155e-02 4.403109039995221907e-02 7.708095017512574254e-02
-5.892538751094755084e-03 -1.775982587796886203e-03 2.188128490923010872e-02
1.167443513683845933e-02 2.534803574208893337e-02 1.914388043085904142e-02
-1.515697011256579851e-01 -2.339164326186947418e-01 1.367183552417075218e-02
1.336504825087250214e-01 1.920217598093049427e-01 1.133356714685712294e-02
-3.301366406031919221e-02 -4.625991308499394217e-02 7.082792025833343358e-03
2.140902658860399377e-01 2.261819947064497571e-01 -1.139986092051625405e-01
-9.218952627420519408e-02 -2.665889155069280370e-01 2.406572347118078881e-01
1.065672954491036356e-01 3.875025728176501039e-02 -1.007717393755107500e-02
-3.851468081282020672e-01 -9.672425979385395819e-03 1.488370927130987509e-01
3.314552072419186396e-02 1.870518120028813180e-01 -4.606894490310348145e-01
-5.018387022169343292e-02 -3.351303217671110224e-02 -6.307943373964246259e-02
-6.604454341188463473e-02 1.761522542892260679e-01 -1.703039310561938191e-01
-3.539917479219943652e-02 -8.318471385706070753e-02 2.360389814022731125e-01
1.381717436867424542e-01 6.083858458283925713e-02 1.247009308113615628e-01
1.736518131840838475e-01 -3.404576991191385904e-01 -1.159557638895996723e+00
1.208764635365500023e-01 2.198688838834828574e-01 1.148440841575299576e+00
3.083562219534985438e-01 -4.123580757562260724e-01 6.836942114644795065e-02
-1.125122309075319571e-01 1.917280199654373130e-01 -1.049227514262703470e-01
1.418099538073078758e-01 -3.749827230886857571e-02 -2.027210286428541008e-01
-1.568831437795947803e-01 3.221374595680139702e-02 1.915044981480233111e-01
-1.727484044595926083e-01 -1.305837147496466399e-01 -2.818571527568653479e-01
-5.103970971192868522e-02 1.671207711585128430e-01 2.742181984672536488e-01
