4.806406747580644900e-01 4.764962154141143991e+00 6.417422273392144050e-02
-5.187073445137915240e-01 -1.492995679905397832e-01 2.136621197282022669e-02
-3.472171213717567539e-02 -1.462164690084676033e-02 -6.414585927961100054e-02
2.083071687547786432e-01 1.425175185497553343e-01 -3.930505875386879067e-02
9.334514694093296594e-01 -1.956840144329088371e-01 -2.184004194423371237e-01
1.991223754316575334e-01 1.609317684161960249e-01 -4.462918188205910672e-03
5.171456333434084653e-03 -5.586722102173391491e-02 3.048207739627948470e-02
2.565863064283034969e-02 1.346081759520432464e-01 4.479681403559751703e-03
3.866319891303023754e-02 -2.140165593049052073e-01 2.946891350551951727e-01
8.438031726244829556e-02 6.970180787871006756e-02 1.839329901360772443e-02
-3.292908022722451644e-01 4.189652587332319544e-02 1.239494322316265079e-01
-1.432865502209417774e-01 9.351764297548594007e-02 -5.290398374664012637e-01
7.982931305698848234e-02 -9.435675816304765762e-02 -1.500743075101443058e-01
1.026101673658459841e-02 1.146301974751375435e-01 -7.224030543184681297e-02
-7.924739932451993485e-02 1.463636704299785818e-01 1.925821714244249361e-01
2.916992609581483403e-02 4.825903947919662346e-02 1.735765766074224281e-01
2.423720441468668052e-01 6.231509155148581836e-02 -6.658658210644491371e-01
-3.265457162785593420e-03 3.374680998408937649e-01 6.949531969218054606e-01
6.715944522880352707e-01 -4.505101255656073778e-01 2.031359098317999084e-03
-3.368415629736479233e-02 1.346385400334571658e+00 -7.561096503606044850e-02
1.045336306916162389e-01 -1.869494560060245281e-01 -1.665721999466838743e-01
-3.168073279936599596e-01 3.537094737686100610e-01 1.396710054947594183e-02
-9.188149949102601688e-02 -3.726975029434168030e-02 -1.128852190572372655e-01
2.117077612031093362e-02 -3.682964827676549202e-02 2.122691388330893159e-01
