-7.112815780074245586e-02 4.694326864001389765e+00 2.865871428302006058e-02
3.338382034313970570e-02 4.553660749632224003e-02 6.899005466119965957e-02
-2.068193501410301935e-02 1.553474598939575714e-02 1.978839611472902119e-02
5.457187538719242455e-03 1.102403085736030144e-02 -3.347768155318921884e-04
-1.422464235943460276e-01 -2.273536751653219279e-01 1.029977568497054095e-02
1.496257109645218464e-01 2.081302505501863576e-01 1.912667776918662056e-03
-3.454580484653475142e-02 -7.020864665027785889e-02 1.031918654224368501e-02
2.303497807516446116e-01 2.443430236188223192e-01 -1.065538345670724307e-01
-1.157778863349827048e-01 -2.732500238224089828e-01 2.310474647797951531e-01
9.480131229112016833e-02 2.585590682260248407e-02 -1.245474055780322782e-02
-3.605487497624925708e-01 -1.146792904599931544e-02 1.604328109158386084e-01
2.834842024839096322e-02 1.705340298911068586e-01 -4.780598853668917569e-01
-4.746985822450182357e-02 -2.815424742681192291e-02 -7.824649110097398053e-02
-4.163892658132518909e-02 1.840750717858719576e-01 -2.316767756302414716e-01
-6.619930635446581724e-02 -1.125828289463070703e-01 2.941986102898352384e-01
1.661485937190132212e-01 1.263461044746305717e-01 1.535081652232183069e-01
1.816467870198990031e-01 -2.775423049587265045e-01 -1.103197846851090347e+00
7.306975266173369732e-02 2.413516132021283622e-01 1.141673704572838899e+00
2.890760061069335696e-01 -2.817364104426361981e-01 5.213415874662660071e-02
-3.015521611885962905e-01 2.467540116506009296e-01 -1.210305361421098874e-01
1.233860173001410793e-01 -1.088606959705009855e-02 -2.036598110395383132e-01
-2.659724556342452084e-01 3.999366850409220853e-02 1.719562362578398451e-01
-1.556492354062812278e-01 -1.278801042268105648e-01 -2.742241500385223518e-01
-2.900660008889308084e-02 1.412553415304640958e-01 2.934317247382600691e-01
