5.492687221433909528e-01 4.743864085448135981e+00 2.228383579903259193e-02
-6.338152488108937943e-01 -1.757285686544565739e-01 9.069083357320536359e-03
-5.352036445348572896e-02 -1.462041666188439518e-02 -8.896296443527158815e-02
2.398325076125320254e-01 1.547766921899665360e-01 -3.999810715222923418e-02
1.210291361260959153e+00 -1.527317969883434934e-01 -2.812906339877909168e-01
1.909757152913257594e-01 1.710574373137211113e-01 -1.900426492215699301e-02
1.160875787351723330e-03 -6.465949312479421507e-02 2.623559877913125490e-02
-1.163323220030418187e-01 1.219361975274781823e-01 6.419332821370428432e-02
6.933919268498198174e-02 -1.967194213466015584e-01 2.975086470861775245e-01
7.925960426189211649e-02 7.208569925940290501e-02 1.661576293090812409e-02
-3.060516617155907282e-01 6.140549098108535886e-02 7.092537470511307840e-02
-1.621446744556843123e-01 8.156614397325316623e-02 -5.205830543042505587e-01
9.869259640264550770e-02 -9.270389534636705453e-02 -1.628131313006794534e-01
7.860698625962128649e-03 7.022441453393571398e-02 -7.282912199740038117e-02
-7.735322989812556949e-02 1.709167955186544352e-01 1.686873588310201511e-01
9.266204691187791137e-03 6.161172552059965279e-02 1.736974903433743944e-01
2.417085767655077488e-01 5.794389666221796270e-02 -6.657894923726138670e-01
-2.375227425778946022e-02 3.290368330730045754e-01 6.795623805413937291e-01
6.675995106759847753e-01 -4.274478527759167368e-01 1.224404893972861307e-02
-1.273363908095686246e-02 1.331639905714539163e+00 -7.785085166649277633e-02
1.080242030064230974e-01 -1.800464288101467636e-01 -1.768730680595100857e-01
-2.885541064280083279e-01 3.438692475349262589e-01 1.123183688133600269e-02
-9.080945236727042125e-02 -2.768333262598759656e-02 -8.693474493217383248e-02
1.037534525340930852e-02 -3.886761068652785922e-02 2.117260808744342582e-01
