2.823822776922133709e-02 4.783838031208706099e+00 1.583333134200404502e-01
-1.748275667328493335e-02 1.548144391602395906e-02 8.529947421203666613e-02
1.434122498734536656e-02 -1.383360430778825083e-02 1.031545074337148447e-02
3.621333340830189956e-02 4.836057722485299915e-02 5.943496146387281139e-03
-4.645559518117209352e-02 -2.624130655884053254e-01 -6.276119869749555505e-03
1.397793223786503447e-01 1.478267090619926338e-01 2.970183315381582159e-02
-1.590305504063413075e-02 -3.921429436293014104e-02 2.648774636153874984e-02
2.691580090419437576e-01 1.935249696569569799e-01 -1.150111186496943078e-01
-8.941607712326593571e-02 -2.437667969781044386e-01 2.671583418203642979e-01
1.175562569132183044e-01 4.316806626871512453e-02 5.304434506109276248e-03
-3.719665207280840047e-01 1.162352375912276831e-02 1.621389218179251634e-01
-1.533033273545423257e-02 1.205330826991279219e-01 -4.869527847472982507e-01
-1.080255712263465846e-02 -4.857277605898281669e-02 -6.103442095363175585e-02
-2.103065486932828229e-02 1.849217427572950878e-01 -9.068424316773000815e-02
-5.507649947979573191e-02 1.731819611365107217e-02 2.096105697720923866e-01
8.550842687029726330e-02 1.625847053171279588e-02 1.296532086906182213e-01
2.163128719387856502e-01 -1.030872567272214102e-01 -1.005796510093281748e+00
1.145228555891773942e-01 2.903289542158145609e-01 1.024376412190474372e+00
5.331452292576698282e-01 -3.444126437355772841e-01 5.515050680368314279e-02
1.772976357704891121e-02 7.991643588339190085e-01 -1.049832422854922037e-01
1.743803178330808612e-01 -1.075813124228951895e-01 -1.716258030973208115e-01
-2.274161322594313306e-01 2.183538814889589286e-01 9.383949070214717136e-02
-1.311911299532965425e-01 -7.728495496530836395e-02 -1.902641447114507001e-01
1.037303431081874894e-02 4.468021041620300060e-02 2.185387468079432460e-01
