8.472226198783000539e-02 4.791555377957889661e+00 1.507555273365858706e-01
-3.984851260737742179e-02 5.149072724943159519e-03 7.899499787600672285e-02
1.567950260805785548e-02 -1.391086759404263143e-02 3.211284606741424043e-03
4.651840681060036287e-02 5.544931482209287249e-02 2.648657829800504359e-03
4.636061523119665989e-03 -2.664374066970270349e-01 -1.664771477533774982e-02
1.474049557105647501e-01 1.470211397825608168e-01 2.628591178683223686e-02
-1.065552979697983148e-02 -3.854632366931336207e-02 2.927387562997640566e-02
2.717174094659025041e-01 1.922499310976623632e-01 -1.155792246273488894e-01
-8.480737584381375926e-02 -2.441381989479202708e-01 2.687307696814559832e-01
1.158538629469348935e-01 4.573412894297979731e-02 7.102488939038822079e-03
-3.658124430567525343e-01 8.021440862273866365e-03 1.737285660901222439e-01
-2.809114287188049786e-02 1.162735618526521686e-01 -4.879422057587983752e-01
2.345301551010899391e-03 -5.568291962294392994e-02 -6.890947613844640440e-02
-1.190996263800908617e-02 1.917586508495019437e-01 -8.719057246692557550e-02
-5.826631006159816578e-02 3.065550139707251542e-02 2.123262203169228313e-01
8.235591323224759897e-02 2.063123999952549970e-02 1.325425813274910269e-01
2.223663755326027169e-01 -5.639140169465160779e-02 -9.430790468518261971e-01
1.017631588192174086e-01 3.014691148918329788e-01 9.619303082631929236e-01
5.647714099693602607e-01 -3.584021241175675554e-01 4.420237046210399867e-02
2.117624247264999690e-02 9.180007216673390369e-01 -9.139304323060502833e-02
1.678124171045714264e-01 -1.251535425969584892e-01 -1.602523450867125998e-01
-2.426756997864788212e-01 2.536383331600347013e-01 7.609897939407060663e-02
-1.206578379946934287e-01 -7.215607043369375029e-02 -1.797091930746206878e-01
1.989814130307379289e-02 2.624088578852867837e-02 2.123655330892969817e-01
