-4.496275302150891384e-02 4.701329474054792179e+00 3.704998425727725614e-02
2.471585680473461361e-02 4.279282584855734900e-02 6.794658897630607985e-02
-6.903409559031058532e-03 1.634068319393387411e-02 2.260896040926357875e-02
4.067506064377728221e-03 1.630408416190332402e-02 1.851244600345443650e-03
-1.048412701060484203e-01 -2.214382204022574407e-01 6.173747117671841284e-03
1.531163436895206786e-01 2.165354573593043508e-01 1.671457185273861681e-03
-3.297791938111286486e-02 -6.750634536797163465e-02 1.305072132042776022e-02
2.119393756520688843e-01 2.520377697545217455e-01 -1.003798057252086456e-01
-1.240143634763011954e-01 -2.794713813280961245e-01 2.297399003187562960e-01
9.783169640461678029e-02 2.724652255726006320e-02 -1.255178316484721265e-02
-3.669114659151879176e-01 -1.944135451638219492e-02 1.601656135643374501e-01
3.207646353530101829e-02 1.843065594943941177e-01 -4.731780833987286883e-01
-5.406292643428549372e-02 -3.003873910453994101e-02 -8.954297437863900644e-02
-3.862295101897600391e-02 1.960066971250199741e-01 -2.092213671902509176e-01
-5.849711333770080818e-02 -1.149752641615112703e-01 2.896299049488172406e-01
1.689809058612376791e-01 1.116791496810118772e-01 1.365658117388558745e-01
1.676993677015287953e-01 -2.746291152365740729e-01 -1.077670935831161358e+00
7.368579710425508800e-02 2.304387159761797643e-01 1.120897121660954676e+00
2.857482593868974075e-01 -3.372787720061491967e-01 4.888476286130260390e-02
-2.921763680319117706e-01 2.779692294633351324e-01 -1.256321873388976385e-01
1.068697035270186613e-01 -1.477575842480802031e-02 -2.123091122080703885e-01
-2.777951692170408382e-01 4.122835986025711469e-02 1.730591981523561251e-01
-1.643216827282434900e-01 -1.297950728715540625e-01 -2.805440997509595080e-01
-3.133135873072030037e-02 1.424138415550095516e-01 2.966881317322588862e-01
