-5.509930656976295277e-02 4.702962448535175533e+00 2.956217434377766615e-02
3.597703226582215502e-02 4.473197212417785729e-02 6.766192623066601131e-02
-1.278074507637021358e-02 1.410809393990501877e-02 1.921065263515003146e-02
3.720763341802307139e-03 1.216852419695881211e-02 5.765940057408594369e-05
-1.377168878047154155e-01 -2.306452098400832151e-01 7.731641433957409104e-03
1.500755004197049935e-01 2.108541494723727150e-01 1.020368591470296148e-03
-3.031375342690261973e-02 -6.990225272345799989e-02 7.281655440220300909e-03
2.198456466725967617e-01 2.441096737044090026e-01 -1.045447275360376765e-01
-1.224692041898633038e-01 -2.773881191761411458e-01 2.290472026751430301e-01
9.593369034677923235e-02 2.618030468981177167e-02 -1.541213288111940166e-02
-3.611072150604622277e-01 -1.361657366038252111e-02 1.582176234845989460e-01
3.127450487786825190e-02 1.764639713985420022e-01 -4.761019514306267797e-01
-5.057281573622908477e-02 -4.764401048325471455e-02 -7.980235610179718664e-02
-3.926566617815111654e-02 1.819178077807682703e-01 -2.313190214147660406e-01
-6.089972141818299906e-02 -1.080828531850724777e-01 2.917109036396358657e-01
1.668875092780058578e-01 1.071515208534566527e-01 1.505185367892813986e-01
1.786580078157896379e-01 -2.805444062991731546e-01 -1.100549646264235237e+00
7.744209294164393353e-02 2.337030614428954600e-01 1.144532611720967097e+00
2.867877802078551697e-01 -3.106782270381032163e-01 5.353900983419530163e-02
-2.862762073425336173e-01 2.539012385277279460e-01 -1.195955413587947574e-01
1.247254321412225864e-01 -1.379921055752465417e-02 -1.980244980327154902e-01
-2.645007978978022867e-01 4.053127878543182766e-02 1.669371106094045265e-01
-1.592658757118684543e-01 -1.293066046492849508e-01 -2.769623603507777032e-01
-2.762978936210115991e-02 1.440337545073969716e-01 2.913876541468181092e-01
