-6.547325567576041394e-02 4.696436500953155679e+00 2.957001747187762430e-02
3.551426957452599037e-02 4.530732023507258455e-02 6.853960065037556504e-02
-1.828891031880152881e-02 1.506613595767304116e-02 1.979701540761965445e-02
4.884339539268324135e-03 1.121290794453181326e-02 -5.407082921192905497e-04
-1.421726559261369260e-01 -2.297242633318919147e-01 1.017984677671155726e-02
1.504717886617724931e-01 2.086170409246476398e-01 1.289294613508221079e-03
-3.257453010109562230e-02 -7.002969111572518446e-02 9.223390332181417503e-03
2.279229216536864111e-01 2.442528973797113145e-01 -1.065066470091903389e-01
-1.196629629073323597e-01 -2.752222430273870146e-01 2.294852375115495613e-01
9.499598548213324112e-02 2.594534444462068615e-02 -1.342360311543105630e-02
-3.606165935870808137e-01 -1.207387127292648861e-02 1.603443321751257811e-01
2.958684742084373778e-02 1.721474459715364169e-01 -4.769710910921248770e-01
-4.780272478400751646e-02 -3.393116353074106251e-02 -7.830831982519338708e-02
-4.095576521078240356e-02 1.840416137360646465e-01 -2.323747271891353217e-01
-6.487147709896343151e-02 -1.115205507642221816e-01 2.940855165218071998e-01
1.658388140713736303e-01 1.208423765779621378e-01 1.533390367462692250e-01
1.808578279359321361e-01 -2.782190961541604612e-01 -1.101772643826286702e+00
7.381654223861630615e-02 2.395472768349862780e-01 1.142530118962345131e+00
2.878738119357989178e-01 -2.889930686748248823e-01 5.224888338222868911e-02
-2.994634397662619407e-01 2.464532760183533455e-01 -1.206420072659072501e-01
1.242080510416719158e-01 -1.177743586389948770e-02 -2.013189871661457131e-01
-2.666345704653755311e-01 4.028935918746804484e-02 1.701491029757045415e-01
-1.566991446053085657e-01 -1.283465171190979193e-01 -2.754172918710495743e-01
-2.802247504387788551e-02 1.420091829414231455e-01 2.928774890081690674e-01
