-5.722302131150840132e-02 4.701575419605465989e+00 2.916578430504288694e-02
3.647000034195203855e-02 4.487643129196344782e-02 6.760123071453606747e-02
-1.427608745825488523e-02 1.425784651304476923e-02 1.912010965091526238e-02
3.986731742156252555e-03 1.174890898356104572e-02 -9.961554641783250418e-05
-1.396870338926295974e-01 -2.310567897382756197e-01 8.490649682640001236e-03
1.505867487199345212e-01 2.101488636872811122e-01 7.602034638933449469e-04
-3.078775668811849567e-02 -7.000083951880008148e-02 7.487638645830216148e-03
2.212451091359219912e-01 2.441920486074636854e-01 -1.049282799164994173e-01
-1.224724585381986308e-01 -2.771938035842875236e-01 2.288136849736052136e-01
9.569414276021272203e-02 2.606527496403595809e-02 -1.508874925101928027e-02
-3.603364383062817589e-01 -1.318346056131507182e-02 1.586871301220348085e-01
3.097523678096460870e-02 1.751809547422683300e-01 -4.759449718631361681e-01
-4.918166905442066666e-02 -4.437345234501938185e-02 -7.949746966866814979e-02
-3.986892632285218147e-02 1.823946525968896948e-01 -2.321549216949655159e-01
-6.212396727355817827e-02 -1.092184267251821855e-01 2.921966687112853567e-01
1.662499535480093105e-01 1.109990226684607062e-01 1.515741197407353413e-01
1.794051808607420584e-01 -2.799597471253120751e-01 -1.100640608209309645e+00
7.637755219949647623e-02 2.350675277970425969e-01 1.144027879634763378e+00
2.871687064305426529e-01 -3.038334551440899367e-01 5.310166219294528561e-02
-2.898712476342857891e-01 2.503161622821100663e-01 -1.191193798525112951e-01
1.255344003939585784e-01 -1.316678274138849240e-02 -1.985295145010954054e-01
-2.649046038080996035e-01 4.043660846861030222e-02 1.679437016735539634e-01
-1.584870040458199458e-01 -1.290641474613862250e-01 -2.764427387004564918e-01
-2.755427360446826429e-02 1.435948320144013468e-01 2.916546965707038641e-01
