-6.125931578936912730e-02 4.699267029528198414e+00 2.879071384955627852e-02
3.580277426329830925e-02 4.486739917269677580e-02 6.792356068797833490e-02
-1.690342082855449471e-02 1.463345857035117624e-02 1.947343304385866850e-02
4.641190044337424256e-03 1.138796704008258713e-02 -4.129802680176884668e-04
-1.407650983852289928e-01 -2.308548714184954498e-01 9.451933289376327624e-03
1.514338060037810629e-01 2.090848018918972928e-01 8.654883405433046878e-04
-3.177492254395860444e-02 -6.999411270416457109e-02 8.168991259885573578e-03
2.244745122012967720e-01 2.441862083910684156e-01 -1.057024933793098698e-01
-1.217470419563106560e-01 -2.767203639438174934e-01 2.286698497486795434e-01
9.522766137363231076e-02 2.596825384207366791e-02 -1.437404811980714549e-02
-3.603314123122179913e-01 -1.260567530561750027e-02 1.595272047376231350e-01
3.040826237886458741e-02 1.737438836077208060e-01 -4.761908016291346857e-01
-4.856357527144363612e-02 -3.976343554319388546e-02 -7.888895954787031317e-02
-4.049720248524228683e-02 1.833182733252213259e-01 -2.326235440425995782e-01
-6.357859141942091841e-02 -1.104993708886244652e-01 2.933091342889816988e-01
1.661577604369944561e-01 1.156011039854841493e-01 1.526862072226498335e-01
1.802083174610876748e-01 -2.791900917787138448e-01 -1.100754945899136361e+00
7.520354545175866878e-02 2.372342855243811666e-01 1.143350054680532191e+00
2.873183331968219845e-01 -2.964477602874117657e-01 5.268885225688693663e-02
-2.947948550199611106e-01 2.478337227239364726e-01 -1.197459845046100341e-01
1.250645996373162261e-01 -1.240611073122097063e-02 -1.993871567422813296e-01
-2.659718946907764225e-01 4.032960792439221204e-02 1.686406582247749752e-01
-1.574077322299902437e-01 -1.287801263910243466e-01 -2.759832955106512054e-01
-2.754217866745566762e-02 1.429474708402330152e-01 2.922399444391173828e-01
