-9.749411467927950048e-02 4.700061349524579768e+00 7.077324393296820226e-02
3.504757620135212637e-02 5.027973177192764098e-02 7.378170183236948398e-02
-2.349122914358220751e-02 7.446449778394869344e-03 2.015547186087383522e-02
8.413193193570070796e-03 1.054271388151237047e-02 1.440315835126302312e-02
-1.586312222334925748e-01 -2.231937254884105715e-01 1.190731049794259248e-02
1.486313523580271856e-01 1.953563145145062740e-01 8.226735212495131511e-03
-3.628308044399042309e-02 -6.525834608160359374e-02 1.138576179762612085e-02
2.321664619857354839e-01 2.272014416510661217e-01 -1.141718376339400098e-01
-9.682296160047991485e-02 -2.629898869149417950e-01 2.348830403895647845e-01
9.930954584944899632e-02 2.529531960368031074e-02 -7.743981789052483550e-03
-3.769764152558566228e-01 -1.260513359576949811e-03 1.493842752902104776e-01
3.388493389144638102e-02 1.693448110119040728e-01 -4.601624620471470584e-01
-4.914453327944413169e-02 -1.453649933376367082e-02 -7.690176359787023741e-02
-5.377000670961760986e-02 1.472334784637489291e-01 -2.037616337380964426e-01
-5.082204003884305960e-02 -9.993720855835648564e-02 2.580417508469283194e-01
1.429252901281696519e-01 1.085765396362704666e-01 1.335246539940063704e-01
1.851344620891872128e-01 -3.184878405313459893e-01 -1.132446005856212690e+00
1.149335145884533282e-01 1.937712165870126291e-01 1.133057548867272724e+00
3.327104677241976560e-01 -3.698123292271139340e-01 6.305405952217139898e-02
-1.460069911617476457e-01 2.701799334922746487e-01 -1.291160180783603451e-01
1.476134589494672855e-01 -3.824266563967498866e-02 -2.001693993200145683e-01
-1.664126519212734689e-01 4.458459056393312275e-02 1.792655112222509561e-01
-1.666003837716899250e-01 -1.348678857658705821e-01 -2.838156086425863145e-01
-5.650439744599412839e-02 1.612335772045817017e-01 2.995931786336112346e-01
