-8.494592929305665174e-02 4.724280110460403748e+00 1.307559607085907738e-01
3.084448301605547185e-02 3.874841855859166573e-02 7.962585063161586874e-02
3.099875590526373660e-03 -4.699858233722480072e-03 2.529479673989946942e-02
1.230295819544706924e-02 3.227576151788774661e-02 1.703797073592961189e-02
-1.416827644639564177e-01 -2.394745086212490826e-01 1.644322632687326632e-02
1.285787215309035225e-01 1.854199700943784113e-01 1.376233498733147979e-02
-3.038304911948873366e-02 -3.965166222168291232e-02 7.045994879748651400e-03
2.128126212579612986e-01 2.226685279407413787e-01 -1.067212767050394195e-01
-9.616519990641651805e-02 -2.645230239309809273e-01 2.469448394223688059e-01
1.108526340593807141e-01 4.290600843123583419e-02 -8.957751911625096500e-03
-3.874413863660769453e-01 -4.749755857130642106e-03 1.396713211690393253e-01
2.865741676299937354e-02 1.822420002576509712e-01 -4.673912985921317431e-01
-5.138798951346221916e-02 -2.944518312598186707e-02 -5.798004052562986954e-02
-6.445978602887297848e-02 1.811299886995177688e-01 -1.456959155894572422e-01
-3.131334425926142473e-02 -6.191076822035219973e-02 2.262548916469631077e-01
1.276936758995544929e-01 4.145678857937731138e-02 1.230821811608140831e-01
1.711307861103490979e-01 -3.165352692643212951e-01 -1.163593608398082013e+00
1.258642317609623418e-01 2.375804816688397991e-01 1.169732697886487705e+00
3.201475357889476125e-01 -3.926758619125731986e-01 7.627057150195563906e-02
-8.963562883481125676e-02 2.316183946483437173e-01 -1.102526882427692090e-01
1.476552087370124888e-01 -3.772512587628794323e-02 -2.060077473294272266e-01
-1.709208994160210382e-01 4.667203504037839568e-02 1.843891975440967446e-01
-1.720556499264767059e-01 -1.207707761946422292e-01 -2.678015878287107188e-01
-4.042876317631630134e-02 1.518688048938273694e-01 2.609528577816340178e-01
