1.474472730387468011e-01 4.794291706279548926e+00 1.431623398939610714e-01
-8.463616395444158169e-02 -1.153938920051571920e-02 7.112327929031120322e-02
1.132389286747102417e-02 -1.206999538526350516e-02 -1.861774621802591689e-03
6.520473942938527501e-02 6.603831565089109124e-02 -2.792069923477431565e-03
9.461928215266589282e-02 -2.627371265853342686e-01 -3.049966184615193060e-02
1.606158743283438994e-01 1.482177464083816731e-01 1.994373886068111223e-02
-7.539175193282848450e-03 -3.792582482398586946e-02 3.153983853621056266e-02
2.703466311378617259e-01 1.905575587112135205e-01 -1.110892249018167743e-01
-7.323594606508609939e-02 -2.457638380430524627e-01 2.729233296308586909e-01
1.127621559397337658e-01 4.983518092679407180e-02 9.396207578893785509e-03
-3.657248177088886498e-01 5.903668544999311242e-03 1.809540977565315678e-01
-4.513970137102029517e-02 1.154900124525145844e-01 -4.965271935848491469e-01
1.574835303036559164e-02 -6.265199832248839751e-02 -8.009568648841289273e-02
-4.355365863591415324e-03 1.963621605374180346e-01 -7.787273685835349735e-02
-6.145597274437971519e-02 4.594843143422252391e-02 2.117124739888295859e-01
7.987617331471295878e-02 2.417708038838621565e-02 1.382490953677910916e-01
2.268401120180739416e-01 -1.614997686869641680e-02 -8.808550397930036135e-01
8.592566555321262678e-02 3.168538586884958042e-01 9.032223118820046359e-01
5.994581010685788858e-01 -3.826492713262589218e-01 3.306644258444613876e-02
2.134014864103443362e-02 1.026166135307119864e+00 -8.435159785630153007e-02
1.571971936880170173e-01 -1.406618997482336764e-01 -1.568665181563047295e-01
-2.561145658780867307e-01 2.832365048354739678e-01 6.022653178102088667e-02
-1.111757864221890463e-01 -6.770041081565324192e-02 -1.707423872075697624e-01
2.602892672324801093e-02 1.011874604701766198e-02 2.093590509650853637e-01
