-8.227411745793068720e-02 4.692279371984404257e+00 3.962040817485380090e-02
3.221666074643658728e-02 4.666482845168177379e-02 7.048947401220312381e-02
-2.571614671830192711e-02 1.497543655887652835e-02 1.761521668180771744e-02
7.042747836995426336e-03 1.043762689253373288e-02 3.510325118419553581e-03
-1.468840870380113128e-01 -2.227292981048356046e-01 9.881492071860916923e-03
1.485350006911194121e-01 2.028228277902492105e-01 5.382606879516673749e-03
-3.865872757438273272e-02 -7.107150823986366217e-02 1.276146092395346633e-02
2.376900231599298474e-01 2.379082492236652691e-01 -1.069843484166753678e-01
-9.506034392767929997e-02 -2.610822043338262843e-01 2.405076774876740708e-01
9.655705913458885459e-02 2.458894408778346252e-02 -7.339050818175881820e-03
-3.627050497103305182e-01 -3.914641971376654414e-03 1.550819910062287144e-01
2.131313982779867167e-02 1.607468877089283932e-01 -4.781453557179630720e-01
-4.434633942355521025e-02 6.061057491040479014e-03 -7.995804022528224531e-02
-4.705568999168706357e-02 1.584563460731425177e-01 -2.216144007516707704e-01
-6.429216676612603543e-02 -1.014597407399336071e-01 2.813050690444591773e-01
1.547971109961375769e-01 1.476305334068513941e-01 1.519328977608184472e-01
1.832255154318645773e-01 -2.804529472660861611e-01 -1.110469551079408035e+00
8.875693384644266215e-02 2.257670984177096163e-01 1.139123969699967320e+00
3.016754478320420318e-01 -2.654966394525993256e-01 5.459263180088341078e-02
-2.528388858836443931e-01 2.880077765747076635e-01 -1.180408162147463941e-01
1.299028087639944873e-01 -1.793677809451145466e-02 -2.077096939265416498e-01
-2.452313379310608332e-01 5.152664101778461903e-02 1.820599652911668309e-01
-1.552634786353525864e-01 -1.264585950507511602e-01 -2.712439739848382381e-01
-3.819567413496602337e-02 1.401495492408453281e-01 2.979862014215228228e-01
