-4.042095238743179109e-02 4.758382841823716625e+00 1.631352253468965341e-01
2.630029022627885550e-03 2.636264233791817471e-02 8.849869039287645844e-02
9.523168884532249787e-03 -9.946448535309527703e-03 2.228538059115939621e-02
2.638441472574219737e-02 4.159185972296969985e-02 1.060179315838786010e-02
-9.081826208670397416e-02 -2.480534778342237678e-01 6.926695622476781999e-03
1.350953805291189302e-01 1.588870853622694757e-01 2.549993166505319653e-02
-2.497341050959769534e-02 -3.808706040131890763e-02 1.788539412187491878e-02
2.513204285832226215e-01 2.000860518018667544e-01 -1.082124218666670745e-01
-9.529223110146510523e-02 -2.499436080981402020e-01 2.668396787052749186e-01
1.186227146842231961e-01 4.328082898454353733e-02 6.386824746059442887e-04
-3.894356310800894394e-01 1.247009890913922461e-02 1.419276535684709795e-01
3.338008957604911113e-03 1.439333328477510887e-01 -4.954857721241335278e-01
-3.234548122889441268e-02 -3.531509513147796514e-02 -5.553727324160969564e-02
-4.129707519226420015e-02 1.798410431354802441e-01 -9.341295880794978079e-02
-4.485703657608623718e-02 -7.783512797893537942e-03 2.033658624172446638e-01
9.510004375789410380e-02 1.382446036353180557e-02 1.276081626548033476e-01
1.973963851001385161e-01 -1.975047871428537993e-01 -1.111634066844002344e+00
1.292494906659019394e-01 2.765980098087388872e-01 1.132087589842061703e+00
4.555399401435964446e-01 -3.553134593350302795e-01 7.590859053972419390e-02
-1.288417508358654685e-02 5.503353951004122946e-01 -1.251093140242825474e-01
1.696660236536894628e-01 -7.115198202317428444e-02 -2.144595556473748721e-01
-2.116785754640753969e-01 1.410064031836740783e-01 1.514446622298574741e-01
-1.574440644380088461e-01 -9.266320461718520474e-02 -2.217558707076938973e-01
-1.330827748430280476e-02 8.760004808861340808e-02 2.348406379468663541e-01
