5.635993978031282881e-01 4.729294093947519428e+00 -1.467136333178319096e-03
-6.639596335734251342e-01 -1.811619039862401304e-01 2.814097879719090756e-03
-6.415508859903486238e-02 -1.367757210534116356e-02 -1.004622723799837997e-01
2.501134913554865502e-01 1.557219530802853302e-01 -3.629252344507538641e-02
1.312679577715416768e+00 -1.381600611585285243e-01 -3.055369246530938998e-01
1.788163664471319192e-01 1.770521205752637328e-01 -2.694024419644952539e-02
-8.513679304078928829e-04 -6.805641530830212893e-02 2.188953959073055774e-02
-1.636999670718468913e-01 1.116769170883072648e-01 8.154036171256574816e-02
8.528800573437297916e-02 -1.882750382828653479e-01 3.004144866387347124e-01
7.741151700749061837e-02 7.296023331176409998e-02 1.500799905285001012e-02
-3.040885850674990842e-01 7.036077434245988083e-02 4.855530783055077987e-02
-1.709880109939406478e-01 7.674986434982335182e-02 -5.219019703210396877e-01
1.065419503636987619e-01 -9.127734950847540829e-02 -1.694006051487177700e-01
5.433239149872128894e-03 4.431488163887545989e-02 -7.590564247087200345e-02
-7.485741638877506376e-02 1.830083086021123406e-01 1.544528701838033813e-01
-3.214238471186419647e-03 6.992776329873906516e-02 1.744851277516949184e-01
2.427299334328370806e-01 4.994769365047355830e-02 -6.802462701282012691e-01
-3.011003571999557038e-02 3.220643122233796674e-01 6.828521931189116545e-01
6.648233583731345542e-01 -4.102712223613917408e-01 1.840692400051014213e-02
8.388454486073528265e-04 1.301199723690012133e+00 -7.763762154166904683e-02
1.149338081855588167e-01 -1.757964687821247929e-01 -1.868618181764740704e-01
-2.656357833440780025e-01 3.354258865856311611e-01 2.001942851066457196e-02
-9.332213005778275394e-02 -2.641457894766428838e-02 -7.895695517841255784e-02
1.926730319606602231e-05 -3.543114826219005004e-02 2.131234582697656976e-01
