164
378
143
341
622
254
124
687
708
93
380
216
252
531
677
235
84
333
493
386
294
6
495
193
650
627
106
112
28
721
509
471
47
624
340
162
27
392
741
141
615
168
146
722
743
700
218
440
470
666
712
59
489
420
223
719
453
133
455
601
415
641
10
232
633
60
723
136
364
651
258
283
288
634
152
701
4
170
332
210
134
616
195
515
477
733
715
66
297
434
312
231
695
542
77
289
590
270
267
324
732
501
618
7
665
95
83
736
323
534
139
577
603
14
372
200
735
405
561
629
74
724
464
585
183
331
676
441
387
156
503
221
520
596
626
544
31
685
233
365
497
111
611
728
330
320
305
548
373
522
631
176
155
57
247
563
213
581
613
696
49
40
511
411
190
17
262
562
375
421
96
243
351
551
203
16
363
574
437
348
263
113
600
452
337
353
1
355
105
556
248
256
587
481
537
395
75
595
309
192
639
119
689
389
81
160
514
278
385
713
418
376
383
655
42
43
559
149
664
26
550
90
599
416
697
157
266
436
219
358
48
282
480
29
292
456
374
435
241
528
414
264
62
166
140
229
408
277
589
159
239
38
739
567
165
636
163
401
171
637
647
36
249
138
539
576
214
89
56
135
560
345
360
361
523
746
482
20
369
564
492
543
578
426
271
669
265
573
260
580
285
536
606
714
71
19
406
150
321
670
148
72
335
326
181
354
566
121
177
690
329
25
524
293
645
55
154
584
402
191
533
275
313
649
468
290
86
734
144
33
280
50
667
9
570
366
410
322
619
296
327
654
643
393
350
269
255
428
530
80
0
508
82
718
129
461
602
178
137
357
680
180
318
668
306
145
384
44
496
279
671
169
506
22
172
546
257
104
52
70
391
707
535
653
245
58
512
110
131
458
575
605
343
504
211
151
224
30
132
740
557
368
237
502
731
382
8
230
182
356
92
407
286
346
749
240
291
61
53
147
448
158
274
307
430
490
720
413
65
103
215
505
34
652
69
679
674
253
79
555
336
107
37
315
610
462
558
644
604
173
273
465
118
510
474
686
32
409
710
397
222
525
473
726
399
572
217
196
582
454
432
447
362
552
64
638
742
648
18
287
334
517
109
457
547
21
699
174
541
398
451
284
476
87
592
242
716
167
367
620
684
220
424
704
693
225
460
186
443
691
272
449
63
730
478
737
617
623
703
310
446
422
268
91
302
127
412
202
583
78
635
116
706
352
553
632
640
24
94
472
371
663
377
518
675
250
198
425
128
5
608
549
227
591
76
438
73
569
396
744
540
51
705
35
390
579
748
661
532
301
431
526
692
238
311
479
319
717
328
189
513
404
370
298
394
507
388
123
317
304
565
23
179
400
588
594
303
586
593
308
