-5.774237394774145438e-01 4.846693010764672849e+00 3.562183977716599781e-01
-4.715501625813734582e-02 -8.016276790687290599e-02 5.282024774658105465e-02
-2.230277442969034740e-01 5.339355527901028936e-02 5.909740064647783092e-02
9.497648366372761497e-02 3.662122772481238124e-03 5.298182059215987387e-03
1.629938159353486182e-01 -2.597541177144068736e-01 5.328956855686324025e-03
2.637303149898814203e-01 6.919245082117206347e-02 2.139212047372338402e-02
-5.605979205307571461e-02 -4.969979710274706475e-02 -2.906022198496761855e-02
2.003144147099379102e-01 9.808159682699910120e-02 -1.238373012131338824e-01
1.661269243294913323e-01 -1.587362793377837533e-01 3.197266416933609579e-01
6.592713674851752303e-02 5.836244083881300670e-02 -7.049315397660641837e-03
-4.464402552396354862e-01 1.242777834309814339e-01 2.035258145454886536e-01
-1.008191462457145443e-01 6.881645023006389972e-02 -5.810816747247461445e-01
5.021407150767109862e-02 1.884702896807844905e-02 -1.434063105586040054e-01
-1.664185707503346712e-01 -1.066081760363890574e-01 -1.099776998977745196e-01
-1.328531405928158327e-01 1.091984261765713698e-01 5.983326340435753121e-03
6.544293788189296801e-02 2.069718451654008196e-01 1.753444801518509455e-01
2.239829223387510282e-01 -4.902099089319727487e-01 -1.065264761973165664e+00
1.907542856191540154e-02 3.908580428499484061e-01 8.136483985209519432e-01
4.561422151406997472e-01 -1.621271090777710810e+00 5.680344150328399122e-01
1.559112460763909247e-01 1.703215646184049969e+00 -5.347724723854518913e-01
-9.621074666062465197e-02 -2.701173450406125220e-01 6.910218801386551479e-02
-7.932443082957606195e-02 2.873331357723502566e-01 -7.071547329731293907e-02
-1.051231252626360496e-01 -1.228714590522006767e-01 -3.908055843192473344e-01
-5.469838906536195894e-02 1.427175672567431164e-01 3.990727197877010357e-01
