1.609967578635168595e-01 -4.291276826224566854e+00 2.381870252806898569e-01
-3.057688916292057857e-01 -5.888965900599982088e-03 2.099892800305087071e-01
-3.336981044707313382e-01 1.421022140636136466e-01 5.743873198995951695e-02
3.676711361809727463e-01 -2.717548120178929494e-03 9.257681455437772808e-03
3.993209108136599461e-01 -1.769335474886185311e-01 -2.270723829355908788e-02
4.104377030641394031e-01 3.178862004908863392e-01 2.487015928741018178e-02
4.269802818039516307e-02 -5.933234637314066529e-02 -7.092089607493222425e-02
2.036418579634257930e-01 1.673688063025507433e-01 -1.368861539575493835e-01
-4.394364337080083893e-02 -6.043439102596615681e-02 1.678374325502393627e-01
1.679291099297821124e-02 -9.627559194880062551e-03 -3.886488454319666358e-02
-3.774297373414268186e-01 7.374383976157758425e-02 2.164585105424959022e-01
-4.020168437874419715e-02 1.069094966335021185e-01 -3.417914657337929318e-01
1.803655852003516746e-01 2.329858566728611746e-01 -2.254839946954300400e-01
-1.887237339166889238e-01 1.458237110098616063e-02 -3.318146593021345514e-01
-1.885158320804200755e-04 -1.107320605243369560e-01 3.039956028924492015e-01
4.053946956214978664e-02 1.447333800519063907e-01 6.188414411926347614e-02
-1.498439750564054158e-02 -3.497240043680179822e-01 -4.971142400795233174e-01
3.075107498616614921e-01 -1.325292413964179183e-01 8.113790024936293754e-01
-9.719401447659835325e-02 -1.056297530266560258e+00 4.414705958578085121e-01
4.577575975368422534e-01 1.208844749194103674e+00 -2.243558116793055168e-01
1.974342797208042954e-01 -3.024195232334846994e-01 2.009952970175326592e-01
8.864027837250808284e-02 2.819337157619893897e-01 2.747497483380086786e-02
-3.290984372414229586e-02 -1.392877386078536783e-01 -2.993878840055628765e-01
1.715067857622121911e-02 1.868416978299813347e-01 3.099415287653292106e-01
