2.832905863618799813e-01 -5.790234192316450645e+00 4.702511111258821930e-01
-2.317822186790869099e-01 1.388990411373909051e-01 7.517132988425193618e-01
-2.096952078314412160e-01 -1.952758953155868671e-01 -5.857526723025400228e-01
2.472876363412390144e-01 6.812279044658103855e-02 -4.184074073136032079e-02
3.745812843022576777e-01 -4.825066322349239600e-01 1.046749267848222503e-01
1.874500424785539576e-01 1.882406074794850115e-01 -1.313700025595689880e-01
-9.497126973511506309e-02 2.505021113957245360e-02 7.542026751161255878e-04
4.717816878776867617e-01 1.188255447018567168e-01 -2.762882260101687248e-01
4.087595609102105954e-01 -1.156205343153226123e-01 5.161981140841299665e-01
2.169164342065371121e-01 5.868763189364726435e-02 -6.334031520195513784e-03
-4.164847822424320167e-01 -6.536327303405170541e-02 9.868433609564716824e-02
-3.081395982416159085e-01 4.086217501901126536e-02 -6.770826054399867733e-01
4.043093090667295164e-01 6.338894389653400123e-03 -9.221604998983240487e-02
-1.517477636192096913e-01 4.890493918366201620e-01 5.876236722562529907e-02
-6.002958901813910952e-02 -3.386393078066695095e-01 2.840901564787751132e-03
9.436489956948549210e-03 -4.836285987807443371e-02 1.579296622974209752e-01
-1.828643903616649635e-01 1.037475646469205731e-01 -1.690975902178490642e-01
-3.007030831994274012e-01 9.176889800006958822e-03 2.462334261389714229e-01
1.285285523667132890e-01 -6.009191019737343264e-01 1.768592123384806203e-01
1.881054061833824231e-01 8.459691815590784092e-01 -1.107037410849462944e-01
1.504998410731072864e-02 -2.914668875040319351e-01 3.327588116425225784e-01
2.707658516177568475e-01 2.447542651187845641e-01 -1.150223154549963600e-01
2.922559396625327710e-01 -2.738064667811426073e-03 -8.322911964349699598e-02
8.739329630262854254e-02 4.898446086607847333e-02 9.523045126467896693e-02
