4.546645200282918575e-02 1.530456890198297337e+00 -1.972542209713033790e-01
-9.263671743111190349e-02 1.075440492517906188e-01 2.493023057883756166e-01
-1.240408149052831394e-01 -4.399822326882110030e-02 -1.188156854321406053e-01
8.294849170112070236e-02 -1.083817080111493594e-02 3.369206193974005198e-02
-1.278926103206649845e-02 -1.086839429402504109e-01 2.641385476496522708e-02
1.303534622474911420e-01 1.728108481075499303e-01 2.214680595159800383e-02
-1.479989724733691558e-01 -8.691842082866216290e-02 -3.141592843710402927e-02
1.792254912863052718e-01 1.909609035126753895e-01 -1.595640448521487564e-01
-2.620805476450379853e-02 -1.901881184576755812e-01 2.932104094876217260e-01
1.418462979586539441e-01 1.109788130895191308e-02 7.618503684482842361e-03
-3.046406598241392927e-01 4.294552886079370385e-02 1.192376457886067248e-01
-3.086409411519716768e-04 1.098178021945209887e-01 -4.183059261128789785e-01
3.594491942515629784e-02 5.518417053762546265e-02 -6.934183017834658069e-02
-2.197021334122097602e-01 4.243553796074591572e-02 9.956277507468241916e-02
-1.033710655163355835e-01 -1.037829381109635352e-01 -1.347674230260825778e-01
-5.204619514101168493e-02 6.796133135716510287e-02 1.386470789808957882e-01
-2.166950886072614157e-01 -2.995211988480722121e-01 -4.062658634447741113e-01
-1.138203835744022174e-01 -2.402267550387706188e-02 5.017085931555962386e-01
2.851095377200810882e-02 -1.144056926965073995e+00 4.910212627229341154e-01
2.306590713406138360e-01 1.356950973011373129e+00 -3.662820072352256373e-01
2.338331600380506026e-01 -1.775165324131886824e-01 3.621329895494114492e-02
1.236202013528513999e-01 1.872325409528643458e-01 7.141582171193820716e-02
-1.319371508060927234e-01 -1.639227403208151357e-01 -2.463691015283977770e-01
-1.114337095858738552e-01 1.809244313092570611e-01 2.444503509263349084e-01
