-6.539755964421462009e-02 3.486336871566804607e+00 2.673843753862884531e-01
-2.186686801995685880e-01 1.703481392740979414e-02 5.641267573077417552e-01
-7.090116503090481137e-01 1.376082990291459252e-02 -3.611046981508622689e-01
3.723681191834465332e-01 -7.961620178465567133e-02 -4.561387683145890631e-02
1.055108604792663662e+00 -4.121376875830990993e-01 -4.118497085328842039e-02
8.962902325076400611e-01 1.386184724189951090e-01 2.881544320384442012e-02
-3.331157207424649547e-02 -6.242944818046470244e-03 -7.494583013945131655e-02
2.240112149409571873e-01 9.470401036747391754e-02 -9.427675469579283041e-02
1.184424335570561510e-01 -3.346008103962405666e-02 3.743099685454273073e-01
1.908941651501092629e-01 9.496988395154977794e-03 -5.481044907545513239e-02
-4.960107825267598414e-01 1.260572081915717346e-01 -4.402227854820296715e-02
-2.530082019252888892e-01 -6.130879834047955890e-02 -6.542341401016408264e-01
6.013920708009021787e-01 2.817708971914334448e-02 -1.911149267613291292e-01
-6.668370504104866037e-02 2.807473834737673202e-01 -5.594927552441873037e-02
-4.098346391201705685e-03 -3.115438999734451708e-01 -1.377074807292005265e-01
-8.323456615757880706e-02 1.441227928520708579e-01 2.340268459119350941e-01
1.576219262988978742e-01 1.924743607254186806e-01 -6.553824539925047210e-01
-5.680591698874905976e-02 -1.742462109706285900e-01 5.889510353575394541e-01
5.175733196879134246e-01 -1.100580938739021741e+00 2.289709527433480551e-01
5.042645779108426707e-01 1.602059831585019190e+00 -1.465449308813911999e-01
-1.202405656645375298e-01 -3.154048257399951760e-01 6.892345653722560528e-02
-1.014978949015865051e-01 3.851638256438890129e-01 7.644167438005283755e-02
8.442170276311578014e-02 1.368741573890825541e-02 -1.977765073944051100e-01
7.973767500651540718e-02 -1.898789253833284979e-02 2.949977647059159325e-01
