1.459976773134012695e-02 1.663371543778453088e+00 -2.341758984210126904e-01
-3.382325732798014961e-01 2.354074425050490301e-03 3.463746826901930032e-01
-5.449597960582026612e-01 5.816560359789329365e-02 -9.455684789868386286e-02
3.747609571026599973e-01 3.029706940385086186e-02 1.434461666015453794e-02
2.706148274275016474e-01 -2.948040643503381797e-01 4.709433330314281851e-02
5.049495588477076469e-01 1.911820606727086536e-01 1.167317796506724958e-01
-2.700486008802765667e-02 7.707977846372640607e-02 1.401158282172903710e-02
-1.537928753948681893e-01 1.288214692863236255e-01 4.321331718511742942e-02
-2.748001315375670495e-01 1.610319408490706872e-02 1.676988656933370292e-01
-2.230770880159957392e-02 7.496544359088823384e-02 5.101389434799142447e-03
-1.543363080678977761e-01 1.431010344063592121e-01 -2.002204332080467081e-02
3.212288516505779068e-02 -2.744285611225590060e-02 -2.119666649783007173e-01
-1.116634899090206828e-01 -6.808582805498115953e-02 4.962560286297817286e-02
-9.541475244102430586e-02 2.911694263558108342e-01 -3.154858598617771848e-01
4.678200863410699600e-02 7.413314063870347914e-02 3.793827368127049571e-01
-1.796622175516293940e-01 -2.193015737841759183e-01 1.016382480394969062e-01
2.999449543634027382e-01 1.795688120547404565e-01 -8.803900154572452674e-01
4.392315946631437928e-02 2.409186952501043144e-01 6.658702195768874121e-01
2.695634083774641199e-01 -2.859656313120131910e-01 1.493794886635231023e-01
2.829963537565033382e-01 6.802064419404058038e-01 -1.651748812114889609e-01
2.794109095346841154e-01 -1.851644348067660595e-01 -5.850136271549091771e-02
2.387078518578888420e-01 2.567316020014356326e-01 -8.250423938283266145e-02
-3.245934336953910926e-02 -3.369316552760726752e-02 -3.090589988036986785e-02
7.741523877556476252e-02 -2.194674050142777014e-02 6.539400726117980400e-02
