-4.682180321019261404e-01 5.581882293092983005e+00 4.428042485377659543e-01
-8.108104273787848371e-01 -9.526774983323289814e-02 6.020028378506253608e-01
-6.268059405366405157e-01 -1.125647043346466314e-01 -4.027690575024518438e-01
5.655019912854910569e-01 8.993683993400174159e-02 -1.016270090497760764e-01
6.903517609167966196e-01 -3.839221198618121833e-01 -1.043829441705904637e-01
1.788766685298118109e+00 2.687824238014848224e-02 1.689856277163025167e-01
-1.076077485423335006e-01 3.618229173670456378e-02 -1.185496707338845879e-01
1.992181663910487233e-01 6.137512858966935603e-02 -9.418565106717903535e-02
1.463667565859076980e-01 4.816321614520988753e-02 4.115272921124015770e-01
5.804063013708021801e-02 8.620589455261104539e-02 -4.331679997411864991e-02
-2.881429678151577467e-01 7.826892362134769965e-02 2.005934057151717853e-01
-3.813333202569431091e-01 -5.966683905074470634e-03 -6.133095476827975512e-01
4.045222710843286440e-01 9.450265948914093883e-02 -1.816396794622530397e-01
-2.850460810620306651e-01 1.568972474328311495e-01 -7.429365643261175156e-02
-7.716760212768691840e-02 1.164960832994881533e-02 4.600081875296727248e-03
-6.749223051650968253e-02 4.000534431323382600e-02 1.800520590275064559e-01
-8.341936065182983806e-02 -1.591130995261595404e-01 -2.685278139349711046e-01
-1.752762562102892219e-01 2.343968611758970033e-01 2.837699379188360349e-01
3.119946929661191262e-02 -1.249389477642299573e+00 5.828852506903834385e-01
3.029210868725032424e-01 1.466974053274058720e+00 -3.322147210343018298e-01
8.849669719357643183e-02 -3.312818403989987170e-01 2.956138918507077440e-01
3.066540578491639552e-02 3.707569674301136597e-01 -5.491558131775751972e-02
1.077075422520018810e-01 -5.609566200752932191e-02 -2.397524098720855146e-01
1.172135034988662783e-01 7.557955378176603456e-02 1.855813353795923160e-01
