-2.331096025738564059e-01 -5.204302885421610902e+00 7.391880866529457750e-01
-3.872753764320593373e-01 -9.181586362515721522e-02 9.477694870770951574e-02
-2.369312682495679501e-01 8.066417961795227520e-02 6.446403561419565553e-02
2.452746065568078004e-01 5.794513100487460461e-02 1.095598528247784635e-03
5.226560095298080633e-01 -1.881624830994544917e-01 -4.824765507283024918e-02
5.424107776229702971e-01 1.265558066142122018e-01 3.844961163371182766e-02
3.708387992556761575e-02 -1.905995579294648273e-02 4.494416796306698048e-02
-1.404721481076280087e-01 2.109803845084675111e-01 5.791375673698690232e-03
-2.006791221337015652e-01 -1.743964247977998483e-01 -2.942549686574081821e-02
-6.689842341423792027e-02 1.860081488402826402e-02 -5.049180408013700418e-03
-1.680840417489144756e-01 8.690047878600885845e-02 2.241080624604557536e-01
6.457257417339218319e-02 3.469392522143575214e-02 -3.080577033500889531e-02
-6.989750724718148123e-02 -4.701377215516402280e-02 3.397615625523252303e-02
-7.907634081193716524e-02 1.963830014961351067e-01 -6.118037523212557227e-01
-3.370634605306817300e-02 -2.937455661913283833e-02 6.299505946702956827e-01
1.044029462797783220e-01 -2.613125128117290211e-03 6.813028527404690893e-02
3.304810582833189181e-01 -1.060034955441318677e-01 -7.649139411255005960e-01
3.086957538007774060e-01 1.011839219087361241e-01 6.874266034967848604e-01
7.499338993940457554e-02 -4.508175829963511072e-01 5.776748542988126289e-02
1.731706638353315286e-01 1.007566237242033758e+00 -2.172898686443651070e-02
1.366811413878658565e-01 -2.176065516444586900e-01 6.011720867659545164e-02
8.689012269012133180e-03 2.912969515447320634e-01 -9.712507776817953797e-02
-1.280616102220781798e-03 -1.190015767128206753e-01 -2.382533083828717313e-01
9.851973655585893885e-02 1.002460163615973843e-01 2.612973545472916381e-01
