-7.178420866185464266e-02 -5.155605163381481226e+00 7.835937359508989841e-01
-7.785373185268487650e-02 -4.503155892073939376e-02 1.009647463887563823e-01
1.252229665815814651e-02 4.287974118181106130e-04 1.160780738843643009e-02
4.519971464926857141e-02 7.129577890978312793e-02 -1.049023952287422498e-02
-4.224313779435227151e-02 -2.248236640267771980e-01 3.351726615125220909e-02
6.617305120204552971e-02 8.493152391497237053e-02 3.367175282496562283e-02
-6.301268884562601612e-03 4.216256604684890524e-03 3.215632697856636579e-02
6.176039943937328136e-01 1.374848126019886929e-01 -1.928255788091567946e-01
3.354962961659717080e-01 -1.641637184875311128e-01 4.330570725060201021e-01
1.719977539155076451e-01 7.741443971095438026e-02 -5.564541673594644577e-03
-4.773843487323677914e-01 2.100989850067432052e-02 2.484722019856238084e-01
-1.606997570458513769e-01 7.206299196331485135e-02 -6.623922134943678319e-01
2.945149557586961009e-02 -1.571587708776484016e-01 -3.610107365315924632e-03
6.635541527576077625e-02 4.375203483840547358e-01 -1.114652502413255031e-01
-4.865940865356079698e-02 -8.693001990297101467e-02 1.720879130289194314e-01
5.761855392939640302e-02 4.504574502773978084e-02 1.853037890072465887e-01
4.913184830400769698e-01 3.266503336895106302e-01 -1.081224512746222333e+00
1.062144211273185895e-01 3.708466657569799430e-01 8.752296931635200616e-01
8.851235890945556850e-01 -1.017175103967433270e+00 7.625524756152567141e-02
1.954295907878263738e-01 1.918854969336996508e+00 -1.709346375683750696e-01
-1.605627720512502743e-01 -2.286240479863875241e-01 -1.647730083974127402e-01
-2.764718115642685881e-01 3.972294312806496919e-01 -9.431257184185914966e-03
-4.922037774682386929e-02 -4.063583448909838247e-02 -2.325120287332765878e-01
3.498032272995803271e-02 -6.126521218659687629e-02 2.378513991407817940e-01
