-3.933415043179482762e+00 2.625091701502682895e+00 3.923488304670065041e+00
-1.230912056330851351e-01 -9.937941899430707826e-02 1.058054540021821921e-01
-3.138035902555853518e-01 7.930592082583395874e-02 5.402029576970449054e-02
1.786035705480988611e-01 1.646088508481646437e-02 -4.473468086403471159e-04
2.736967427827288191e-01 -3.579152099430768508e-01 1.806852769943076420e-02
4.767941051736960811e-01 1.251579645418325337e-01 7.356366321455491686e-02
-5.095497122305988474e-02 3.835061326080623639e-02 1.366168839869153027e-03
8.168233069242669675e-02 1.701275385404638629e-01 -2.078385236911051842e-02
-9.875902992707220884e-02 -1.429406005533811752e-01 1.423533111277708874e-01
6.811459896104565814e-02 3.803459201728139061e-02 -2.679884246892416319e-02
-2.813132010622787504e-01 9.349980046343329965e-02 1.244022830473057589e-01
-2.507582923283466995e-03 1.498717488082436551e-02 -2.662270386226522345e-01
6.868708248401916849e-02 -4.764602212216714414e-03 -9.367057108707225327e-03
-1.055897213384751898e-01 4.764504191297483371e-01 -2.949957316286622167e-01
-4.916477882489987683e-02 -2.176186101596435107e-01 3.235790615328255626e-01
6.122648715021646731e-02 4.601880092284928170e-02 7.724972193734878922e-02
2.955137318616694597e-01 1.586764606507093112e-01 -9.497292163070421012e-01
1.746432107978589665e-01 1.455452410284515663e-01 7.820447992476904364e-01
1.456329322093102563e-01 -3.547159770969846027e-01 1.441596618875754798e-01
1.640727669530331612e-01 1.095757593150795017e+00 -1.388656670743759480e-01
4.533306963131431694e-02 -1.645563285216295191e-01 -9.290776059734968950e-02
-5.906125129849793681e-02 3.032660536722283640e-01 4.729454578075689870e-03
2.270823358538957143e-02 -3.504208682874687675e-02 -1.322399000565398497e-01
1.141661319604191510e-01 -4.188662004545462211e-03 1.890259013468715554e-01
