-2.356649099382780999e-01 5.556207871876062576e+00 6.756233149848964725e-01
-7.755357549171963960e-01 -7.597794970964770467e-02 6.478052276775204676e-01
-4.192295292927188388e-01 -1.108314490473927133e-01 -4.869457606754137302e-01
4.821262003172524513e-01 1.083470273902549935e-01 -7.523298930058415490e-02
6.608042958683724155e-01 -3.927513523143639218e-01 -1.013071060170966375e-01
1.977772948436515410e+00 1.282638288421467099e-01 1.378245347497385753e-01
-8.885217273227047352e-02 2.258035462933214582e-02 -1.031147346728714526e-01
1.716716532582356625e-01 8.295252727743983312e-02 -7.287053701819676266e-02
5.834532884266939445e-02 8.018934746870326480e-02 4.442819000319568334e-01
9.075604356562985697e-02 9.187942500590699779e-02 -4.725726205677304587e-02
-2.889108348705838880e-01 6.200746214814161633e-02 2.139176878672839344e-01
-3.863622434022446761e-01 -1.142050118174158836e-02 -6.290592544908270023e-01
4.941158879940990012e-01 8.042756568625132607e-02 -1.563291506897512284e-01
-2.792593310007967511e-01 1.922753672488626275e-01 -6.287410407496489551e-02
-8.964554607009277143e-02 -2.488897409277703379e-02 -3.309972444982741541e-02
-5.936364012137643892e-02 6.628506828495060732e-02 1.629962501508566419e-01
-9.720999464234587883e-02 -1.064043502512969641e-01 -2.853731928884207236e-01
-2.169700365541348819e-01 2.299903833965475652e-01 2.218182853549931222e-01
7.103666749522380419e-02 -1.300509272643146419e+00 5.938015140865229302e-01
2.868688915059019462e-01 1.566932232833166960e+00 -3.481063146703918254e-01
3.067644533833342041e-02 -3.487413793915014604e-01 2.956425218247643594e-01
-1.056790716864330036e-02 3.987550152165483253e-01 -3.770007678385734612e-02
1.295838440823293969e-01 -6.585282402795306078e-02 -2.923986744687389616e-01
1.230070216881080924e-01 6.915757142336412255e-02 2.152435579995941872e-01
