-6.511844280912877370e-01 4.690228642586374619e+00 3.685591705690963171e-01
-1.632642531056160140e-01 -6.174000155252021976e-02 9.273265219773846324e-02
-4.051703448216316672e-01 1.040468625879346493e-01 9.416134540953330356e-02
1.486318369978056053e-01 -2.428739071485634324e-02 -8.083155763025321600e-03
3.669122582043560787e-01 -1.788293705853450100e-01 -3.582258196575054815e-02
4.935958286594881450e-01 6.721556571748968367e-02 9.540651391101459544e-02
5.444857385373267147e-04 -6.460563327300204717e-02 2.239014266765060324e-02
-6.112187349599066538e-02 1.154264759281154740e-01 -1.502674472757877661e-02
-1.734236272323322683e-02 -7.753186332991006402e-02 1.466134039853510540e-01
-4.459888739769322930e-02 2.071658734764343299e-02 5.261809960992964996e-03
-3.127674303028689651e-01 1.874546681304023188e-01 1.467657198356858428e-01
-4.428487398869916311e-03 -8.416031006087862018e-03 -3.076161361940820127e-01
2.278441820518353408e-02 4.469481015633408605e-02 -6.069120848817478181e-02
-1.346328775937143951e-01 -1.842933285603051974e-01 -3.563340358196915858e-01
-1.094102402454692896e-01 1.515194853333393099e-01 2.802218327622545968e-01
1.073898243598056523e-01 1.463994005994272707e-01 1.478954897979548044e-01
2.841402688312421043e-01 -4.960624576168648492e-01 -9.896288871777592089e-01
1.271183589007507109e-01 3.150323667673524675e-01 8.379522806188676176e-01
3.561711938171623903e-01 -1.295301602798505369e+00 4.623844715561957752e-01
1.230268888200145988e-01 1.472409006084051120e+00 -4.601436732830913590e-01
3.641562632080892759e-02 -2.594934453301624422e-01 7.462286232644385620e-02
-4.839639895825718213e-02 2.740757288959224103e-01 -1.082284883288774785e-01
-1.238310653701303471e-01 -1.246305631569863820e-01 -3.533181740505874080e-01
-1.161141683412456049e-02 1.270561518420784963e-01 3.979606107413286575e-01
