2.343414369455403337e-02 -3.668221835220484728e+00 1.317003421694609433e-01
-1.552445071340088911e-01 -1.467377161033099064e-01 4.105531196649103015e-02
-3.878568336254142185e-02 2.861713315263835974e-04 -7.988273260411940524e-02
1.458610029656905172e-01 1.231617149617979523e-01 3.301019001177499246e-02
-4.260982386102738634e-02 -4.013933181214645041e-01 1.745064829247384638e-02
1.055652968584614992e-01 1.022307700735101826e-01 -4.962763439013748862e-02
-8.436914179670937375e-02 3.588795248502955892e-02 -1.556598797283798366e-02
5.384224867918592228e-01 4.015305810063660857e-02 -1.268953677140177705e-01
2.289250812492634735e-01 -1.815097981974210517e-01 5.399308856323636885e-01
1.983512362483776104e-01 1.385961419174730203e-01 1.273951064440871639e-02
-4.697595921454566503e-01 6.977564690896304045e-02 1.531752681072756361e-01
-1.728154586967623474e-01 8.333543430507021899e-02 -8.540259685910246423e-01
2.679824505835957590e-02 1.029203997958612754e-01 -2.577173151116102789e-01
-1.217419813076824238e-02 2.910197520387939885e-01 3.871819160491477702e-02
-4.298533214845418754e-02 9.658647474698847657e-02 8.283986891770628302e-02
-3.288204507055045300e-02 2.649460359750421823e-01 1.104568808990375600e-01
3.735260326314897572e-01 3.522175855673245759e-01 -1.183912357185321618e+00
-4.614853183500186584e-02 5.005213916297118759e-01 8.972368310362184296e-01
8.472924519164045654e-01 -8.057682258678515730e-01 2.511753556887486027e-01
1.560192452445239020e-01 1.985438410777453866e+00 -3.606235238428724954e-01
-6.257795249705605523e-02 -1.429857442837271786e-01 -2.913875250146655826e-01
-1.139953941472969662e-01 3.918488414180038570e-01 7.786416586486641367e-02
-6.009159917420791447e-02 -4.980281653725458779e-02 -1.975168304671642561e-01
-5.901741694008862810e-02 -6.171786633465432131e-02 2.636415714476929573e-01
