-5.536905324294659758e-01 -5.892571139629768417e+00 4.340607191817965060e-01
-9.445881965297241167e-02 8.101453302068963025e-02 3.575356873839686811e-01
-9.190267816822439428e-02 -1.342337430980856672e-01 -3.429627805111946648e-01
1.109738013814094704e-01 5.071951517781254914e-02 -1.095640737643322621e-02
1.527876046765971330e-01 -3.734329775259989104e-01 -1.181059406196001069e-02
2.643827107530677956e-01 1.669104218610134027e-01 -5.706473429371771745e-03
-8.534052652491394553e-02 1.425987007596434160e-02 1.434097854919203809e-02
3.637217782383114772e-01 1.792260023546599357e-01 -1.976910684000320328e-01
4.122488899674275342e-01 -1.304264334410237813e-01 5.007228323783492474e-01
2.443714057394663630e-01 5.437386577709733826e-02 -2.146625152912957912e-02
-3.540147742611191584e-01 -8.981751761652045918e-02 1.583054918916844689e-01
-2.630446982449919369e-01 8.153410498698558662e-02 -5.910507526019026514e-01
3.610504787691191653e-01 -7.447120143959679028e-02 -7.600951971613352509e-02
-8.359663938140199368e-02 5.856951793429989728e-01 6.971892953031239015e-02
-6.861385667505177921e-02 -3.833231421359206137e-01 -2.310874258679105481e-02
4.149730025923845794e-02 3.245984271275737659e-02 1.323855104193489285e-01
7.091962563573055676e-03 2.403900559829668104e-01 -4.160556299346363507e-01
-1.681290554951466176e-01 3.199121354940358958e-02 3.346927212854968192e-01
3.273545955763438320e-01 -4.631341345996347059e-01 3.133651380353113386e-02
1.782318753933583577e-01 1.052050541702008291e+00 -6.485318368021162488e-03
1.855389086700511697e-02 -2.570687041746699819e-01 7.858268072149426908e-02
8.087365681925065553e-02 3.189791756530414024e-01 -1.213773705464862157e-02
1.257972959006636859e-01 2.272599518126104667e-03 -5.635101322649627847e-02
6.421720177568160381e-02 -1.785280638921841675e-02 8.798511621222003531e-02
