1.083662010670161380e-01 1.415235641663680211e+00 -1.752495708371852035e-01
-2.962796675611542585e-01 1.349172226278967657e-01 2.554444723626819735e-01
-4.167903349646077116e-01 -1.907672670651067853e-02 -1.165721028179664137e-01
3.748019491823731397e-01 -2.186747543158363075e-02 1.915685128643577345e-02
2.047040327090388079e-01 -4.632712045052575500e-02 -2.830460111167508452e-02
3.111652806136456784e-01 1.302124144966564367e-01 3.723300004575887112e-02
-8.434370250073999764e-03 -7.638580698114537382e-02 -2.598633946506888857e-03
-7.623547316700021725e-02 2.372447100555285793e-01 -2.286908336997847332e-02
-1.685314688539487904e-01 -1.444731821001037086e-01 7.404710164883226975e-02
-5.098473065348625710e-02 -1.477629464427011007e-02 6.983331851741411515e-03
-1.836194648706988286e-01 8.512464239068093241e-02 1.069414776179418158e-01
3.072242063610192489e-02 3.216826456114812993e-02 -1.844692956447329946e-01
-1.670303377291491864e-01 4.612380566788378683e-02 -5.278997242722585637e-02
-6.222027892534383320e-02 -9.707610483328021900e-02 -5.256463244939117985e-01
1.047011940345379637e-02 3.011420804213533337e-02 4.669672348800874007e-01
-6.973290781699194307e-02 1.374791954743090627e-01 7.888643037274724323e-02
1.980891108031581360e-01 -2.461756452491268010e-01 -7.660597592738972450e-01
2.102771713967642175e-01 -4.293335522818491484e-02 7.743753847802443691e-01
7.960131104378084799e-02 -3.804116981793032037e-01 1.215508471577927269e-01
2.106099876300497609e-01 5.846877187928885000e-01 -2.723187690627519933e-02
3.461087705711274887e-01 -1.203322219959934714e-02 -8.999184989726032383e-03
2.365531362789251302e-01 4.933293955864847397e-02 6.369289402892146235e-02
-2.309481360991905707e-01 -2.157735157774610113e-01 -3.100539325080436948e-01
-1.626597673951402645e-01 2.230728746088122272e-01 3.579336498399831035e-01
