2.522114453958727506e-02 1.668219356085685279e+00 -1.628633270218541318e-01
-3.884696430615686702e-01 -9.626653060486971974e-03 3.094165350133375458e-01
-5.881582025764887645e-01 8.475209380587102326e-02 -8.686312406528354235e-02
4.095071450540063163e-01 9.443668039437838960e-03 1.873938110760375864e-02
4.639240086048108114e-01 -3.122980782794816390e-01 -4.930325876729418390e-03
6.911742653557657601e-01 2.335295596198910806e-01 7.006754423685489230e-02
-1.385773868256688288e-02 4.838023489119202408e-02 8.404843044188901185e-03
-3.169674998616124895e-01 1.706729704032819428e-01 6.668103632389581203e-02
-4.145443140901517998e-01 -7.024207352726712095e-02 3.376847766036721044e-02
-6.922074824373887492e-02 4.949931746003306821e-02 -5.048214309173123387e-03
-1.216959445212411339e-01 1.108243795092925532e-01 1.101036848361127730e-02
7.297332683176722956e-02 3.355958602025185117e-02 -7.895917303008108401e-02
-1.363354765582345807e-01 -7.640521418140422405e-02 2.036942098940753773e-02
-1.134463893043752974e-01 2.293092269362604907e-01 -4.223043553602713329e-01
5.981467036714784025e-02 5.329790135447644295e-02 4.833884110543056334e-01
-1.377274042070297244e-01 -2.036162805762556927e-01 8.653975737518906919e-02
2.102821495397327323e-01 3.556273430724331969e-02 -6.894687460445810823e-01
1.034024699403512104e-01 1.347032047445889669e-01 6.157876334630782988e-01
9.014526616215616517e-02 -2.847420166682956277e-01 1.303321118429200121e-01
3.015497280760809917e-01 3.317048702251580439e-01 -7.293608113052925390e-02
3.670150530053317151e-01 -1.655370280700647900e-01 2.114509330271756651e-02
3.023891825706834235e-01 1.867755122312775018e-01 -7.273219874067569923e-02
-2.712279579911247573e-02 -8.563157553601770389e-02 -7.960302877854398551e-02
9.181513146309804030e-02 6.778491037816040954e-02 9.337900607951940546e-02
