2.317372224086186247e-02 1.540864771816293111e+00 -7.392186243961679226e-02
-3.848945292151611380e-02 9.369169632180775198e-02 1.713138938761573360e-01
-9.019713295607612036e-02 -6.875867624404710665e-02 -1.342327406254671118e-01
1.416312914663320037e-02 2.032141124399176185e-02 3.158752430314716586e-02
1.760305043270256678e-02 -1.234516225767798708e-01 2.819073031737076920e-02
1.143383183971759393e-01 1.143803307112494783e-01 -1.166364061352614077e-02
-1.820787389255738853e-02 -4.781706972461187422e-02 2.508496060073160672e-02
5.625491359409682396e-02 1.990757296804253895e-01 -6.652030950499150663e-02
-5.709547935148448494e-02 -2.051165835694651329e-01 1.886509082091296918e-01
5.661466700772282978e-02 2.665912534874216935e-02 -3.942962324110877402e-03
-2.545345009949968595e-01 4.088240070275506871e-02 5.968730664140040054e-02
6.148607751677569178e-02 1.005659977559683060e-01 -2.174875756222492962e-01
-3.929191417421830368e-02 -2.760296549973814337e-02 -3.312314072224448874e-02
-7.703094274477785552e-02 1.148189481976667897e-01 -1.801866292548119364e-01
-1.694140590930317061e-02 -5.437735004864529403e-02 2.215163158720969971e-01
7.077462056470990026e-02 3.314188726193790374e-02 5.389751770308715689e-02
2.151845241517288954e-01 -1.357310158336015316e-01 -7.456765818428684467e-01
1.158970002426542439e-01 5.876802776940203560e-02 6.556861666482121098e-01
4.437656051196348650e-01 -8.289890646510539307e-01 6.836823704846789473e-02
3.043652399598190672e-01 8.227197858333124003e-01 -3.212660909994091013e-02
2.025535296867528867e-01 -1.604189011347484095e-01 -6.939342739455688081e-02
2.102118416271092638e-01 1.483273156476497823e-01 4.926458727429628565e-02
-1.730576298441342253e-01 -1.539806150232411464e-01 -2.423735231591957473e-01
-1.397090613853797514e-01 1.641518162183357721e-01 2.763941421881814242e-01
