-4.101741833775970569e+00 4.165483032080734560e+00 1.532729948313447776e+00
-2.956672480046445006e-01 -9.097733081828161816e-02 1.174727881172019789e-01
-5.523899683454428500e-01 1.240927477293869430e-01 5.669591628567628716e-02
2.852965569854892802e-01 -1.531400267230690129e-02 -6.098766559642836670e-03
4.196939710898234255e-01 -2.786425059148663341e-01 -3.693185733259572029e-02
6.620635216690429203e-01 1.187169889431634318e-01 9.045179965285758683e-02
-2.919045021476252000e-02 8.632726186958926927e-04 1.393620833995266655e-03
-1.905848881486403024e-01 1.658673947521850656e-01 2.235638372559920622e-02
-2.553861115316412578e-01 -1.207158949996437886e-01 -1.417869224022212660e-02
-7.018212417938896053e-02 1.318756946802561447e-02 -2.649486375251290660e-02
-1.725619433246728673e-01 1.299793187788389759e-01 1.444482574752308790e-01
8.151526975166038802e-02 2.142537505300853851e-02 -7.349091310235592034e-02
-1.904200248231520051e-02 6.323739487818444416e-02 -5.169982706363095148e-02
-1.486919845669157358e-01 2.147173997256885958e-01 -5.546974885219683182e-01
-5.028173508463112951e-02 -1.237492938634493639e-01 5.390774461244628446e-01
1.193670234107069711e-01 1.090539327738844766e-01 5.862293567368639935e-02
3.201171500741397669e-01 -2.194458049837786917e-01 -8.490253501043353301e-01
2.579333515932458742e-01 1.208658403844911355e-01 7.429976556207470439e-01
4.382856496980678043e-03 -5.850873848252261533e-01 1.815118499598399326e-01
8.765039400008919901e-02 8.186670729135819835e-01 -1.392134383994294011e-01
9.313989080659237918e-02 -2.010103596917502677e-01 4.940607515596433241e-02
-7.491464856762676192e-03 2.258806155587913811e-01 -6.171312367585257697e-02
-1.979754022481706316e-02 -1.048131924125194209e-01 -2.248622833636309271e-01
8.472982697481883096e-02 1.179145844381022518e-01 2.713608616318337052e-01
