4.289116677815755369e-02 1.700269215586504901e+00 -1.206515877609014020e-01
-9.274686250781417896e-02 1.473463176779108708e-01 3.221512399712104791e-01
2.501001477960550223e-02 -7.600504412801484255e-02 -2.523443001198062974e-01
1.081674587972829005e-01 -5.062387153888506762e-03 1.963328973770513478e-02
-1.644602948091531402e-01 -2.160601286855341752e-01 6.490166995108765692e-03
2.513891012537204928e-01 3.004543498584273387e-01 -6.384573008967688035e-02
-1.544707807770076546e-01 -1.085327222133604802e-01 -6.997070188395206058e-02
6.413765749684717798e-01 2.052028147433663519e-01 -3.575092595436959453e-01
4.002304074898259123e-01 -1.779363151652610664e-01 5.010792948122149149e-01
2.066751082153704400e-01 1.018721728150240834e-02 -1.819617715968784716e-02
-4.700946499725965899e-01 -1.219656292370593781e-01 3.309564690526496933e-01
-3.106632189434526681e-01 1.962832188501197062e-01 -7.197149510023834740e-01
1.470095517990955558e-01 2.297338701904362568e-02 -1.480307768583830064e-01
-2.281663727871579006e-01 7.794163655170253946e-02 1.586756892058983071e-01
-1.087866632113908272e-01 -1.785578835814341236e-01 -2.358056515455898006e-01
-5.691958269089344297e-02 1.350654077514814033e-01 2.278187378579303590e-01
-3.493683626462965042e-01 -2.960904088058252115e-01 -1.092029424730538156e-01
-1.232825743164685239e-01 -2.878408940029899069e-02 3.344467286451865418e-01
-6.347692569072201085e-02 -1.139243308155457157e+00 4.207318887225036108e-01
3.952043809553672515e-01 1.260363621108789411e+00 -1.751730255452313423e-01
9.346310561726618726e-02 -2.684627308938037915e-01 1.342259220643339801e-01
1.972290291563168207e-01 2.241708412572208653e-01 1.928607913676416707e-01
6.497895256675202680e-02 -1.442518149308888442e-01 -2.658816096683503938e-01
-5.170116778238450367e-02 2.039376509438962093e-01 1.886581663699257450e-01
