-1.040984459101764077e-02 -1.197711733819422530e+00 -6.015467372402089063e-02
-2.412585522591614573e-01 9.688403270570419834e-02 3.034838430519015695e-01
-3.689987656857298126e-01 1.183468450221016460e-01 -1.213817827602382271e-01
3.279777376654417487e-01 -9.593833362746594096e-02 5.315541728825674134e-02
3.933414199149283808e-01 -9.689290719372474492e-02 -6.342996798310948647e-02
3.109538293517786767e-01 3.349443069849331045e-01 -2.502868581392256667e-02
-5.111080333593481795e-02 -1.367999363813724722e-01 -7.441021020618857063e-02
5.772335282673084489e-01 6.765210331412907507e-02 -2.413790390075030434e-01
3.042371824232809607e-01 -1.294811483838219715e-02 4.006773859505838864e-01
1.512794639450124323e-01 -4.763687103641364023e-02 -4.048837147241945295e-02
-5.407192424145126353e-01 8.926645346993523911e-02 1.461115869402684619e-01
-1.906116910861411218e-01 3.063982216851044924e-02 -7.096787186639696987e-01
2.010518705855455779e-01 6.760971145269049562e-04 -2.378773605300577298e-01
-6.230880909440462967e-02 -6.924448223070231445e-02 -2.807511271468702274e-01
-4.096045128322108042e-02 -2.141737723557725070e-01 4.151618350570131927e-02
-4.681777338574647646e-02 1.896820353180102003e-01 1.916781978044580226e-01
2.043910471150767738e-01 -8.478278254230026123e-02 -9.247516220898167605e-01
2.572981485711481331e-01 -3.093023630292495718e-01 9.322105942695046998e-01
3.549285325466878804e-01 -8.573805842949404621e-01 2.653249447017873019e-01
5.026564782388899255e-01 1.659365952887301487e+00 -1.635297631477853342e-01
-7.047183165341129596e-02 -2.639538871699799727e-01 3.583697581500486923e-02
-7.429772910270339425e-02 3.241256779729185244e-01 1.166455761488367632e-01
2.663138283538738285e-02 -1.093703704708305080e-01 -2.715891384002898090e-01
-7.250006374195920589e-02 1.156873586575452584e-01 3.740506178709177010e-01
