-2.264420059926386675e-01 -5.264169684194030197e+00 5.742576465740678593e-01
-3.531289551542481919e-01 -6.348807885937265971e-02 8.548275986885034428e-02
-2.282790832850401241e-01 7.198626992460013807e-02 2.374918197547691567e-02
2.828571971524059814e-01 4.172405455210628777e-02 3.069151923611775426e-02
4.597005685398976582e-01 -1.932270285659819509e-01 -7.944919630345750883e-02
5.083438365123578162e-01 1.634985181129091636e-01 1.894698571682758986e-02
4.149341933912703562e-02 -2.823722929024056680e-02 3.262738959922416304e-02
-1.037000189058965294e-01 1.937901200950539471e-01 -5.072516325558763112e-02
-1.541152750092943113e-01 -1.688837840939734491e-01 9.860638969302008144e-04
-3.696872034556989567e-02 8.901928863062937014e-03 -7.066352179894297945e-03
-2.037771029242552434e-01 5.562872811599001849e-02 2.568309336916743124e-01
4.844410422989620102e-02 8.747512841281397666e-02 -7.172398454231175557e-02
-3.240706856480068260e-02 -2.684539455007585798e-02 -7.296728758588579694e-03
-1.128022000451099210e-01 2.036541081720993907e-01 -5.651845381820963521e-01
-2.061195152502200839e-02 -8.889017275275948315e-02 5.760906690959082255e-01
8.233842190340182055e-02 1.448834260596693936e-02 3.554178306325413150e-02
1.879303012116526617e-01 -2.271292123896642423e-01 -7.671626356537484259e-01
2.690921967937454640e-01 4.356603280439006604e-02 6.642065037542385086e-01
-1.320418165899918950e-01 -6.233260374350841904e-01 2.446913697282162847e-01
1.574833325309788479e-01 7.828820272886599652e-01 -1.058900594569830711e-01
1.643034370306836189e-01 -2.248616373892287079e-01 1.763839757523798235e-01
1.375562560610665841e-01 2.326809562777734097e-01 -9.333046334810592148e-02
-1.795720203964515035e-04 -1.449655299508391948e-01 -2.678763997060111812e-01
6.256070707790713226e-02 1.684517793708134870e-01 2.517185473538834373e-01
