-7.737664240578446921e-03 1.280637130808154112e+00 -7.424572114465119443e-02
1.357080909705421848e-02 4.968421365844911258e-02 2.264972996280318618e-01
-2.235280453905273690e-01 7.029936478388919274e-02 -8.559135578488984153e-02
1.218723022585911225e-01 -3.860575542449137115e-02 4.031244092183748629e-02
9.345456614527297701e-02 -2.696311973690007635e-01 2.544444432186725169e-02
2.147984906467729771e-01 3.258263534634640024e-01 3.828674438943105440e-02
-4.201908820753411794e-02 -2.371570955575057899e-02 2.182491300683667493e-02
4.432683915364283855e-01 1.284838759667551178e-01 -1.819994381913190018e-01
2.714006170927371064e-01 -2.717010489407821819e-02 3.926163791304292383e-01
1.340310035325009697e-01 9.350958017762414295e-03 -1.502539954937835535e-02
-5.167880027979533386e-01 1.960215823226089948e-02 1.164885555476563306e-01
-1.698251309280696675e-01 1.085379299054980151e-01 -5.552495121329072969e-01
-3.791312957682945600e-02 -1.112007973588564902e-01 -4.040309827627394657e-02
-5.661811502186382683e-02 3.194771268758574423e-01 -1.688442462219488238e-01
-1.069392817722279818e-03 -2.390460316720311729e-01 1.903412162318793566e-01
-1.843863985019835242e-02 -4.325935748486171156e-02 1.273443667589352346e-01
2.062590920990879095e-01 4.870775797432435120e-03 -1.041907577242470628e+00
1.771056384571699505e-01 6.086366227246346261e-04 9.338317789492031062e-01
3.332799193085164147e-01 -6.262770262227168594e-01 1.672298974357571966e-01
3.462694833120747995e-01 7.131865693135923667e-01 -1.537407759108666561e-01
7.599055566358320357e-02 -1.977420349786387921e-01 1.975604616304150671e-02
1.916386915464944607e-01 1.969061450787963352e-01 1.209257028269274635e-02
2.498764324278669735e-02 -6.975476091641502618e-02 -1.594032738564926388e-01
2.598082468309733696e-03 8.424197549263565121e-02 1.881336351086173864e-01
