1.385476878314139586e-03 -4.603405430625104877e+00 4.004199618177943787e-01
-3.530107540000488320e-01 -7.012776277868547348e-02 1.916131212780881332e-01
-4.363416832910219090e-01 1.351733229405407966e-01 4.493390394479130495e-02
3.835649484573362966e-01 -2.380796114495562985e-02 -5.001513220263364978e-02
2.789075468538923519e-01 -2.432359755224450804e-01 -3.764047731367000521e-02
3.842728889438299933e-01 2.358005036864231352e-01 4.777484990714315344e-02
3.077981991333324230e-02 -9.041038306570278738e-02 6.472609431036529864e-04
3.196679438661763628e-01 8.723212659076101660e-02 -9.064389654090417026e-02
3.638528410171679717e-01 -2.364139682894798519e-02 2.937414782186728579e-01
2.605556734563657661e-02 -1.885027796856087248e-02 -2.615620418577134683e-03
-3.235923558828748270e-01 1.365864497210301509e-01 1.331765129339820275e-01
-1.550778349688658742e-01 -1.227374886257836042e-02 -4.707935875309910423e-01
5.377485659976730115e-02 -4.916831891884080458e-02 -1.143520697877922071e-01
-1.946364451797703149e-02 -5.301673503227650325e-02 -4.611412775909393136e-01
-3.622225564414307403e-02 -1.972160642964653626e-02 3.889530567624124302e-01
1.957212338888673561e-02 6.975724026233209862e-02 2.348069299544899569e-01
3.243064561714000260e-01 -4.525987595947585790e-02 -8.773071584129167322e-01
2.637350359838507297e-01 -3.302738452689795573e-02 9.479802147057395656e-01
3.305903702190624571e-01 -3.082742405371817207e-01 9.179381531242036818e-02
2.597763660659926366e-01 1.221307346202866073e+00 -1.192303413656016775e-01
1.205850014301959594e-01 -1.693184433410568901e-01 -2.356726454900055084e-02
-4.937083855823357070e-02 2.709985336777878118e-01 2.794503934074036439e-02
2.538491962453196318e-02 -7.405536728330064378e-02 -1.679219052821696034e-01
4.231847193244218930e-02 4.237660349727023074e-02 2.849985873892509902e-01
