-8.229980020507426941e-02 -3.334370750519433990e+00 1.094570277786626189e-01
-1.458236202038266371e-01 -1.721207217886461804e-01 -3.542776266059512180e-02
-4.104529066551090150e-03 -6.321743657151340616e-03 -9.515271106928714639e-02
1.309469028084394582e-01 1.065319173386821416e-01 3.058530613022953509e-02
-1.666057252123203103e-01 -4.172708701556295252e-01 -3.228010152733307159e-02
1.365574996428730314e-01 9.663879106436923383e-02 -8.721868079210361169e-02
-1.332188422668552086e-01 3.124880061627125297e-03 -4.513773263646393696e-02
6.086069007678928111e-01 8.094454381390692524e-03 -1.433079643063420727e-01
3.571124971563435779e-01 -2.158415347536190854e-01 5.831877861238027316e-01
2.284730018723777623e-01 1.178294962270249185e-01 -3.341173744501472857e-03
-4.656330321196613387e-01 5.975324266590298361e-02 1.513957960233703048e-01
-2.078371752410576312e-01 1.055289751419092592e-01 -9.137273571071289346e-01
5.191658805733611465e-02 8.793843557568969960e-02 -3.279154878283978003e-01
-2.329031829827070410e-02 2.733566029667363617e-01 6.481571197256887074e-02
-7.310918371266030003e-02 -2.970968507801863105e-03 -2.511411432227547008e-04
-4.077811166245317448e-02 3.282157213838112209e-01 1.201939397479254573e-01
3.624676041813281735e-01 3.476029866946766522e-01 -1.173692550756989084e+00
-3.992570140978882187e-03 3.570728143630315654e-01 9.376658474691348388e-01
7.805625763407447737e-01 -8.400354251684838403e-01 2.695236515071431360e-01
1.419744208407955344e-01 2.131389412747492162e+00 -3.645155988692195259e-01
-1.793776349390230063e-01 -1.783928523637247077e-01 -2.584812590176109315e-01
-2.335457243564008079e-01 4.179518432469748190e-01 8.347096661554739838e-02
-2.567407487783157291e-02 -5.040903904086429382e-02 -2.081832697629491524e-01
-6.689133259002988385e-02 -4.218505130739072517e-02 2.923277320663311141e-01
