-7.012303078745014961e-02 3.582843010269132211e+00 3.074839538718043830e-01
-2.174481326176994633e-01 1.194015973588822589e-02 5.166496020201638562e-01
-6.760750605458303308e-01 3.922408265432669738e-02 -2.787335330286352941e-01
3.604939094701444802e-01 -8.747408011751896251e-02 -5.669023938221637304e-02
1.108600340192351874e+00 -3.614567962993899264e-01 -7.319261507992234905e-02
8.643240200084347791e-01 1.637590232645024790e-01 6.356141729257057393e-02
-1.504829532701899321e-02 -2.475441441121545988e-02 -7.366420624116074012e-02
2.064816650432396983e-01 9.724833297576609970e-02 -8.325531630348308176e-02
1.864940862530016508e-01 -2.928163536356507939e-03 3.611949909742463438e-01
1.808944165803985094e-01 -8.643355441787441834e-03 -5.577546857808056424e-02
-5.067314016213768646e-01 1.333254050593530304e-01 -3.994168811019129656e-02
-2.612819393311773819e-01 -6.199147357240882006e-02 -6.149143711273500346e-01
5.843318173616909306e-01 5.189823392904188704e-02 -1.827611400895295946e-01
-6.133294092633002903e-02 2.306863487138518520e-01 -6.487919792857611834e-02
3.108304828528846327e-03 -3.159331931242003733e-01 -1.407970230092647768e-01
-9.227377563990314668e-02 1.507209147559178120e-01 2.333205040006783304e-01
1.584628700755323916e-01 1.465369058578845085e-01 -6.605362087492215872e-01
1.346800812257477505e-02 -2.337435351475478373e-01 6.416088941426904002e-01
4.899986645820696984e-01 -1.100709487670902043e+00 2.179707705662374262e-01
5.647363338857132042e-01 1.601498079478974379e+00 -1.257280335072632482e-01
-1.044093484252069243e-01 -3.187615585240146099e-01 3.838033151547883687e-02
-1.206024229013326760e-01 3.793399704636076786e-01 1.150221607960582176e-01
5.350551049948274601e-02 1.438080931561162151e-02 -1.981031195811935319e-01
7.740962481618782198e-02 -1.368122061303919494e-02 3.061087303058350750e-01
