-1.509393611530646939e-01 5.443715975328406564e+00 7.266237186938569181e-02
-1.910488553303399950e-01 -9.034018623415661364e-02 2.216210941840807136e-01
1.462175265228786609e-02 -9.968911006601149927e-02 -2.708545110146708956e-01
9.704663615955322342e-02 7.597574859937909764e-02 -4.430982713620834623e-02
3.194194378866260786e-01 -3.713004909830761591e-01 -9.248887669486730023e-02
9.871410417722966679e-01 5.721332551358516288e-02 -8.881496410971170949e-04
-4.732841600091905465e-02 -2.920978468224039865e-02 -1.019336712915526050e-01
2.962372384068296394e-01 8.753150587788223469e-02 -1.610332461662265235e-01
4.300808562515361366e-01 -1.166509551741191780e-01 5.047301092534323130e-01
1.777439157735060948e-01 8.524492979500433720e-02 -7.121905300505489145e-02
-4.023476196845475195e-01 1.427568433193592001e-02 2.910621141839629944e-01
-3.517905781709961821e-01 6.897279065908522300e-02 -7.250183377807291052e-01
4.642067468514812223e-01 -5.794648439448132730e-03 -2.171430213551850119e-01
-2.004417356349965929e-01 1.756975258585522781e-01 1.291257443106438516e-02
-1.415613886666328425e-01 -1.133505168108120686e-01 -1.845816261104285816e-01
3.833820748037457260e-02 2.437415142433278503e-01 1.624194087900495409e-01
3.374614104668046538e-02 -2.000197286886052639e-01 -6.206054293324504423e-01
-1.933467949531444130e-01 2.423903301693313417e-01 3.634024943249978268e-01
2.936820728937301617e-01 -1.631400689010592542e+00 5.891622827926025208e-01
1.280311758320020477e-01 1.987876711422606579e+00 -4.363875765958500907e-01
-1.225140811683372577e-01 -3.406287159135432674e-01 7.496437394617615213e-02
-1.400047903534746563e-01 3.997634268027235316e-01 9.552073712058722910e-02
-1.940994031826327303e-03 -9.702896103432497033e-02 -3.954991720432695645e-01
3.049356106983018176e-04 1.025480547863536207e-01 3.467693359454853130e-01
