2.947991085977783032e-02 2.113626196633653365e+00 -4.440520437260141173e-02
-3.746691435279350113e-01 6.332883076542228373e-02 2.709255361975331233e-01
-1.035163653726787897e-01 -3.438596076843300313e-03 -2.169894860869281683e-01
3.133975190943925626e-01 8.263348580565604493e-03 3.275160298991600799e-02
4.328200150597831253e-01 -1.999876139923263962e-01 -1.515833541366944648e-01
3.549848120695477949e-01 3.667323524809334434e-01 -8.028887025137897149e-02
-8.474707030064852764e-02 -1.331335000681985459e-01 -5.587426628058719813e-02
5.668802434106164911e-01 9.702298708001388938e-02 -3.357840362392267020e-01
3.364309882577760091e-01 -1.413587666394134634e-01 3.779267601527605547e-01
1.513811573350619666e-01 -1.913550569728584422e-02 -1.746966431054163341e-02
-5.220603786986688366e-01 -5.393990855418093200e-02 3.046672491417475315e-01
-2.681004762279842191e-01 1.967457451035340421e-01 -6.151988222540897278e-01
3.143801108215183437e-01 -1.942463946261980060e-02 -1.799820941389920770e-01
-1.881095556264763546e-01 2.398900747520810173e-02 -4.754999485527370423e-02
-5.786785250729127583e-02 -2.035580395969683876e-01 -4.616062027394016859e-02
-2.679213031836429060e-03 9.875152476817947167e-02 2.153511168791069907e-01
-2.615116167181573137e-01 -3.492624807924480379e-01 -1.422955347254488412e-01
1.050397134039457864e-01 -2.026600665377480404e-01 4.667119226319338954e-01
-9.130107725243259698e-02 -1.184268036314432671e+00 3.727079113803570265e-01
5.828383965249563925e-01 1.117337570080369602e+00 -8.544910253477894235e-02
9.748576321700090641e-02 -3.229030325535750534e-01 2.427388174295148915e-01
2.518767749566589442e-01 2.397604695757829807e-01 1.400940509811108570e-01
7.977174654548693788e-02 -1.636289845585358060e-01 -3.113531840205348011e-01
-5.404793034685967390e-02 2.511967841171403037e-01 2.384894409436823237e-01
