1.280425315705755601e-02 1.416986512123809216e+00 -1.057144287950110562e-01
-3.213366741798613924e-01 1.003836467092634049e-01 2.833060105033198273e-01
-4.796279518326952429e-01 3.924951420633443315e-03 -1.002811765336222849e-01
4.679640989639044513e-01 -3.119601173736824551e-02 -1.752815645338736197e-02
5.325882883839694326e-01 -1.510942822503510696e-01 -7.062805370954659823e-02
7.077965614724007759e-01 2.034067251231772011e-01 5.568681539594071833e-02
-1.922975985425755957e-02 -9.425157673793893576e-02 -1.247101080142024553e-02
-2.140739339757885551e-01 2.983423271953873357e-01 7.292354698818886462e-03
-2.767127502415695495e-01 -2.020676299226252248e-01 3.514773830113021580e-02
-6.487190287981359216e-02 -2.838658480082570379e-02 1.036138450050344377e-02
-2.409854403497375952e-01 4.746719563891878962e-02 1.612722777136143537e-01
-3.915409627068944243e-02 7.708699859661923004e-02 -2.445643106290069646e-01
-2.054651578479262108e-01 5.323550264542287191e-02 -4.909745215019067216e-02
-8.568827224628479400e-02 -1.425647138211154075e-01 -5.478416702832036300e-01
-1.703688284745604950e-02 1.593854731821328988e-02 4.782761495242556782e-01
-1.382279372203501153e-02 2.008987623852224458e-01 1.317603048718054282e-01
-3.729438843921528690e-02 -3.010434498029230244e-01 -4.303209674817018993e-01
6.700691876656644785e-02 -1.197939030864272336e-01 5.857522110033275275e-01
-2.083623159893453203e-01 -4.991285976533197943e-01 2.442595696266520733e-01
1.545348552270483719e-02 6.567570704761643841e-01 -1.619169205750767282e-01
4.050594794496584217e-01 1.872971618470768273e-03 1.086308114990162665e-01
2.654848115633765548e-01 5.306168259802898635e-02 -2.429683342596272028e-02
-2.100089151565195378e-01 -2.548633266873760461e-01 -3.550149537889588092e-01
-1.011295483333968237e-01 2.513395687863578254e-01 3.956459409943774430e-01
