1.147632920048463484e-01 -4.052068825935165819e+00 3.246493456293317315e-01
-3.659023072740293370e-01 -1.424637185014930585e-01 1.560295822228462970e-01
-4.078414924920149565e-01 1.260854509487889796e-01 1.742174332277240598e-02
2.763671478786494107e-01 7.409437128834474307e-02 1.518288226502132951e-02
4.342783015753303721e-01 -2.912599040714918819e-01 1.966084413557305649e-02
5.403445757698497331e-01 1.479254436579757748e-01 6.561004065317500855e-02
3.136132402109573745e-03 2.708663639884152305e-02 1.615978742783020713e-02
-4.625974041636860684e-02 1.185321374428890823e-01 6.174999531224701493e-02
-2.484217313762375201e-01 -2.992946819494525512e-02 1.308543213533172045e-01
-4.736519402783483101e-02 7.863374551101494359e-02 1.303598486086889703e-03
-2.111763757851948808e-01 1.936299778934706395e-01 8.299633281100747551e-02
5.731405973743862459e-02 -4.540584688484230330e-02 -2.464876696075608831e-01
8.203777206951684553e-02 1.951584402998860768e-01 -1.604696089488118205e-01
-1.019881619716173776e-01 9.937383659747012210e-02 -4.641711275101139678e-01
-2.388757587077382574e-02 1.422810318190123879e-01 5.344567382556633106e-01
1.261237728567063676e-01 1.867588240072735051e-01 2.907686370084260064e-02
3.809495159882633208e-01 1.765579082066451311e-02 -9.387720827444495653e-01
1.795266190024200070e-01 3.386502267463420979e-01 7.957672797629241623e-01
3.131369924519224468e-01 -4.363233898309062941e-01 1.500779404636023162e-01
1.767571196056733906e-01 1.473045349219426425e+00 -2.187527140605949327e-01
7.759373931479281172e-02 -1.922936234345176687e-01 -7.799749194351485171e-02
2.713764305551661857e-02 3.630098710189978428e-01 -6.957783343340637194e-02
-1.165771654505724959e-02 -6.937191105575116201e-02 -1.869266039644033317e-01
4.657331838014010933e-02 -6.441286419701194865e-03 2.929652751086783691e-01
