1.006899631858202901e-02 1.546025785999809443e+00 -2.919117092125168844e-02
-2.462735354033978863e-01 2.093094294079095655e-02 2.455648744206986867e-01
-4.730577808341436263e-01 1.222415760218169001e-01 -5.771124367036478686e-02
3.264234123645417540e-01 -6.335872756959753938e-02 4.052422171357170089e-02
5.021107737757605216e-01 -2.871852476603475313e-01 -2.389595422160996699e-02
6.882445659765507040e-01 3.446063235011398440e-01 -1.188028559399305004e-02
-7.907248925904196424e-02 -4.224302769586628370e-02 -9.800624396417966996e-03
-1.949741764325522431e-01 2.048439345226341357e-01 1.773403512350900033e-02
-3.648947515707396394e-01 -1.691136127194687311e-01 4.897967320937769709e-02
5.830310720549257419e-03 -1.721280130917735712e-02 -1.630082213567777411e-02
-2.624574099131577465e-01 7.203210170738094664e-02 1.034492187222397011e-02
4.366977957013277317e-02 1.168167520059237435e-01 -1.721195251580170948e-01
-8.669938188720997807e-02 -1.038279514500936584e-01 -6.256510247005891978e-02
-1.266695542921924822e-01 1.311456783255638137e-01 -2.637854487140038895e-01
2.253033934628480978e-02 -1.223309001438346311e-01 2.565069294777571618e-01
-1.609898134861544872e-01 -1.367735061591307810e-01 1.287763534066804771e-01
4.598281844150442499e-02 -1.285042068391666625e-01 -5.758592953664496417e-01
1.660887934995117776e-01 -1.415510044716080662e-01 6.887389146546087915e-01
4.973350717472725668e-02 -6.061217472355433511e-01 1.731028251777023685e-01
4.563267282332683084e-01 3.668516741570294615e-01 -8.238737605755035165e-02
2.671062299667070761e-01 -1.794318196415597977e-01 2.530217037358689983e-02
2.266807740230722401e-01 1.350889666324972815e-01 3.863865074894251572e-02
-2.095709433022765328e-02 -1.265477176247756796e-01 -1.823178095072723881e-01
4.666543141222932040e-02 1.620225011348454813e-01 1.976967543450210696e-01
