-1.398100862644546583e+00 5.618511570106183406e+00 5.914702172358998755e-01
-5.111864283595212166e-01 -8.815746341968888622e-02 2.652202104312155195e-01
-5.094508350547384268e-01 3.048432181962182352e-02 -1.193378068001202559e-02
4.868029492068983166e-01 5.008046534267607264e-02 -6.364554726977485200e-02
5.707371324053978068e-01 -3.034475564591537222e-01 -1.338094635645965813e-01
5.014308513594738503e-01 1.129145922132175767e-01 1.384600624373609201e-01
-8.480813597057969278e-03 -7.503890352924417161e-03 -7.395231683902250830e-02
2.847421186855250697e-01 -9.869493522569161570e-03 -2.043899586842910232e-01
2.266518852198724787e-01 -9.352072274623411370e-04 2.752083331628241147e-01
-6.909758752852509719e-03 4.421013959381726172e-02 -1.517840441679012969e-02
-3.925054699220603127e-01 1.085818354265540159e-01 2.402226088810278382e-01
-1.955503476451416200e-01 5.565436801044090082e-02 -4.816669318127957400e-01
1.733559721673428033e-01 1.202551937060357817e-01 -1.741899840376621988e-01
-2.114173180594855761e-01 1.535285495011755146e-02 -2.288807529181549894e-01
-4.036113474616325608e-02 7.895432149942507860e-02 2.267610915293200025e-01
-2.044293435546729390e-02 2.665740310800619045e-02 1.584530278579805440e-01
2.515743864577556915e-02 -3.722603051923496498e-01 -5.030903413471097263e-01
1.070455262290589127e-01 1.798049902040528836e-01 6.723087005071816113e-01
-2.726528001897108450e-02 -1.089702093676568673e+00 4.752275936499677500e-01
2.469535383377711724e-01 1.167113269849659796e+00 -2.747511340640489963e-01
1.757108606636472725e-01 -3.156356507110914533e-01 1.747660318625399445e-01
5.573534091565170157e-02 2.978035812358611478e-01 1.200926084177044838e-03
-3.863958387894329133e-02 -8.403484224414944914e-02 -2.233751023795492174e-01
3.836732946596419641e-02 1.235064194530079706e-01 1.992584743337764419e-01
