3.951998800878103041e-02 1.414686108899125827e+00 -1.165669301413720244e-01
-3.353024478298742284e-01 1.146513153644214966e-01 2.821710445891511543e-01
-4.939260254626457458e-01 -2.760325603345303511e-03 -1.101405974874803684e-01
4.766151281070881152e-01 -2.971118563812958149e-02 -1.138602951712898263e-02
4.815101456955492853e-01 -1.375618110311860320e-01 -7.308925999204414492e-02
6.459427710550978974e-01 1.956002891328531279e-01 5.751789035956422075e-02
3.301137417942981000e-03 -9.016480068833243600e-02 -5.708324314560485162e-03
-2.034830416483520976e-01 2.966928224702043426e-01 8.587797391760987678e-03
-2.604246504974249699e-01 -1.953836105919845301e-01 1.360576519939163918e-02
-8.251445030277926307e-02 -2.576942397133620555e-02 1.013357237904555924e-02
-2.160180960351888446e-01 4.574233333290968206e-02 1.541181097573935121e-01
-2.387316520025362099e-02 7.157062907798718288e-02 -1.973863360376933440e-01
-2.338809326834434266e-01 4.081936398084319573e-02 -5.697208786676440789e-02
-6.486798003619828612e-02 -1.625999152076355037e-01 -6.050806420551850806e-01
1.510674463165774008e-04 4.900625949400529840e-02 5.423681974752867507e-01
-2.069454826356650901e-02 1.906296114970025268e-01 1.167026256869766743e-01
5.272276332780924391e-02 -2.895477571842927644e-01 -4.912340413628024094e-01
1.203241832049439519e-01 -1.004914402213381991e-01 6.104819117927132721e-01
-1.441291530013847355e-01 -3.631863524537588539e-01 1.046944837927975686e-01
4.840605450562013301e-02 4.646134724986112907e-01 -3.334364819739519398e-02
3.898310384102899318e-01 2.660394700198180987e-02 5.782074925738357740e-02
3.074888260564575537e-01 1.286434308262512059e-02 6.940536503003933398e-03
-2.229294822265739107e-01 -2.526776804561663980e-01 -3.493974340114499033e-01
-1.291014653711150817e-01 2.548316866229644595e-01 3.964302262811452149e-01
