1.377230031660043805e-02 1.548256708055824271e+00 -6.529797787944577325e-02
-2.740836096711869035e-02 9.328909280400812798e-02 1.703828962824691373e-01
-7.633862330625941495e-02 -7.219563477908633176e-02 -1.343572214841035894e-01
1.429856108152419928e-03 2.291222336083234210e-02 3.274463661739837606e-02
1.924691710266650257e-02 -1.322436377794488360e-01 2.891491823061165256e-02
1.180925502487370354e-01 1.163917601546973629e-01 -1.182725801751411537e-02
-1.537047770410581056e-02 -4.430990433340564749e-02 2.500601443401795701e-02
5.179116244657883811e-02 2.020677076192796129e-01 -6.858277566584317086e-02
-6.226851596914340092e-02 -2.097989931345711767e-01 1.785456821863437293e-01
5.178570419409378456e-02 2.937646866734477946e-02 -5.804346817247542367e-03
-2.526227803267452887e-01 3.547807015006389231e-02 6.493532115032732421e-02
6.659957083437041681e-02 1.044880743732423956e-01 -2.011494318685413119e-01
-3.353762002382206647e-02 -3.881248899530453933e-02 -3.013761031429669848e-02
-8.245046322814485185e-02 1.255017441772665332e-01 -1.850694752675241528e-01
-1.790481870248543037e-02 -5.888501376249147268e-02 2.236573521999350722e-01
8.458618798606712397e-02 2.909159121936546327e-02 5.042945448841720801e-02
2.152248788752219033e-01 -1.408397604944237880e-01 -7.224393434557714322e-01
1.141198984559944479e-01 5.776069942295967985e-02 6.188226144707948961e-01
4.386328801057318150e-01 -8.500053684073016758e-01 5.802185674487029404e-02
3.092662915234014043e-01 8.076489444171827126e-01 -1.160270030523452220e-02
2.029040013594785585e-01 -1.604712248191725033e-01 -6.551570454326564874e-02
2.227154022569438341e-01 1.468381405925202055e-01 5.395785547494084955e-02
-1.729731312361209861e-01 -1.582260467392093417e-01 -2.460345093628790447e-01
-1.426557800328404069e-01 1.704303790508961691e-01 2.765026177913641470e-01
