-3.848513704490889253e+00 3.939442013228060979e+00 2.608391326883555017e+00
-2.509464937768277060e-01 -1.068862307959051183e-01 1.095552853018997991e-01
-4.613373863487129078e-01 1.174610292195912287e-01 7.424287721988415134e-02
2.524007283347182162e-01 1.508270655109740250e-03 -3.809923679695316305e-03
4.562635775271554062e-01 -3.035454093932290487e-01 -1.695368880641312873e-02
6.410754775319816856e-01 1.156409420582483472e-01 8.794199309385206109e-02
-2.599617832847145316e-02 1.531452685957509878e-02 6.014220284630761477e-03
-1.389146822762405697e-01 1.799798090063252642e-01 3.664868260203876793e-02
-2.547072740494790155e-01 -1.299433210018691442e-01 8.030663662109825685e-03
-3.130700982350360234e-02 2.082181476519957136e-02 -2.581634717304613288e-02
-1.944548052061751409e-01 1.336686722737724931e-01 1.258341174476984292e-01
7.047892222876990520e-02 -5.954362774819773815e-03 -1.119261119929654824e-01
1.760820733017353160e-02 4.307418906108338719e-02 -3.586193440390300635e-02
-1.234708609419454817e-01 3.095849813889340330e-01 -5.035301324686182189e-01
-5.429835311075147802e-02 -1.499922232572373781e-01 5.044974942168956034e-01
8.965480276016982164e-02 8.565019403711895962e-02 5.545930204561781013e-02
3.166308548006518953e-01 -4.870596765883435791e-02 -9.153551118646487961e-01
2.140558952445472396e-01 1.299175972543848145e-01 7.760851511903711364e-01
3.177340379709267526e-02 -3.383582354178260587e-01 1.528751402611427113e-01
6.136515142476151735e-02 9.009733228296701313e-01 -1.688805182159481555e-01
1.066814281294844319e-01 -1.632331120790589396e-01 -2.872342394752520553e-02
-2.393808712896014490e-02 2.586797304778026829e-01 -5.305541887649312810e-02
-4.008184384843203017e-03 -7.495105093452278378e-02 -1.793361794960285360e-01
1.051646921767312032e-01 5.568522305508564335e-02 2.544699684118942318e-01
