7.302645647894674512e-03 7.707039493301943711e-01 -4.674356215128274566e-02
-8.081255080026643334e-02 3.374328238567086274e-02 1.061823703594418217e-01
-8.005595180278876621e-02 3.197086777841244565e-02 3.622806734184401412e-02
1.127828790455152053e-01 -1.019489693594485390e-03 2.261686562852521093e-02
2.978003946034626925e-02 -1.802584441927771453e-01 -1.959100932042487364e-02
6.610718539538702754e-02 2.712437340177990541e-01 2.946257694008479547e-02
-7.097717173821807557e-02 -2.922466393284256850e-02 -2.443369407362536855e-02
6.358830586790712447e-01 2.090295140362704029e-01 -2.509358596506356953e-01
3.969904524995579442e-01 -1.683119743245079236e-01 4.073298075533701157e-01
1.952559478497277456e-01 3.094622828202504838e-02 -2.378997385735686157e-02
-5.070042918090810202e-01 -7.218913326887163584e-02 2.227360452454829887e-01
-1.804722435022087790e-01 1.639789100050484394e-01 -5.943042494837642575e-01
2.408999000263270865e-02 -1.266550965707286258e-01 -7.628723626538098934e-02
-1.340910890946468703e-02 3.986549803322230190e-01 1.546598456504854127e-02
-8.382551397231123233e-03 -2.923632147709023799e-01 -4.976675957372185544e-02
-6.843850136605972301e-02 5.378398005066933885e-02 1.709262548962556805e-01
1.939844616147758660e-01 2.044265991632169821e-01 -7.765511288200568352e-01
2.056694948886520630e-02 -1.789180612667955195e-02 6.023566347558476641e-01
5.682042020686324246e-01 -7.377737410777404081e-01 6.419176239496185432e-02
3.709582079377109487e-01 1.048291302745699927e+00 -1.060727888261658591e-01
6.501371692759662368e-02 -2.194799013675642063e-01 -8.978108701278876558e-02
1.405403674133020864e-01 2.653365389150572629e-01 3.449827987323911271e-02
-1.289076232018827699e-02 -6.843494117347961869e-02 -1.300520738218176042e-01
-2.946477490712597763e-02 4.521585805365094940e-02 1.789316022637523484e-01
