-1.051777522758344519e-01 2.407865480631842026e+00 -1.044787721364534017e-01
-3.370244800489126669e-01 -1.547998493476855919e-01 7.828656068658521039e-02
-2.086682988529650618e-01 6.449700717322810750e-02 -2.197958114934062124e-02
1.567009722698752272e-01 1.141549244721225542e-01 1.070256626895731318e-02
6.246375412931225446e-01 -2.278704740664165007e-01 -2.635386968886570605e-02
6.271885012742564047e-01 1.161748743560940267e-01 5.667244712615415042e-02
4.476394102069418401e-02 4.159864980110496852e-02 9.152377132701172702e-02
-5.316921230081593508e-02 1.764779968567906920e-01 9.572310809841158563e-02
-2.307734316113689288e-01 -1.035655287415738479e-01 1.285996188921645633e-01
-1.255244685377934419e-02 8.603929838448443057e-02 1.742137082515543556e-02
-2.832308701748423307e-01 1.367484841296202069e-01 8.262874144147901168e-02
1.955121769386709146e-02 1.623952185056332792e-02 -2.160374605850638174e-01
6.716054383863996613e-02 4.034303016997716623e-02 5.329159579770527400e-02
-1.649753360644733852e-02 3.405320839397316668e-01 -3.543132999175585551e-01
3.777311071023464664e-03 3.480375826353626634e-02 5.001298311781844363e-01
1.728355234267072993e-01 6.833466586522554675e-02 7.823921682440514169e-02
4.513708589171688823e-01 1.723004152258542643e-01 -9.599762936104516697e-01
2.226661529071891354e-01 3.413527441307057653e-01 8.023946908052749238e-01
5.461475637019079787e-01 -6.855246404210462163e-01 5.535928240896990232e-02
2.017614591063779939e-01 1.433693374321729053e+00 -1.268663914260514947e-01
4.566350179671898289e-03 -2.258134374623842755e-01 -8.270416208836657568e-02
-8.540232757703047906e-02 3.771318426952320335e-01 -8.538190803296492881e-02
-4.551316613140064804e-02 -6.495044304765783261e-02 -2.226531278160184257e-01
6.658770779659363426e-02 -1.811625722786499443e-02 2.628792393759707968e-01
