3.875613315540944737e-02 -8.086829725827186788e-02 -2.982291112403942512e-02
-1.046075584124015884e-01 9.094134910854295012e-03 2.203871083949440479e-01
1.195786590612220660e-02 -8.741559882793380198e-02 -1.955110305191762043e-01
6.737285897510041088e-02 8.840597315034888493e-02 6.705139165622430418e-03
-1.131756878132740562e-01 -3.448650470295435699e-01 3.395228660468582044e-02
-4.385297068988845692e-03 1.479688719191174229e-01 -3.725337148875749321e-02
-6.278506837154779197e-02 3.941348697663273060e-02 -2.189329583257074163e-02
6.182005444091017710e-01 1.088708708603087216e-01 -2.462486474883084642e-01
4.344189704882315262e-01 -1.841574745364070176e-01 5.401931759151037404e-01
1.940763024938463588e-01 1.131470093511399849e-01 -1.961624807740014811e-02
-4.731669308068836011e-01 -7.526539566079641641e-02 1.898996633931109013e-01
-2.388661354784161750e-01 1.379518512255772933e-01 -7.256719443306265394e-01
-4.601432306215984952e-02 -9.426111104113782391e-02 -8.742834314298474074e-02
3.100440839593256170e-02 4.653974108818534905e-01 1.379328125466523260e-02
2.158633172419502019e-02 -1.308863285779932328e-01 1.715170279502102602e-02
-4.759230097662436876e-02 6.793450636427798839e-02 1.509562191016910748e-01
3.722774527905662878e-01 4.218219794829193292e-01 -8.298615002479926561e-01
-5.975829478615810042e-02 2.151346044659809831e-01 5.687779688558469715e-01
8.991454227265938126e-01 -8.961568453518684585e-01 1.011021879650700686e-02
3.164042145377995996e-01 1.499224201626135011e+00 -8.796444242309930939e-02
-5.154669728568417320e-02 -2.901689221741360347e-01 -8.399825481853732956e-02
1.781368992708666499e-02 3.875671981421653367e-01 -4.466899286030585892e-02
1.599999952422032426e-02 -4.463730386897451358e-02 -1.340198687739476424e-01
-7.303513875937432155e-03 -1.926537035777768983e-02 1.499543457178040551e-01
