1.136279621294991049e-01 1.448198550223332548e+00 -1.690366685677666680e-01
-1.576696278391034878e-01 1.152407285397727410e-01 1.911419744557418532e-01
-2.162093433185867664e-01 -3.901573350260629375e-02 -1.160410722267164046e-01
1.505494944323049755e-01 -6.756298490153350191e-03 3.874750752026769052e-02
-1.139492172498321465e-02 -2.056354661493235009e-02 2.935362088563481242e-02
3.605272180771981749e-02 9.628223648076514318e-02 -1.017139045563477708e-02
-4.716250055318718659e-02 -7.006782081166314236e-02 9.237847985178803539e-03
8.073257848243424462e-02 1.819228502270843206e-01 -5.899673629268707004e-02
-5.049122566310040860e-02 -1.511021664965047084e-01 2.117034891684116960e-01
6.806765932312126843e-02 3.983215731794455781e-03 3.567575549124457623e-03
-2.351861737869604119e-01 9.459719806187803781e-02 3.234300658580188670e-02
6.046220407754556575e-02 5.152355386613192284e-02 -2.730012142577289413e-01
-5.701224435693438841e-02 2.692268951800997831e-02 -5.786784933844905249e-02
-5.598511880994798406e-02 3.609859079092039846e-02 -2.335848410472626258e-01
2.069390389681879158e-03 -4.505333931684192550e-02 2.249095191239474378e-01
-5.765059209144268726e-02 7.808561409849093526e-02 7.159236542845252849e-02
2.595647734451126398e-01 -1.561880302813253851e-01 -1.018192898717314998e+00
1.898550894582116955e-01 3.213762655736572549e-02 9.129657934537284136e-01
3.988667371781121074e-01 -5.975306458889567685e-01 1.436481188844574153e-01
3.458990275071572862e-01 8.239770850130455626e-01 -9.852307250493494428e-02
1.958787393733865956e-01 -9.921349164065625115e-02 -9.446611869503881986e-02
1.292162152697098887e-01 1.161220036586311233e-01 7.492359273603814429e-02
-1.967243045500777499e-01 -1.499795331100353679e-01 -2.488924160582183243e-01
-1.574033283773969283e-01 1.598515852474421406e-01 3.015673981161201556e-01
