-6.900159907071845046e-03 -2.280710483367056174e+00 1.067383690300163258e-02
-1.860444447501910792e-01 1.594358531895621531e-02 1.179950654772196211e-01
-3.631627196452437700e-01 8.384876401069567275e-02 2.867728627983111289e-02
2.319906789893681487e-01 -5.551957819155450141e-02 5.263465102860648281e-02
1.270273542805401001e-01 -8.639396613969278771e-02 -4.323391630286722853e-02
6.797471381068018736e-01 7.991404915112874929e-02 9.032434367837260947e-02
-1.487205549439502839e-01 -6.454185760764115376e-02 -8.203177222866614438e-02
6.143776851938367312e-01 1.526553607412306501e-01 -1.909977578218962357e-01
1.353135039064639611e-01 -1.360068489603498132e-01 3.522251111420467984e-01
1.783546211468969023e-01 -4.190494887589929843e-03 -4.237430957608327720e-02
-4.740114422823660800e-01 8.232886034568935585e-02 2.423689172067585995e-01
-1.300432979488708174e-01 1.449087986388010799e-02 -7.140701713695568609e-01
1.538935120776678822e-01 6.547763660125567597e-02 -2.846684881907497466e-01
-9.511783966696105153e-02 1.592689552635935812e-01 -1.752595879912492438e-01
-1.311742838899584429e-01 -2.385874179147234875e-01 3.298231681189733866e-02
-1.073668255878439809e-02 2.817025649571034962e-01 9.257154187914690135e-02
2.676825783440817674e-01 5.886366405079000719e-02 -1.126988965716186675e+00
1.713587093262635697e-01 -5.759444849222256080e-02 9.569317049459367119e-01
4.162958191431713750e-01 -7.129329464381231052e-01 3.460552651696586213e-01
2.226015135814494728e-01 2.052414353527594049e+00 -3.273742480696669732e-01
-7.608045302510474395e-02 -1.693808758492181266e-01 -1.637035933968933599e-01
-2.978438034435691439e-01 3.839465284919496013e-01 1.383526849694881600e-01
-5.140657813168732215e-02 -8.910804003126857054e-02 -2.631878572756424228e-01
-5.462194946675435342e-02 3.143722465097221336e-02 3.975563005846547981e-01
