-1.213686021620494077e-01 -4.918848684000103333e+00 7.095708091340703350e-01
-6.537773248496703271e-01 -9.268562274491513875e-02 2.384711501680282231e-01
-9.702482560041267856e-01 6.088365970354459034e-02 5.700783442899250847e-02
5.473251668574634632e-01 -3.238865585382440931e-02 -8.193645140782056246e-02
1.380116518254588698e+00 -7.382118448818986156e-02 -2.208672696681724112e-01
7.083013323706995878e-01 -1.177196527789454994e-01 2.618888277414965771e-01
-1.826934442314336396e-02 2.274980540228563677e-02 -4.893592797217491408e-02
7.310516594882980612e-02 9.173272186214656565e-02 -5.564784403262403208e-03
7.522778099469880353e-02 -3.304843511886462054e-02 1.921575682324366541e-01
6.435673581974092616e-02 2.316835834730248886e-02 -2.140412646339210495e-02
-3.873217216666876572e-01 1.839970383454782588e-01 2.876032962593680353e-02
-1.353936331278940697e-01 -9.474428098005453769e-02 -4.695388079415338534e-01
1.435440986711481182e-01 -3.174703375906653274e-02 -1.183868265560442390e-01
5.789786734251479994e-02 2.844978011334419743e-01 -2.593989162734665621e-01
-8.619619821430260856e-03 -9.765545873102954300e-02 1.484535831430024155e-01
-1.781399910395846664e-01 8.472305822848266721e-02 2.134088419663686398e-01
5.406936201588955493e-01 4.096099500001534888e-01 -9.388367553395000620e-01
2.221922154110847134e-02 5.115620143717324042e-02 6.858772928648598777e-01
7.893204462742943184e-01 -9.808893402536418282e-01 1.257690191513156364e-01
2.273602405815694227e-01 1.931431763018933712e+00 -1.893784004358330941e-01
-5.045415339915872155e-02 -2.612432156351736090e-01 -1.453816210081056159e-01
-3.004672540192027674e-01 4.432198289789493484e-01 -7.424367066258591441e-02
-1.342396066798599574e-01 3.592316952549730324e-02 -7.956773792987066607e-02
6.092210287414539377e-02 -1.371466709326138733e-01 2.596015852792030731e-01
