9.336034834519224557e-03 1.545566194725446874e+00 -6.265223421271214066e-02
-2.345060685342796949e-02 9.521587980958676201e-02 1.706000334210428515e-01
-7.295221508353097462e-02 -7.373366601259290221e-02 -1.339874218082789392e-01
-3.208784811698157588e-03 2.317669530018760804e-02 3.368919044187532186e-02
1.979571380266303277e-02 -1.298069058183236035e-01 2.915434243789793295e-02
1.165784062433761342e-01 1.158906234816751285e-01 -1.095929872706958783e-02
-1.397306589241952869e-02 -4.268761737747970436e-02 2.480030934646123772e-02
5.201551482091541084e-02 2.032505102366404526e-01 -6.987229004492301332e-02
-6.346852770229910456e-02 -2.086634416194130537e-01 1.756861020274524121e-01
4.984896473244124909e-02 3.015544768706573606e-02 -6.807722458994610107e-03
-2.507151272716850454e-01 3.477153268269375652e-02 6.624544910482281501e-02
6.840039913482985623e-02 1.036691238120604347e-01 -1.950265660630995102e-01
-2.829307979130625539e-02 -4.707753525924469190e-02 -2.802317360796364662e-02
-8.471405524411776411e-02 1.315770567392022250e-01 -1.864065076066372673e-01
-1.848455907105305343e-02 -6.022144822815075904e-02 2.234443642202875446e-01
8.652092716519393933e-02 2.181764086408112188e-02 4.833989724197750720e-02
2.164358722364601029e-01 -1.420258150642598471e-01 -7.226782678729350984e-01
1.134521603669099432e-01 6.194358254565261040e-02 6.090412593773091299e-01
4.394062984540985650e-01 -8.496093227652761204e-01 5.871253356726285899e-02
3.164815894254409678e-01 7.989565084796792505e-01 -4.743136509894716954e-03
2.105414415003478146e-01 -1.589588332524735359e-01 -6.370588573538576993e-02
2.323834306603916600e-01 1.462358096399879182e-01 5.637555904843170873e-02
-1.745802298712293421e-01 -1.593190977197859182e-01 -2.454113538177737364e-01
-1.447337981593137535e-01 1.719210487987117009e-01 2.742595572297142903e-01
