-1.277873216531554557e-01 -5.338416918996748528e+00 3.874674439730441122e-01
-3.068981388826049206e-01 2.293919216909621507e-03 1.089505793521303445e-01
-1.631524127305942207e-01 3.818787332580174387e-02 -3.523052998038042616e-02
2.902184331621431856e-01 2.849353305305517628e-02 4.348841979216867132e-02
3.872327771337064628e-01 -1.692529476348450246e-01 -1.318241247526572568e-01
3.759533825618935343e-01 2.121028814298823451e-01 8.274519687262118020e-03
2.219329604203382905e-02 -5.011876850593201954e-02 6.600313817647568589e-03
1.223466046202340424e-01 1.584870901609700122e-01 -1.651243616123865832e-01
2.392731195689947951e-02 -1.522972932704994842e-01 1.482254500154587540e-01
4.595723672590921322e-02 3.408651729686578043e-03 -1.380455986205483473e-02
-3.252740884212494965e-01 5.492955059507134349e-03 2.939920972121906062e-01
-4.524093589415044414e-02 1.363311903461440211e-01 -2.913310266776094060e-01
7.789462980765082811e-02 -4.693445698570426761e-02 -5.341212998097817632e-02
-1.180063395017308531e-01 2.308078336974196676e-01 -4.006923139708225556e-01
-3.367752749431269371e-02 -1.774213217663121733e-01 3.904761432629371698e-01
4.090291315314025650e-02 2.108812585022837652e-02 7.223526527304380274e-02
5.479367144750160040e-02 -2.583350975098093194e-01 -7.190394393549697227e-01
1.833955225596980154e-01 -1.767582150069704761e-02 6.948148050085090066e-01
-1.172505907340915393e-01 -7.901273368417758292e-01 3.550414197095950186e-01
1.590253267621072886e-01 7.627038641355783355e-01 -1.752095214034136150e-01
1.791519574710220553e-01 -2.464863261964862773e-01 2.024970234587004370e-01
1.650215692112047827e-01 2.209861222899725530e-01 -4.613526429246992550e-02
-1.905118302390019017e-02 -1.463830870834427755e-01 -2.732989023731712264e-01
1.525450232200917765e-02 1.895949372953754652e-01 2.322565438463829179e-01
