1.130208611837724836e-02 1.547348000025570158e+00 -6.355515317175761125e-02
-2.443482108125701394e-02 9.405900977578528221e-02 1.702981678654838515e-01
-7.337500368351332347e-02 -7.316116823728144314e-02 -1.341642849369985013e-01
-1.993789755307205386e-03 2.330243022722547352e-02 3.330510523921588473e-02
1.920739161684641844e-02 -1.317122182373220152e-01 2.926756622885946443e-02
1.166658913804306252e-01 1.162339607819398157e-01 -1.163854081800385840e-02
-1.461702282090352953e-02 -4.330963111330952270e-02 2.484968568882208254e-02
5.180622606830444926e-02 2.026419615928539142e-01 -6.929744224539784170e-02
-6.296534835312404821e-02 -2.095420132065496932e-01 1.766020605280712308e-01
5.063467178995510048e-02 2.996605353917848255e-02 -6.413156622865326742e-03
-2.515968755495390785e-01 3.489474455192120850e-02 6.563935070528632842e-02
6.799217413863176129e-02 1.044015758954106865e-01 -1.970882315578855737e-01
-3.047913946101280663e-02 -4.310699911664676864e-02 -2.899941925948251384e-02
-8.385188019016684424e-02 1.289561756050547625e-01 -1.858427042288059161e-01
-1.806556398326678720e-02 -5.983288520647906533e-02 2.233768088035077148e-01
8.660145723417650432e-02 2.572448756005933992e-02 4.924203909965962217e-02
2.158154130997234077e-01 -1.417478419459708983e-01 -7.215861190393867419e-01
1.138240611811057873e-01 5.943402221217057579e-02 6.121995288050469108e-01
4.378439018267106242e-01 -8.511710245257845253e-01 5.751370064469467358e-02
3.129335074666659278e-01 8.028508050463764034e-01 -7.108369878006021853e-03
2.049785987826556188e-01 -1.599571676682142174e-01 -6.507570657327045593e-02
2.273933761942795728e-01 1.463771070826624110e-01 5.595751793675927954e-02
-1.734201376796871974e-01 -1.588797050553180656e-01 -2.459906238351311503e-01
-1.437778409423466908e-01 1.714968444266279091e-01 2.754809454336268337e-01
