2.093599326768794990e-03 -4.310034128466440073e+00 -1.228411581307548989e-01
-3.026323050261098269e-01 3.624766799705799597e-02 5.254259433493327913e-01
6.499196217415487142e-02 -4.647984750861301750e-02 -3.565090086822666482e-01
2.145763355541054629e-01 3.775865036476502845e-02 -4.261442908880068436e-02
6.814201502799949878e-03 -3.658165952748080318e-01 5.955490435150443546e-02
8.674979776066946702e-01 3.213649825462296383e-01 -1.041298385940014060e-01
-6.704744673038773306e-02 -8.645772411107036093e-02 -2.008937577529357477e-01
5.672440985581708173e-01 8.664225930918430241e-02 -2.794052221992430196e-01
2.739557711402205720e-01 -6.131307633345534774e-02 4.984861154471029177e-01
1.924400138552812278e-01 2.188688062578807159e-02 -1.068269897501041427e-01
-4.009784655867272285e-01 -2.001718412114245407e-02 2.594295017821777183e-01
-3.070048607669986218e-01 1.094949024661756171e-01 -6.925085853191305096e-01
5.432636211357342315e-01 1.241606148347701305e-01 -3.409071904908365647e-01
-3.059106142234570003e-01 6.943331230419928779e-02 1.910064329758244181e-02
-5.150490205571654073e-02 -2.129809365182611380e-01 -2.306617855626087454e-01
-2.526448509513378946e-02 1.432795826109660997e-01 1.332892401560189788e-01
-2.340844974540045864e-01 -2.514243450495105003e-01 -1.955833706591112997e-01
6.749227555512038457e-02 -1.718949070514919353e-01 3.935026366025589639e-01
-1.641563257322730118e-01 -1.470340812350538373e+00 5.786441691735748627e-01
6.901822392398618833e-01 1.797944267845977828e+00 -1.914250761258826650e-01
-4.286816184518250916e-02 -4.184976531273731926e-01 2.738710050979676902e-01
5.644024789140882070e-03 4.121714952007774491e-01 1.743912047195238235e-01
1.574847103984786112e-01 -1.183250780461009843e-01 -3.703570978418481707e-01
4.222246371586620833e-02 1.929477812880622534e-01 2.811868071000051539e-01
