-7.063119060864149201e-01 5.577390247492190589e+00 3.394260313682876951e-01
-7.454307646981993551e-01 -1.007177956615421394e-01 5.041657460254296286e-01
-7.181046155804264863e-01 -9.110018250588307331e-02 -2.595938290669388970e-01
5.828218613328801645e-01 7.276657694900766360e-02 -1.076001222199268748e-01
7.005273486395595661e-01 -3.789961009340351850e-01 -1.278546717779146524e-01
1.447261975541840551e+00 -2.840934860566375966e-02 2.080988422243928160e-01
-8.464209393943228354e-02 4.408627443285340758e-02 -1.253956279969112020e-01
2.722771458342855277e-01 8.852396840519007049e-03 -1.592127271976360725e-01
1.485801063390404519e-01 3.327275474836184632e-02 3.377909923546228432e-01
2.044667444965062725e-02 7.825519485856069490e-02 -3.733486674228955748e-02
-3.329146823703270086e-01 9.959532916052422913e-02 2.209577566361474732e-01
-3.274680569202076952e-01 1.405160437517953857e-03 -5.584692167646075900e-01
3.202111368952754722e-01 1.212129529757882546e-01 -1.903869137813585799e-01
-2.769118897331686036e-01 1.132661862426661420e-01 -1.069740295141221043e-01
-5.949532230860052340e-02 6.261147751332235556e-02 6.640926892800859405e-02
-6.367375877047433408e-02 2.001974886164402043e-02 1.737977662104751297e-01
-4.999801372771738028e-02 -2.260704120572505083e-01 -2.998039415044573275e-01
-9.673803443236078659e-02 2.355100347350672363e-01 3.689953579952531260e-01
-5.391576553679115931e-03 -1.203178384740458240e+00 5.590812826182398609e-01
2.939306817468425037e-01 1.392804410735612564e+00 -3.179749201481830156e-01
1.538316062548227559e-01 -3.331350805284839511e-01 2.545816806649903730e-01
5.397663037043624878e-02 3.634431509964759499e-01 -3.838966918091462482e-02
4.174647578986405427e-02 -5.719575041178016905e-02 -2.107524087614847386e-01
9.359007690109986954e-02 8.180218689480962813e-02 1.686261546375478482e-01
