2.935253333296386144e-02 2.150496383196007777e+00 -1.058806219521289810e-01
-2.560440949713800873e-01 6.839114440870878997e-02 1.464327563931806242e-01
-1.470322096627136865e-01 3.483956369042864182e-02 -1.136498965574734982e-01
2.609435448332476648e-01 4.090089019072734589e-03 5.718303163897670710e-02
2.426036896167535484e-01 -1.173370690978128433e-01 -1.236430105070818047e-01
1.629244655322207580e-01 3.330102304503677613e-01 -3.989170594032308281e-02
-4.826034766366209955e-02 -1.032187140139036174e-01 -9.710383496225874142e-03
4.331257121719219727e-01 1.428053145628118414e-01 -2.585043286660393402e-01
2.242586960871675306e-01 -1.300240291855748465e-01 3.400846901678322709e-01
1.152882745828265471e-01 -4.920682535665164142e-03 -3.782555021850253323e-03
-4.900160888925746971e-01 -2.483815981720344929e-02 2.679317893710983500e-01
-1.526586433669704923e-01 2.037244866437603885e-01 -5.552819177696519670e-01
1.471100281395289200e-01 2.305977963200141548e-02 -1.296299326570684862e-01
-1.429889528185393499e-01 8.588993317798528093e-02 -1.468965278524351770e-01
-4.142035384184378222e-02 -2.009458096640179825e-01 1.258604749789909993e-01
4.786203744535175858e-02 1.298459479054845100e-01 1.606213090820071687e-01
-7.921889782290066073e-02 -3.732079854671856434e-01 -5.196289344061026938e-01
1.728400581112404799e-01 -9.082731728142222349e-02 7.125408937198155490e-01
6.700240763204702577e-02 -1.172106955789771421e+00 3.609374570361026380e-01
4.206433870187623048e-01 9.570073713728197706e-01 -1.774486068031304875e-01
1.213946348498890770e-01 -2.619942495766987567e-01 1.449592512036221581e-01
2.484061240685352667e-01 1.769233032365038483e-01 1.079875016878302230e-01
-3.343737356809743655e-02 -1.738758758405812010e-01 -3.197879436218858951e-01
-1.008125055698830957e-01 2.492396776401580860e-01 2.690798395238687135e-01
