9.778075811290815045e-02 -4.569575065764760247e+00 4.374390961806113864e-01
-3.145962969616145632e-01 -4.148955955686278035e-02 1.986000465719877928e-01
-3.742070004288161611e-01 1.674830977776876617e-01 8.613247267764591319e-02
3.156012791214666269e-01 -2.202892891214151480e-02 -2.939982119752388573e-02
3.310634218677102614e-01 -2.241611946585307102e-01 -1.868184282081265454e-02
4.623682136377474383e-01 3.036697034470590695e-01 6.735114224534814731e-02
6.465614640569583571e-02 -8.288478803655184579e-02 2.601247159756160318e-02
-2.483503865822797238e-02 1.727291257543086822e-01 -4.824762611129661434e-03
9.485919631529449170e-04 -2.255911250402969220e-02 1.267767051243227916e-01
-3.775554291000170204e-02 -2.262475914525229059e-02 -6.972327612830935689e-03
-2.046677844777964883e-01 1.282779830990715686e-01 1.401672375587493802e-01
-1.483225498051379820e-02 -1.328187566453375816e-02 -2.174886093638277174e-01
4.438255310197990015e-03 -7.190733809976933982e-03 -4.467998172789286460e-02
-5.371588854582159261e-02 -2.138411200496192349e-02 -5.607113194315634930e-01
-3.455994855056515602e-02 -1.414791709390202622e-02 5.160416028079548578e-01
6.296570643844751070e-02 4.667781096834205251e-02 1.600398608898905006e-01
2.881298374691818598e-01 -1.564899472663432711e-01 -7.809117606438535919e-01
2.630413455723895066e-01 2.073068749351887619e-02 8.367834253304434755e-01
2.092746885649799382e-01 -2.861395595937461511e-01 9.876486521876565172e-02
1.954178595950353814e-01 9.454032445376014948e-01 -1.032967978206858761e-01
2.380474776070015952e-01 -1.687627276707828472e-01 2.649107539840980449e-02
-4.337179792132720563e-03 2.427401266657407408e-01 -2.818001883004211949e-02
-7.775830167762021357e-03 -9.473730933009634481e-02 -1.789131548043730868e-01
8.579032604008436647e-02 6.724134425962120798e-02 2.722502202651375658e-01
