4.945930584272244940e-02 -1.858960455976265413e-01 -4.864748113123335688e-02
-1.305756813517731929e-01 -1.603609073881437364e-02 2.489286585139857122e-01
-1.061334664770319930e-01 -3.835429824641497371e-02 -1.968932180442861113e-01
1.115639671398361149e-01 6.990020148497752550e-02 2.650124107996097711e-02
4.627325777424823317e-02 -3.839615330201203713e-01 5.197962680764931648e-02
1.873658325431755700e-01 1.892355620097198321e-01 -1.666463192963931264e-02
-6.599100346601054212e-02 4.568845702581925822e-02 -1.247772575383724117e-02
3.657273842967428412e-01 1.018539800846322563e-01 -1.423275220386425455e-01
1.627447277581301199e-01 -1.237741630953345939e-01 4.606061201313488285e-01
1.535523734778399263e-01 1.073387526632907374e-01 -1.663977120715506158e-02
-4.183644931913777509e-01 -2.038882060428736775e-04 1.056077620684975488e-01
-1.627068836356309056e-01 8.607754398477059088e-02 -6.283197416552986914e-01
-2.211327261413727208e-02 -7.253508534449396028e-02 -7.107304610545218948e-02
-6.880482258223862696e-03 4.197381981380547411e-01 -6.348527325685190958e-02
2.025210551938828873e-02 -8.423769722961027551e-02 8.279052620466104129e-02
-4.093915588241694992e-02 4.730818732609443772e-02 1.363382220992845895e-01
3.886169022761635783e-01 3.736424029145143932e-01 -9.141352611526533112e-01
-2.440829788877865031e-02 2.329548535747593963e-01 6.278753969993851047e-01
8.240113237679461689e-01 -8.121985543177770994e-01 5.462076768877670990e-02
3.369510611491196017e-01 1.439057027938097200e+00 -1.201265569748767165e-01
-1.008586037134471744e-02 -2.735474757809310820e-01 -9.685377360381573764e-02
2.758337455269913724e-02 3.897148750454352828e-01 -4.019039967401746155e-02
8.759195905436209517e-03 -4.273256260116038707e-02 -1.367956215596101144e-01
1.548429665599519549e-02 -2.714314330249924245e-02 1.620200665289805442e-01
