1.366305371946394398e-01 -4.355148854785892532e+00 -6.571445527049686423e-03
-3.956585875513523587e-01 1.246569914420427722e-02 4.584853650904522904e-01
-2.725482999270711915e-01 1.418845670199376206e-02 -1.956377037157676912e-01
4.153496398365101316e-01 1.472894236877494815e-02 -4.446151911183732902e-02
3.608100241421099974e-01 -3.394547580721627433e-01 -5.595344905814067515e-02
7.896153442878467432e-01 2.713155681635247563e-01 3.501647568575223107e-02
-1.690039383628880870e-02 -5.304166128334156238e-02 -1.756779996014673495e-01
4.864150513959129007e-01 3.052693993221566177e-02 -2.757687528556886369e-01
1.582343905097921000e-01 1.652165522907864071e-03 3.572441307010495448e-01
1.215990813486740180e-01 1.437242709516102154e-03 -8.129892787010639665e-02
-4.290084280096982394e-01 5.476211557797985158e-02 2.430403760776642663e-01
-2.397096034356584471e-01 7.243824043879849850e-02 -5.730290481964168681e-01
5.035653240245190343e-01 1.643205475501544055e-01 -3.250537173271209057e-01
-2.859701118164298950e-01 6.435045823051729896e-02 -8.490104997388761565e-02
-2.942175714450570578e-02 -1.713417265563403902e-01 -3.890546289675929359e-02
-1.069403441019466661e-01 4.174740507906726794e-02 1.129069093565974041e-01
-2.222366996791148852e-01 -2.665788101075688421e-01 -1.577118675796920222e-01
1.798046533779650014e-01 -2.434969150239139624e-01 5.579866583018411319e-01
-2.394035336669992908e-01 -1.380863062675782515e+00 6.148595059248934680e-01
6.869931402781852547e-01 1.648363120390693659e+00 -2.383155277344636280e-01
1.300903410291614215e-01 -4.233461138111100364e-01 3.053411857248775063e-01
4.173406253564949236e-02 4.079601060757430675e-01 1.132014706964200590e-01
6.113932004313059332e-02 -9.808129500094418807e-02 -3.045288707238836268e-01
5.437989243199866513e-02 1.657208555823032059e-01 2.456750216468696901e-01
