6.389728041971821926e-02 -4.318745202333336586e+00 -1.264329134579389446e-01
-3.624574434607341078e-01 -6.987142513360707248e-03 5.563180966004312999e-01
-8.284549251588944896e-02 -2.751941880574017285e-02 -3.707532463110294052e-01
3.311558955357653544e-01 2.787679042186559306e-02 -5.341079457895808735e-02
1.558106218138509969e-01 -4.855033641680626677e-01 4.133091311027603521e-02
9.822006448971857262e-01 3.153667924086937524e-01 -1.045835484738152216e-01
-7.137322635473687671e-02 -7.306500219077445568e-02 -2.077866944305278296e-01
5.318066214121136559e-01 4.069515337234169000e-02 -2.762144374114502421e-01
1.685341324674143881e-01 -8.672276194022120188e-02 4.438491667020807441e-01
1.758029189546983229e-01 1.595139441662451682e-02 -1.021609230100786886e-01
-4.102275531267164932e-01 1.106396868869159722e-02 2.392168026185921836e-01
-2.972128954132168266e-01 9.812968959957416026e-02 -6.792562043069639843e-01
5.710653077771316033e-01 1.247510599273680271e-01 -3.585836916037488664e-01
-3.212382377024676217e-01 7.635932796136271627e-02 -2.799694881780739712e-03
-4.733477024360941560e-02 -2.116055346457838271e-01 -1.780483141020997029e-01
-5.792360424029028426e-02 9.570887583467821424e-02 1.521101489326257272e-01
-2.671790200908891744e-01 -2.457257917399270075e-01 -9.821329418276297796e-02
1.045698252286118984e-01 -2.249255893502462855e-01 4.256404848652497463e-01
-2.099226396064668154e-01 -1.409773331154933196e+00 5.917905027460355072e-01
7.506860609556409436e-01 1.731428992499977504e+00 -1.987420228170389269e-01
2.506947244755697995e-02 -4.252745035120380490e-01 3.093191786808217603e-01
2.751997484117802220e-02 4.193893135521331583e-01 1.660833277811279429e-01
1.823732285961191524e-01 -1.125335582239828935e-01 -3.556087733841821197e-01
7.927394554788694259e-02 1.951193163396851282e-01 2.651692352707243350e-01
