-1.894987662527604713e-02 -4.645442544018535180e+00 4.324481279380896770e-01
-4.690060233773032383e-01 -7.121607781503722090e-02 2.179130007689745185e-01
-5.799635139211604118e-01 1.272250134945638045e-01 6.000391591730776936e-02
4.887491823378406486e-01 -2.902438605478463093e-02 -7.037076202171735351e-02
4.577802531359089211e-01 -2.037422648473446729e-01 -7.962031824381940459e-02
4.169568011197534729e-01 1.684267622463860581e-01 7.528107915031860553e-02
6.206936666142956471e-03 -7.658219795489341897e-02 -2.081217126876182960e-02
3.504147154726342528e-01 5.968336227238928843e-02 -9.490996507287167983e-02
3.813954286296778462e-01 -3.819525179993332742e-02 3.136542266385149991e-01
5.030524551225375868e-02 -1.419960529654524725e-02 -1.117383983826869260e-04
-3.604750945395812645e-01 1.522002535546547464e-01 1.053508066773779783e-01
-1.712813541173670295e-01 -1.716299087413524632e-02 -5.426168559947341929e-01
7.235071122886764516e-02 -5.387721312643723587e-02 -1.190733173160186675e-01
1.790973332416848345e-03 -1.841617260266327494e-02 -3.823880555891938648e-01
-2.219547626962196582e-02 -2.784068370090856531e-02 2.915348316673218032e-01
-5.155984238014415383e-02 5.162424437021868179e-02 2.792195153195416446e-01
3.761019359118430994e-01 5.754884823943343108e-02 -8.807390219625754746e-01
2.514097828337118479e-01 -6.571185206721005811e-02 9.574908737718458296e-01
4.590509409085816728e-01 -4.998274692761298654e-01 6.856734921371893110e-02
3.142736906021045273e-01 1.454482950824651066e+00 -1.015307013129975039e-01
3.132611045302802905e-02 -2.001783765604862875e-01 -6.307635121622583163e-02
-1.813065705620157675e-01 3.166534743025177234e-01 2.674696031175860522e-02
-8.921727104504855246e-03 -4.945414218980050125e-02 -1.582584980204328751e-01
4.379084983109217399e-02 5.483195651771678898e-03 2.790008792452908226e-01
