-5.466640383345512388e-01 5.005044978886314944e+00 2.307449500899991512e-01
1.349335242392446510e-02 -8.054401077646440588e-02 3.992242528010184893e-02
-1.009611033416087655e-01 -1.060582034340354363e-02 -8.322860918750422596e-03
5.002484416803764516e-02 2.533951569912479967e-02 2.631729733738800807e-03
-4.523551440516952737e-02 -3.161216792829542044e-01 4.211754627796908054e-03
5.353237991905562126e-02 4.641855451437886665e-02 -1.813435255997049647e-02
-9.172974334245941053e-02 -4.596786510347303234e-02 -7.292934358930483474e-02
5.148167152959781667e-01 6.274500231543805873e-02 -2.637250331238552015e-01
4.278122992904462851e-01 -2.106287250671920741e-01 4.784925909193004645e-01
1.550593427692543991e-01 7.963204409348061119e-02 -2.036309082081371943e-02
-5.394359282718687032e-01 5.302061913854182879e-02 2.946480123008426988e-01
-2.169543226866398333e-01 1.226901509881280355e-01 -8.203453167268563995e-01
6.946252815844869422e-02 -6.584025796559040376e-03 -2.100105064630445606e-01
-1.911611772835237477e-01 -2.029475522588150560e-02 5.901997708846622170e-02
-1.606386790484176375e-01 3.181620440161321561e-02 -1.826821250510148598e-01
2.488223606289088202e-02 2.524617622449211729e-01 2.093485994235750880e-01
1.431969287386083700e-01 -4.692808755085274286e-01 -1.019867141507007968e+00
-8.666290706531634691e-02 4.001492291394598833e-01 7.326396230604053095e-01
4.621057156142817091e-01 -1.777124415671082591e+00 6.227569074366858803e-01
9.188951425417604679e-02 1.881511727867162032e+00 -5.541596778516144628e-01
-1.556093551441563305e-01 -2.537452097251041705e-01 -1.570051132289515192e-02
-1.202526575092685707e-01 2.748254039167258300e-01 7.358032613576283298e-02
-1.038918026383869736e-01 -1.279033613664864177e-01 -4.062609951909004757e-01
-1.108684900235577947e-01 1.632544526978903232e-01 3.852139929890924241e-01
