-6.925053036950033769e-02 3.427377311075668675e+00 2.295814682613041835e-01
-2.111532140554463755e-01 3.958712999411560102e-02 5.372520694050857415e-01
-6.391967381245883262e-01 -2.361139308722122465e-02 -4.288357273217400789e-01
3.422116666272889685e-01 -6.582423773239870490e-02 -8.427518596089507777e-03
8.860694720294650661e-01 -4.055051564789545204e-01 -2.517657322906973957e-02
9.010435717279773327e-01 1.099565946566857522e-01 -1.787690399182806020e-02
-5.142673830029308862e-02 -2.220100494210071763e-03 -6.480742575731805732e-02
2.527468432979724233e-01 1.016608189547271862e-01 -1.114663403696609101e-01
4.280552197508260409e-02 -9.465531214141015282e-02 3.786055207486836993e-01
2.076337623120567411e-01 2.608172887823488953e-02 -5.281256123933284613e-02
-4.694653646717922291e-01 9.558527943018074735e-02 -1.517912721873634560e-02
-2.161884426257426328e-01 -3.412998490275521990e-02 -6.659038595239258340e-01
6.027070313409200741e-01 -2.370792078636007119e-02 -1.850496660386637959e-01
-5.602654555756535898e-02 3.400840833902447069e-01 -5.367983225993438329e-02
-1.390577721163292237e-02 -3.183575011011768319e-01 -1.276838533117186092e-01
-3.753005824248922123e-02 1.479877886872259241e-01 2.103557349382311203e-01
1.718859280400945322e-01 2.458911641820736016e-01 -6.720899329846001802e-01
-1.070802597256920313e-01 -1.215066212182885352e-01 5.235002693627892612e-01
5.686071567268609073e-01 -1.115344217754453027e+00 2.249360545402554479e-01
4.270238542795731229e-01 1.635989083378766251e+00 -1.566763140608764537e-01
-1.444558127552850735e-01 -3.148003847916431286e-01 7.956847321779286775e-02
-9.501795676705730720e-02 3.973289912818036562e-01 4.063506574500844876e-02
9.051713418419776724e-02 -1.026128337522709197e-02 -2.203451964401350327e-01
5.435038648858567939e-02 -8.881675864737989881e-03 2.924894952704287232e-01
