5.434316564090158064e-02 -2.827159633196944521e-01 -7.506965034485556243e-02
-1.530971589069613226e-01 -2.173950906980979397e-02 2.719729486392598039e-01
-2.382985395765693515e-01 2.123488494187408815e-02 -1.734124109792869739e-01
1.519112710401814559e-01 5.206722122222417343e-02 4.613692776344749391e-02
2.204608650076332887e-01 -3.674759395707360432e-01 7.264786534268610763e-02
4.295797550097520401e-01 2.084454960075693142e-01 1.260973397184536604e-02
-1.520975167485981092e-02 5.649246995783450270e-02 4.524031156530578836e-03
2.325473296994474970e-02 1.304957288703038898e-01 -2.393785945002905452e-02
-1.400271464313400105e-01 -5.431691802162638694e-02 2.780202570909075521e-01
6.511557421479373386e-02 9.523475317214025182e-02 -1.770972509291396033e-02
-2.823992290040404085e-01 7.764293036829444938e-02 5.115732774077044048e-02
-3.586948637153818814e-02 1.705415406458547084e-02 -3.535015241609917314e-01
4.499426758144910166e-02 -2.087564498993972964e-03 -3.019556069868827020e-02
-6.643528142271148962e-02 3.386981203387777750e-01 -2.408567144700003437e-01
2.648818967226785129e-02 -2.798508325818406875e-02 2.321095066435989174e-01
-2.663710569532712347e-02 3.070717757035140716e-02 8.343696900697987473e-02
3.928489630199609173e-01 2.430436186998857495e-01 -8.914794934555571038e-01
4.695446179824489669e-02 2.101150377226629062e-01 5.858630084349926159e-01
5.888038568241688031e-01 -7.324639393812244492e-01 7.428652524444102900e-02
3.239032049682648018e-01 1.300131330549019637e+00 -8.868731938407460602e-02
2.337068453070961435e-02 -2.912900703912159606e-01 -2.978213523652789227e-02
3.833612967179379077e-02 3.941135042711050307e-01 -7.704050849046956140e-02
1.360785553607083559e-03 -5.019187726696183738e-02 -1.608136085026669049e-01
5.044426131151291681e-02 -1.535138037908037427e-02 1.872097256087366379e-01
