-6.688141992350689347e-02 3.419234493341986703e+00 2.002082381177601456e-01
-2.022309563003617250e-01 6.257143037852055945e-02 4.347698707390237338e-01
-4.278302844686578954e-01 -2.680048187991909692e-02 -4.169510507311008363e-01
2.719116514739836621e-01 -4.549505439468028850e-02 3.369794720691453999e-02
6.068090819206389819e-01 -3.229960156960015594e-01 -1.432527435677238489e-02
8.566439465456349156e-01 1.579461371594337027e-01 -6.320709875836857949e-02
-4.968963775527068111e-02 -2.666349399281426127e-02 -4.037478796988377278e-02
3.114220072236115744e-01 1.380388518735619907e-01 -1.238037558722997200e-01
4.232401342966075203e-02 -1.298706278486486121e-01 4.081830594052061056e-01
2.298832067355264797e-01 3.314439833773128591e-02 -4.856014746406096816e-02
-4.368979892243017860e-01 4.431622518978121927e-02 5.351889298764666431e-02
-1.870660429956956250e-01 1.613803047511045904e-02 -6.728212042487353717e-01
5.877962984351583486e-01 -9.453312364271927726e-02 -1.761980128787810074e-01
-2.550951225895675342e-02 3.801746481966574165e-01 -4.190625348061233907e-02
-3.208443977849650963e-02 -3.300995700282068346e-01 -1.200598131946799818e-01
1.051347808300150642e-02 1.573929245816420297e-01 1.854696131559711303e-01
1.867686667011436985e-01 2.950515280057227629e-01 -6.936199343907070158e-01
-1.314635047849545268e-01 -6.743288407205555446e-02 4.705291131407216554e-01
6.398157342937934589e-01 -1.120412316733068625e+00 2.047474284590334037e-01
3.381251675776365540e-01 1.697522228073366390e+00 -1.666743386438298558e-01
-1.739910497995692529e-01 -3.165711404317783084e-01 6.084528386885658391e-02
-1.158897584957314097e-01 4.142228890708849476e-01 1.543990370528670539e-02
8.069932868209488130e-02 -4.263191233120813828e-02 -2.498281612858911649e-01
2.354648963654936214e-02 -3.542424864932817389e-03 2.956289259297543714e-01
