1.016414248664404274e-01 -4.138110388650645177e+00 3.891492468021464091e-01
-4.232204228950504632e-01 -1.180329120308998281e-01 1.778549077903877340e-01
-4.981026068023574060e-01 1.622186353087446409e-01 6.018353924427052165e-02
3.266603164717779562e-01 3.180346912357837064e-02 -6.370302559984120485e-04
5.161718757891601284e-01 -2.659208996801712410e-01 1.607754569920039761e-02
6.150767042147208263e-01 1.993712021158227932e-01 6.836831706236971840e-02
3.692352413815312012e-02 -1.956164957796241444e-02 1.803257441311868076e-02
-9.934451079073457203e-02 1.701715299642484192e-01 3.351191875494017453e-02
-2.708371027407114329e-01 -5.413915417988495599e-02 2.077295146623669639e-02
-1.061949635461906377e-01 1.922006327096874648e-02 -3.723681684463241246e-03
-1.840018124380317643e-01 1.584124894255772020e-01 1.444331684137197536e-01
7.648913716850623545e-02 -1.880549438503285181e-02 -1.179210942088922409e-01
4.024435647667923277e-02 2.301244164080419596e-01 -1.757750175664774261e-01
-1.229239170356477145e-01 2.150559597840527234e-02 -6.076818264389615143e-01
-2.995512479098656408e-02 2.147535219300284598e-02 6.530224394186733283e-01
1.531068363952763078e-01 1.946401518627047245e-01 2.972163496082011122e-02
2.850133628634405891e-01 -1.819728082724250962e-01 -6.671407299861581430e-01
2.764349252195235085e-01 8.870416699906134850e-02 7.470121519912801267e-01
1.414728883059858944e-01 -4.481271431237124903e-01 1.499231847389473071e-01
1.545881953255037466e-01 1.205188682399586764e+00 -1.620533354736533871e-01
2.106265936215354073e-01 -2.284366240123708869e-01 6.690173831108654767e-02
3.080053548782009723e-02 3.208148364338647696e-01 -8.828820474416101960e-02
-3.511738312799262546e-03 -1.130381272228023204e-01 -2.250277469179653711e-01
6.511786085103239696e-02 8.501065623331989507e-02 3.394988728301952530e-01
