5.614680658140711045e-02 1.583549980090560583e+00 -1.978079029733491312e-01
-1.001207111985169124e-01 9.273295721521752910e-02 2.655013622623381697e-01
-7.912911701932359709e-02 -6.162482349737253423e-02 -1.581095925694750715e-01
6.786992829548420259e-02 1.275440643441959733e-03 4.269683748865679696e-02
-7.419115960473822435e-02 -1.914963626129543850e-01 2.652347612004560609e-02
1.266510553333019817e-01 1.771276706724518590e-01 3.792087852977076966e-03
-1.599426457784001998e-01 -7.963285310827659946e-02 -4.605208825083451779e-02
2.155181566170696617e-01 1.877876149387971427e-01 -1.904504636205580914e-01
-2.544540034759571953e-02 -2.277279030117113079e-01 2.936944338375927499e-01
1.646660637446831776e-01 1.989086202266632589e-02 6.788468432179378849e-03
-2.976123447742221595e-01 1.312841681763689435e-02 1.372648036293918350e-01
6.946546907370208107e-04 1.304762140140870441e-01 -4.105634623964126151e-01
8.027495752127976336e-02 6.299863427774558822e-02 -9.167632926296911955e-02
-2.419002718144683539e-01 6.130313009499292060e-02 1.591389174947527851e-01
-9.612481157245125751e-02 -1.139199983831142154e-01 -2.092420373614032048e-01
-4.512832669417417980e-02 8.246826575439251961e-02 1.396622307225546256e-01
-2.597400395361619818e-01 -2.880007218142546233e-01 -2.584915366745705878e-01
-1.196591117017567624e-01 -8.439003248023932424e-02 3.769839652122778939e-01
2.635694634686060189e-02 -1.164847890707273459e+00 4.333657182450612599e-01
3.100546215554728646e-01 1.374216141124887436e+00 -2.582215986893663384e-01
2.499374176768164590e-01 -1.833240949293203914e-01 4.678951213880280791e-02
1.323431792690965003e-01 2.029404834979726679e-01 1.098169722860921765e-01
-1.326701273494098332e-01 -1.699559716673557930e-01 -2.503251959448520858e-01
-1.231527994069495507e-01 1.948807566077611630e-01 2.329543360506163563e-01
