-3.960789105801632015e-02 -4.312171607681761110e+00 -7.561446145786879236e-02
-2.533134260460531695e-01 2.942984254409211631e-02 4.247957275857446313e-01
7.992537334830628060e-02 -3.644619449168984976e-02 -2.890975441605407315e-01
1.603376613172446952e-01 3.645449701464557185e-02 -3.501706116247089301e-02
2.666181156359292287e-02 -3.157293337829369939e-01 1.189970948151554755e-02
7.152408100501361776e-01 3.133650616057838123e-01 -7.665659018813170134e-02
-6.166620389922538442e-02 -8.797897474409470397e-02 -1.873141259550966387e-01
5.022858682298044775e-01 8.610999178755850136e-02 -2.671801921309631123e-01
3.394404808307256438e-01 -4.433902205562297028e-02 5.050716840636824134e-01
1.863003798832204017e-01 2.337404764686610431e-02 -1.046243719736411754e-01
-3.995939998575649965e-01 -2.293167232004317616e-02 2.632859215756176985e-01
-2.997675165930381302e-01 1.194188461339331514e-01 -6.766439260713313919e-01
4.915215145501641292e-01 1.142356439094514148e-01 -3.232648006540926322e-01
-2.866778538049530867e-01 6.764616109776803998e-02 8.814056333472363239e-03
-5.263143777696079745e-02 -2.097986406190631148e-01 -2.268612948795184492e-01
1.788977944586738877e-04 1.715464395470653880e-01 1.268515620379440934e-01
-1.883825901443968165e-01 -2.730969734485351186e-01 -2.810709923258158383e-01
6.772676036063367266e-02 -1.441812703543658980e-01 4.131245661769852306e-01
-1.339825584851826734e-01 -1.521763314195165639e+00 5.850971401415702156e-01
6.253707601119209425e-01 1.839209055215045296e+00 -2.084660355964831902e-01
-5.366755413998797186e-02 -4.118319893614026950e-01 2.324633990049581045e-01
-1.780212488196657172e-02 4.086137693966410134e-01 1.764322700163971913e-01
1.024485007169212147e-01 -1.184040202805618225e-01 -3.622057865851348590e-01
1.927336180666459897e-02 1.875168561145771073e-01 2.841244696049207152e-01
