-2.160053961189893970e-02 1.626219209050102199e+00 -2.149517470542370579e-01
-1.780149690001599505e-01 -1.089038314770708962e-02 3.305250561269766352e-01
-2.616283276723948004e-01 1.818865627536539464e-02 -1.273599223021713300e-01
2.435640197205403423e-01 6.202325067107614109e-02 1.804658673131854726e-02
6.622376105206284787e-03 -3.564605139939084899e-01 9.138247976966892838e-02
2.021894950749240083e-01 2.074501482146027531e-01 8.409291641075269941e-02
-4.212686156406617727e-02 7.820557806165451264e-02 -2.490828008301064315e-03
5.243614784027011977e-01 5.333737409447117384e-02 -1.768769981760731080e-01
1.539187906985937937e-01 2.260992092685297147e-02 4.910818519754641120e-01
1.347723703173730747e-01 1.136989041160166025e-01 6.733033418540826376e-03
-4.413279460671053478e-01 7.251490469426756513e-02 1.082138128450769177e-01
-1.753662002696903810e-01 1.023162518903629643e-02 -6.874101423033630587e-01
-3.595968180595479624e-02 -1.554287011555330056e-01 -9.035973254633521828e-03
-7.085318272982346101e-03 4.238892429363782521e-01 -7.592378128647205016e-02
2.418195326354142735e-02 1.366978422167439838e-02 1.044762101025319134e-01
-1.966037809159134897e-01 -1.300722063254394212e-01 1.995791466147748827e-01
4.402712417701683534e-01 4.699222225871623193e-01 -1.043318179066278217e+00
-2.618960710434315234e-02 3.054397735626727117e-01 6.864126736951703389e-01
8.144572662186004841e-01 -7.225037667581954981e-01 1.003474648120648155e-01
3.413916490573542517e-01 1.556636135817815347e+00 -1.625185211465178803e-01
2.333910165478942506e-02 -2.755978804593241516e-01 -1.613273022206772322e-01
2.639711537547452178e-02 4.270713904306425168e-01 -5.819559630272495843e-03
-1.015700574084772538e-02 -5.819521739501045711e-03 -8.540056167548280841e-02
3.149879658788801856e-02 -1.070351062027015826e-01 1.015875680078255766e-01
