2.074445834024294527e-02 1.973346799921406047e+00 -2.067695640177232008e-02
-4.249825626253093680e-01 6.426233925546806502e-02 5.034070576087430471e-01
-6.305982509374283285e-02 -3.720100291138144638e-02 -3.650289522347137106e-01
3.049050519989589536e-01 1.056131709287798370e-02 -2.649476171860849771e-02
4.211606121957262028e-01 -3.057616188654581069e-01 -6.172049543497577090e-02
7.895196730026502463e-01 3.892205547407537880e-01 -1.279092106831437592e-01
-1.436696280668726955e-01 -1.338300278353971584e-01 -7.792479866498298879e-02
3.780392605163795383e-01 1.474063635431910324e-01 -2.231545064583842775e-01
2.743858586822640055e-01 -1.417577824491302041e-01 4.258628859146879608e-01
1.809211434247562367e-01 -1.776429356179713703e-02 -3.068142810918858543e-02
-4.222874068297566841e-01 -4.038336270088260793e-02 2.048107021922643545e-01
-3.236399530648434442e-01 1.401135899272292762e-01 -6.277513301059132189e-01
4.200658269502841602e-01 4.852898362484618644e-02 -1.512988801046458720e-01
-2.579772938111152270e-01 4.655809133483745921e-02 9.413633751114182380e-02
-7.943632652367567382e-02 -2.354046426380309309e-01 -2.009208174611281095e-01
-3.952024249110040743e-02 8.355883829601502832e-02 2.514191835624116078e-01
-3.911921243037220774e-01 -3.058916429401251635e-01 3.735471362107029708e-02
-5.406808340379759895e-03 -1.921061292347007454e-01 3.556325675050716617e-01
-1.504878237006316843e-01 -1.123227254987269053e+00 4.301493206634477984e-01
6.914913277593770502e-01 1.175910183155491229e+00 -1.188305084527218891e-01
7.511730867169859327e-02 -3.068425255950301134e-01 2.458560379976156007e-01
1.963331767301269293e-01 2.382929472938429549e-01 1.818388916315843151e-01
1.917798585821429147e-01 -1.236183769049807452e-01 -2.883068156837437224e-01
4.608477637021859280e-02 2.201447188536428123e-01 2.144273632513347405e-01
