-6.281118668015572837e-02 3.377283773616349905e+00 1.792526771366729221e-01
-1.414748136767431108e-01 3.998121743975805581e-02 2.889609134011190128e-01
-2.126617766760005301e-01 -2.326856585690298754e-02 -3.172047239048838008e-01
1.826590413933092127e-01 -1.929594805644730543e-02 5.298292006267101700e-02
3.301022131289310657e-01 -3.251460678383045755e-01 -1.823999391026208741e-02
8.154153475440508725e-01 1.804064501840804413e-01 -5.753938416691171259e-02
-3.364466815589019916e-02 -4.088971642692353775e-02 -1.689578529057909201e-02
4.639362240010937999e-01 1.419089515792550382e-01 -1.770723603275167479e-01
4.301142716936293131e-02 -1.723840499006267790e-01 4.198679906851567889e-01
2.508141079491994496e-01 4.063537110886961123e-02 -3.767626893242378983e-02
-4.647871584168603021e-01 1.568860669741424475e-03 1.543015825695429610e-01
-1.672352761375793251e-01 6.992592634215905045e-02 -6.911329250725288809e-01
5.461385504448393879e-01 -1.467931687295001009e-01 -1.738417604785216786e-01
1.701296496215591592e-02 4.180031239335866844e-01 6.854864474589966294e-05
-4.809195977879076461e-02 -3.134798885491978937e-01 -1.065086936496723174e-01
4.756648913626129738e-02 1.630499556238487746e-01 1.742703959007247672e-01
1.996236095503376162e-01 3.328524625127006198e-01 -7.230452763495236468e-01
-1.346942368836638593e-01 7.178525797444742888e-03 4.745380903883911761e-01
7.336522902965365578e-01 -1.106301539401800316e+00 1.732643816492173416e-01
2.431384328391240357e-01 1.761700476241867097e+00 -1.994574087945424345e-01
-1.629681836241367587e-01 -3.127334345066841714e-01 1.265449157879850774e-03
-1.594138077658039665e-01 4.408779741636025262e-01 1.441535430777652824e-02
3.727573204168282972e-02 -6.740264438235128719e-02 -2.822878179865783710e-01
6.467545862639672259e-03 -1.096548784305612610e-02 3.015159996742822757e-01
