5.315906592564901244e-03 1.538304686076696237e+00 -6.065501941926887408e-02
-2.089418660722777710e-02 9.843599460430298154e-02 1.713647547304578689e-01
-7.537534256634215168e-02 -7.423562724187560136e-02 -1.333036722930444340e-01
-4.212078826865712361e-03 2.230753317596582269e-02 3.347136321330953374e-02
1.994512529508232074e-02 -1.249962345413640485e-01 2.965123933748103902e-02
1.182889487799062972e-01 1.150288727709391640e-01 -9.569916342265708323e-03
-1.030639196829680193e-02 -4.124739500669311748e-02 2.535650365295168476e-02
4.912217458082433763e-02 2.055704985933858864e-01 -6.951680092041545578e-02
-6.582699777587841528e-02 -2.063498311175780975e-01 1.717466246634057891e-01
4.593983912824971261e-02 3.008817430746173541e-02 -8.040119407364555368e-03
-2.460403234637959513e-01 3.455322646094654421e-02 6.836271311269392914e-02
6.931895199334255075e-02 1.013598539638621704e-01 -1.873123273640050213e-01
-2.365151281173668088e-02 -5.809834744416797481e-02 -2.526642253059718790e-02
-8.652806414376650046e-02 1.385740884069925349e-01 -1.921141445031454842e-01
-2.061387756287671319e-02 -5.948704143983638004e-02 2.309339920887585329e-01
8.932517706602990937e-02 1.010221770993510043e-02 4.526997389136622890e-02
2.194438965411319720e-01 -1.406890597162484546e-01 -7.195929253073061194e-01
1.132820363127789165e-01 7.183026411469177475e-02 5.982640759759348947e-01
4.421841119588323932e-01 -8.430028008762124880e-01 6.162890537746841535e-02
3.209393087306265380e-01 7.897833323249978665e-01 -3.767462620074015205e-04
2.278807279218011961e-01 -1.572795016683965763e-01 -5.661044462615442280e-02
2.440953025646785679e-01 1.473685219860723650e-01 5.257939113898958683e-02
-1.773818855017614271e-01 -1.603595242643636731e-01 -2.432369176230042840e-01
-1.454981912892869267e-01 1.714737712060044050e-01 2.705036748995052753e-01
