-5.246273394260956430e-02 5.502016045691946466e+00 2.778603567770500105e-01
-3.880595493569613530e-01 -9.499905553560503146e-02 3.739551334809157468e-01
-9.915084852627943299e-03 -1.052292653751348561e-01 -3.614504927251950273e-01
1.722214317870828793e-01 1.027499026147954270e-01 -6.551192883217436813e-02
5.254739325053221499e-01 -3.560804441226982364e-01 -1.119175797139820294e-01
1.413749508610204542e+00 9.484557662941454914e-02 3.505808664297976884e-02
-3.508031830861962908e-02 -1.955797378198852188e-02 -9.238831509364379968e-02
2.143548058463526640e-01 1.014502493257642829e-01 -1.005240834070123268e-01
3.151167001676784540e-01 -3.566471164811384209e-02 4.765875132312046847e-01
1.534119448505012195e-01 8.388013202446768790e-02 -7.054859014496621394e-02
-3.548011818108390281e-01 3.480550501686379555e-02 2.653542903787077245e-01
-3.761792269275323619e-01 2.206832953961293878e-02 -6.589169899916355044e-01
5.461474616235306723e-01 1.773260776601087024e-02 -1.587425728172006112e-01
-2.198146246339962584e-01 2.207801251740023896e-01 -2.914869073101402849e-02
-1.341334406411394398e-01 -1.179421245764059045e-01 -1.241112642089970824e-01
2.523035469251230095e-02 1.826178503132006026e-01 1.518570136625682909e-01
-1.112038667691986685e-02 -1.339850688371843901e-01 -5.068209297001240454e-01
-1.910265238972637392e-01 2.308216652167693062e-01 3.141755350836385463e-01
1.953266797843292435e-01 -1.523906989796636857e+00 6.086422996161314769e-01
1.806259527416787802e-01 1.916668343116699535e+00 -4.238628949650010136e-01
-9.680236515355358784e-02 -3.549074658547080041e-01 1.554431065645627275e-01
-1.228641702938788327e-01 4.159201966363363367e-01 4.848825636186174931e-02
6.310029636699689137e-02 -7.827795604395164364e-02 -3.769229888060391387e-01
6.650541114686978061e-02 7.917971443770967233e-02 3.162186261595050785e-01
