5.973763339248193416e-02 -4.941595799841481673e-01 -6.135647736988339429e-02
-2.204470867832682424e-01 2.721348175529149024e-02 3.164038680569999928e-01
-3.685487196411845190e-01 8.217094491882394325e-02 -1.888056844586205318e-01
2.714144194872558646e-01 -9.323047334961642729e-03 6.268476963716856920e-02
4.221631739347255774e-01 -3.078464674940856738e-01 -3.318584018306412059e-02
5.144325552361218579e-01 3.067252300580202706e-01 2.744752996402834849e-02
3.698587884534641074e-02 -1.336773579991515706e-02 9.233071098502724020e-03
-9.538064516260225112e-02 8.334768302540815355e-02 -5.644220775525377737e-02
-1.738345480987788794e-01 2.602254541380241704e-02 1.665588839781278752e-01
-9.197126391340628218e-03 2.423686862829317612e-02 -2.124775222898322297e-02
-2.908462302526418353e-01 1.070456241685808357e-01 8.730912369196526523e-02
-9.642171042712036760e-03 2.882412075332050835e-02 -2.227421595947147726e-01
5.809377901880555944e-02 8.272692159381812849e-02 -7.888185142350888357e-02
-1.183007225371073140e-01 1.024353661339907767e-01 -4.527440017126765359e-01
3.598197935188326285e-02 -6.505266583400272362e-02 4.057790058077153095e-01
4.551163403438143566e-03 5.219802688455028178e-02 3.694528054459281924e-02
2.572253579364005560e-01 -1.713575620319574000e-01 -7.856448124631029151e-01
2.472220330976677427e-01 -3.906320980890873318e-02 6.943342475274973946e-01
2.004321901448480880e-01 -9.277376976174759315e-01 2.158989980236148409e-01
4.130245173110986268e-01 1.000365222227261652e+00 -8.334675390382297044e-02
8.670910558113423261e-02 -3.296499737309088185e-01 2.155677593608534837e-01
1.454552352596534259e-01 2.999565534287693125e-01 -8.666257990317000059e-02
2.081889201684734413e-03 -1.098735327920835197e-01 -2.505029618743584985e-01
2.826843990117607411e-02 1.321578343091337482e-01 2.545141362399947482e-01
