9.762451755073532633e-02 -3.916914921833107854e+00 2.176583320578983349e-01
-2.340748678595341858e-01 -1.484452558700034008e-01 1.030273052092533642e-01
-2.158050265057306905e-01 6.851578893229480494e-02 -3.291748650242630470e-02
2.045397015127084772e-01 1.114491137723017944e-01 2.447088268903875943e-02
2.027286495782072706e-01 -3.502849540702443476e-01 3.951160677691716028e-02
3.196939641693468670e-01 1.367607595964829559e-01 2.166264073849625757e-02
-3.594647465227817501e-02 5.366171137942708086e-02 3.825034700650489176e-03
1.793911141238553608e-01 9.656056432030711567e-02 2.790806110422321736e-03
-6.247835714866260826e-02 -7.861972284680095180e-02 3.410289268134266694e-01
7.228452293541950957e-02 1.280593489522078021e-01 5.208141996977006492e-03
-3.210819749255563460e-01 1.415282150674146699e-01 9.859117407547342282e-02
-4.821407729275620918e-02 8.032609700648708773e-03 -5.351337991020297391e-01
6.917753527619671661e-02 1.542593817806121870e-01 -1.829078852269432343e-01
-6.707794582794153471e-02 2.330721952195022872e-01 -2.078942822899834675e-01
-3.012870590589026426e-02 1.510299664315238044e-01 3.110904163671590617e-01
5.756325133023375978e-02 2.159201491223954883e-01 7.324082000441503593e-02
4.142236270079622251e-01 2.132567676700422854e-01 -1.084419728884122414e+00
5.648376035703465969e-02 4.964417880025997487e-01 8.337041187498479555e-01
5.958395668704197234e-01 -6.110512688018474581e-01 1.533008476324344282e-01
1.453752533711928363e-01 1.767192262631264832e+00 -2.524518687969294906e-01
-4.042608239829775796e-02 -1.771083690075450912e-01 -1.950509615732247404e-01
-9.090751904468177824e-02 4.030325382963720338e-01 -9.082418894465656145e-03
-3.642735198788880219e-02 -4.139351740683282904e-02 -1.797159302103504830e-01
1.414305434251434193e-02 -6.722376337252559952e-02 2.561779852570122418e-01
