1.003672645789893958e-01 -4.253534437824935122e-01 -6.384546676104010943e-02
-2.610093423093164944e-01 -4.648477944431178913e-03 3.086078102851355642e-01
-4.580608448587452086e-01 8.236981684841475360e-02 -1.781365532864097045e-01
2.656507724156293992e-01 9.515646173982369310e-03 5.568397850662674259e-02
4.088789100489158002e-01 -3.322618860492463910e-01 1.209499331206990297e-02
6.408320787911280236e-01 2.560505091306721215e-01 4.502312106137117825e-02
1.940414766702212510e-02 2.804346391601919217e-02 9.309489408410009589e-03
-2.194507649712792996e-01 1.342198689560705760e-01 4.151742633240053750e-04
-2.683584182744355173e-01 1.006209423061052780e-02 1.117751453525313021e-01
-5.586737727949925292e-02 5.118696198092251293e-02 -2.339417440770182738e-02
-1.943090872298879335e-01 1.009715027205115162e-01 9.119603673613985162e-02
1.897767632161228429e-02 1.285197398215591133e-02 -1.324518410026220006e-01
-2.551547062529579100e-03 8.263932431915074761e-02 -4.904103860942892607e-02
-1.392032371717175643e-01 1.705864976159321977e-01 -5.346419014877400455e-01
3.163365242423870488e-02 -2.078605966691112611e-02 5.021884980008225474e-01
4.242532886620906107e-02 5.584401770838774010e-02 2.618006357288647085e-02
2.856228843351250601e-01 -9.051560984689045741e-02 -7.442728587901749071e-01
1.825410032078877420e-01 8.040728816024199366e-02 5.811079062450528188e-01
1.244599731740304166e-01 -7.229323947557446672e-01 1.952472176051421593e-01
3.084180585799145558e-01 9.139385698232640465e-01 -6.449227645129462783e-02
1.345785451197519800e-01 -3.041646757263135603e-01 2.231338094988140897e-01
1.956303681295475938e-01 3.170051923682143391e-01 -1.504032533630939583e-01
3.520751447383951849e-02 -1.025333929978807512e-01 -2.033182614786497311e-01
7.495684385365841695e-02 1.025457639889796463e-01 2.145530559264064718e-01
