1.830221987610691423e-02 4.989616539949008334e-01 -4.572408942614376859e-02
-1.342753588353263472e-01 5.533029531429226044e-02 1.296140786528303668e-01
9.716762658768404726e-03 -1.440497926396000841e-02 7.075895316796126239e-03
9.325733038497538430e-02 4.016548570316834377e-02 1.913602229766543303e-02
-9.563974284454981878e-02 -1.319369927147908683e-01 -9.756450048576113029e-04
7.901814550422114891e-02 2.307122303751032166e-01 4.114487977262507729e-02
-5.850243073151377426e-02 -1.240197689151342937e-02 -2.406352523479896380e-02
6.243392594231321757e-01 2.597955939341953790e-01 -2.509583459581703480e-01
4.010777864349398536e-01 -1.785463831499022047e-01 4.340232600692676135e-01
1.955367546553282432e-01 5.827008444544162086e-02 -2.515817769430876358e-02
-4.408732834938032807e-01 -1.142005742420029446e-01 2.705448617619524154e-01
-1.768645963092313755e-01 1.689973031991395258e-01 -5.826666382202181360e-01
2.306280135102858897e-02 -1.214259034043279339e-01 -7.890011694401385944e-02
1.281760716172487650e-02 4.426693448185554658e-01 9.713706740330582332e-03
-3.397778330435668580e-03 -2.596611117016450754e-01 -3.797981182376270609e-02
-7.435164640569175143e-02 7.111271613942198033e-02 1.532119591434707995e-01
2.471868889514737266e-01 3.030233206315309236e-01 -6.896947484518467508e-01
-4.455788730278246318e-02 4.117477779583506026e-02 4.495432956734891627e-01
7.126396582015187553e-01 -8.061434420602076045e-01 -5.429808593983061898e-03
3.374186341363359931e-01 1.227189325056921465e+00 -5.655132931520789191e-02
5.023409392022858827e-02 -2.625118935002037635e-01 -9.316570956614628196e-02
1.063641924911467584e-01 3.257421626790625302e-01 -9.132321967560272022e-04
-2.742846333460137107e-02 -6.734913933873369618e-02 -1.319529119429783959e-01
-2.747141746666613774e-02 1.525596063048865157e-02 1.690822083577583346e-01
