-5.176031331259690615e-01 4.430260364582075283e+00 4.170357202450357126e-01
-9.014497496468737436e-02 1.635836889706636724e-02 1.061693801204004473e-01
-4.269786786630118125e-01 1.697676043888661501e-01 1.457025201603732723e-01
1.815007605032446236e-01 -9.508654075702742403e-02 -9.929743451655162478e-03
3.259774156775659404e-01 -1.041501874598494276e-01 -4.214564896024173418e-02
5.100528962434439650e-01 1.883763496018159844e-01 1.186543495200715337e-01
2.923434753057173666e-02 -1.046987112322123048e-01 9.472115272009486164e-02
-8.335179391669313154e-02 2.099804700765998955e-01 5.319251733927243299e-03
2.091894425650427450e-02 -3.419272543763485911e-02 1.076498172047501006e-01
1.316332023305362767e-02 -6.412750545315266948e-02 1.102516963206749169e-02
-2.793707693115790591e-01 1.443650108834986512e-01 1.489464311926968765e-01
2.107450646100272537e-02 -5.475282926367449482e-03 -1.800464150459759882e-01
7.845198206815950925e-02 8.508690317107739376e-02 -4.863622152372649998e-02
-5.326637739843147895e-02 2.441478670320352748e-02 -4.188560262476913043e-01
-8.997052982415784661e-02 -1.751739869142371897e-01 4.404057570576851433e-01
1.090106824105239874e-01 1.375330958321691055e-01 9.656760227369882987e-02
2.581257319963139452e-01 -3.734472251583504376e-01 -9.401159304064841127e-01
3.190006430147779293e-01 1.237270028038679184e-03 9.433226177525256828e-01
2.546651549832111283e-01 -8.089938629967732275e-01 2.159203851243437777e-01
2.041914535527645513e-01 1.173710970319635782e+00 -2.543679026038420665e-01
6.104226978216488464e-02 -2.144681946362623770e-01 5.976437239422926345e-02
-8.832893138138964151e-02 2.304161463821221834e-01 -5.427446033494041921e-02
-7.929507674455950339e-02 -9.158405235235476949e-02 -2.740373458789761574e-01
4.973769551478903622e-02 9.339736386736192941e-02 3.690177611070338259e-01
