-9.285746520999836606e-02 3.724050015648575407e+00 3.407867726888338944e-01
-2.150262343960196720e-01 2.869551941365010642e-02 4.199443342127558987e-01
-5.917367036439753480e-01 4.731911989210771385e-02 -1.747772233972833267e-01
3.359347540328244119e-01 -9.415768947579190862e-02 -5.097038254605952556e-02
1.020406175557480699e+00 -2.580984395642823004e-01 -1.112350861315575257e-01
7.631833275050227128e-01 1.547470188835305682e-01 9.384090413884552118e-02
-4.982557111067324046e-03 -5.233564358137083455e-02 -6.306733635393678428e-02
2.602575042022701735e-01 9.302802193148790311e-02 -1.053974501118469936e-01
2.925540372116590682e-01 6.190399064234764718e-04 3.455520868898572240e-01
1.779025920644911607e-01 -3.022636363945374952e-02 -5.091869309208295336e-02
-5.172166116376396561e-01 1.255834603018426421e-01 -6.144726610988038686e-04
-2.501356450796963227e-01 -4.520636008915273479e-02 -5.653731059156918981e-01
5.331775830470923960e-01 6.502072052898864862e-02 -1.565183060347068722e-01
-4.471026151383034747e-02 1.862951724279746091e-01 -8.304852869881659827e-02
7.720891268158683318e-03 -3.317184936995944966e-01 -1.282473123694800599e-01
-8.561228513991760158e-02 1.597709480152384454e-01 2.206401809055517360e-01
1.697750638260119849e-01 9.392733919233792195e-02 -7.021554022368418080e-01
1.010739248784502664e-01 -3.020691670749580116e-01 7.084690431247315789e-01
4.615945342693740794e-01 -1.115205945119699615e+00 2.171900125140430737e-01
5.989310485051456689e-01 1.620040737595178859e+00 -1.210654553345718171e-01
-9.999085169933588646e-02 -3.271135048144619417e-01 2.910548929531968712e-02
-1.346447980434591074e-01 3.727136705492123947e-01 1.212280801985695100e-01
1.041620732283436018e-02 -1.903523265144459620e-03 -2.139497648910720640e-01
4.993179170611718870e-02 7.602089144041672061e-03 3.220184292820432170e-01
