-5.829882093546052968e-02 3.242847376274245796e+00 1.361987201471910325e-01
-7.502507372904537730e-02 -4.189430639416185645e-04 1.596497017012518671e-01
-4.798915092532172327e-02 -6.206751877441320231e-02 -2.501198110789566997e-01
9.393325463264685926e-02 2.786178972173294216e-02 4.186688161338202041e-02
1.195410600835196541e-01 -3.545707542898055564e-01 -4.827159197578782812e-02
6.554200168275616800e-01 1.289254585737744652e-01 -2.726557126939513007e-02
-1.917681638033399624e-02 -2.905970748788560751e-02 1.365359515993896412e-02
5.470011588633126864e-01 1.306263490055289134e-01 -2.034599822318295115e-01
1.789811443392110846e-01 -2.060267336340794453e-01 4.664776270134941005e-01
2.637596244677239410e-01 6.141196764809611630e-02 -2.416879219530876019e-02
-4.744691086877613762e-01 -3.827027610422324699e-02 2.206605797287440329e-01
-1.913511079778295876e-01 1.141733838876781010e-01 -7.208155464663759115e-01
4.673546179244923438e-01 -1.739693376762671551e-01 -1.575392068342393037e-01
6.305575866540792662e-02 4.743039560263253573e-01 5.737177626467102054e-02
-5.317206814849585045e-02 -2.726119228018983875e-01 -6.772971101553020012e-02
8.830215013725889461e-02 1.479283301210770063e-01 1.631666239879629166e-01
2.264960539070761947e-01 3.479076096958004793e-01 -7.533379347768488499e-01
-1.283584965732028349e-01 1.216918279423046256e-01 5.380015359228881300e-01
8.180786380886353459e-01 -1.104395547381205933e+00 1.205181540065867751e-01
1.419418314257378799e-01 1.805619655267159507e+00 -1.972505521622046343e-01
-1.696501904218383205e-01 -3.031490386008978133e-01 -5.905619043664407652e-02
-2.257895256070307499e-01 4.467472214576479472e-01 2.103697086482007525e-02
-9.916210590405242012e-03 -6.098035354980324563e-02 -2.766332749340073560e-01
5.883885922820230110e-03 -3.117407830878181699e-02 2.732688733504312073e-01
