1.225677622292305341e-01 1.432164624185920720e+00 -1.840605008353897454e-01
-2.490198033983083981e-01 1.293279906758916797e-01 2.295333824242036524e-01
-3.384429945871262890e-01 -2.741545974167893668e-02 -1.187539800771083981e-01
2.899949092303859555e-01 -1.647409120603817931e-02 3.139072939052651307e-02
8.900524199944005732e-02 -2.324000690531153809e-02 -3.558262444401921482e-03
1.648841450609643267e-01 1.047984912518005046e-01 1.789519382059867603e-02
-2.337386758664648095e-02 -7.381233463816555540e-02 2.945295425224285588e-03
-3.761676971540241741e-03 2.054315719047514199e-01 -4.220517114226694094e-02
-1.159619293187560268e-01 -1.371327258244773861e-01 1.321755476206369628e-01
-1.712460057104017979e-03 -8.095711323977333035e-03 6.844410007501392293e-03
-1.959388953670483380e-01 9.805330706660403406e-02 7.549754315461422449e-02
5.095824905522309406e-02 3.098492368142479608e-02 -2.159897268148507077e-01
-1.109236752487598454e-01 4.431772371704200547e-02 -5.967293379715654655e-02
-5.983610622538488438e-02 -4.347418504859754118e-02 -4.131519617220830720e-01
9.269145167501517332e-03 -3.561213020145485245e-03 3.713828552967496366e-01
-8.515849267297921632e-02 1.110651999787022337e-01 7.074536300799975919e-02
2.363448140542383225e-01 -2.180471786091344455e-01 -9.045525805366572136e-01
2.170227645604784206e-01 -1.873966081966364425e-02 8.535125947371051680e-01
2.153718998011715235e-01 -4.643809402626251637e-01 1.458475470514606076e-01
2.784742657737004357e-01 6.989597429803672268e-01 -6.844605917457727284e-02
2.850587031497075485e-01 -5.150445048271481280e-02 -4.065041602007853777e-02
1.848137894017853333e-01 8.312530038194941573e-02 7.238127640722318012e-02
-2.207346805356711905e-01 -1.877472304946141979e-01 -2.867206438182566819e-01
-1.665473668221514325e-01 1.973380877711342907e-01 3.370845608139371730e-01
