1.747099950391182155e-01 -5.823523434151972822e+00 4.604052127214354195e-01
-2.206585194354434842e-01 1.545640124386552239e-01 7.311159870567592867e-01
-1.845090171860927775e-01 -2.250050459088371313e-01 -6.114728359929461066e-01
2.105919926347860627e-01 6.926940261412492528e-02 -3.404163217102841588e-02
3.803690159080179711e-01 -4.503965438778084751e-01 9.339873299356679648e-02
1.695355143535936804e-01 1.398860132395534916e-01 -1.573667001252025410e-01
-1.149219556757474364e-01 2.268591492616221783e-02 5.476845614906222445e-03
5.129042830809060760e-01 1.381223227615939186e-01 -2.890029934685462432e-01
4.448439474111002268e-01 -1.727170756441110400e-01 5.145812207273787742e-01
2.368925730278786668e-01 6.038121062174458403e-02 -7.294819019705522933e-03
-4.230861867053677394e-01 -8.886135759593093153e-02 1.082376628799827656e-01
-3.125296750788777445e-01 5.189002145008383970e-02 -6.845667978412831589e-01
4.149400326182967058e-01 -1.342139861898859581e-02 -9.298558089512855285e-02
-1.340166881040217861e-01 5.196385254169941792e-01 8.246478415477202784e-02
-6.852091704841387076e-02 -3.630061465517908648e-01 -1.729935471812500333e-02
4.074626199957331885e-02 -2.478376198184991872e-02 1.483628779920919405e-01
-1.735948777990399261e-01 1.407560948216131924e-01 -1.713823665093269499e-01
-3.168896103007296516e-01 1.637090807165470646e-02 2.217327030718013181e-01
1.734848929165961062e-01 -5.358464163022604865e-01 1.203218789354652263e-01
1.750615019326577926e-01 8.514912773098752830e-01 -7.709924893889992525e-02
-1.958389567182636237e-02 -2.680535850938462472e-01 3.018828681111230816e-01
2.666071899353604224e-01 2.311899969537797306e-01 -1.088569964645705740e-01
3.020230414502865779e-01 -5.427278400746435826e-03 -7.993853172901699278e-02
7.136464778823707611e-02 4.945821861804195613e-02 1.014979843215027822e-01
