-5.184359893310296064e-02 -4.394903281122743088e+00 1.078770313154172877e-01
-9.562488074066395616e-02 -3.464622909649731769e-02 2.339046065455275547e-01
-7.093444254867403188e-03 -2.096768140072297060e-02 -1.371632000867580581e-01
9.427465531566157908e-02 3.580894661392923506e-02 -2.538287619411342885e-02
-1.200765636883356774e-01 -4.008778627990110532e-01 -1.943963700729952129e-02
2.437120221454859570e-01 2.260048013181618354e-01 4.033691571209137121e-03
-6.664436559728216525e-02 -6.047826457901924607e-02 -1.349967703336616420e-01
5.099753147440461154e-01 2.166335024937733611e-02 -2.840056968850475649e-01
3.627999066272725726e-01 -8.562299269628259601e-02 4.888261594735358595e-01
1.698884635965250134e-01 3.528639836854745304e-02 -6.809098433926090432e-02
-4.556442159851843976e-01 1.049854507381897152e-02 2.443761617940495845e-01
-2.214510649087796934e-01 1.379423528213276073e-01 -6.886012595504676925e-01
2.934681403557491963e-01 7.831617816715202851e-02 -2.779993940444006051e-01
-2.350585738564935356e-01 8.072827295828742533e-02 1.364954904626069880e-02
-5.225255743126798469e-02 -1.619567268856504372e-01 -1.544800869708531088e-01
2.900346083274902426e-02 1.550864009802357113e-01 1.544918306547812814e-01
-4.587685341055908889e-02 -3.322030775205765396e-01 -5.363428624747516027e-01
1.251351360877327734e-01 -6.726639739457362932e-02 6.265656814159912269e-01
4.946910777167334156e-02 -1.596990738781881802e+00 5.265157166302020242e-01
4.853257235378317658e-01 1.829289315995668463e+00 -2.576278135211816367e-01
-6.538309825878722836e-02 -3.805199577629796992e-01 1.257436123689653074e-01
-9.791060953349157991e-02 3.788112305147274816e-01 1.682159026719999284e-01
-2.366968315375845427e-02 -1.097282130103994224e-01 -3.522921744712069758e-01
-2.833465938259021807e-02 1.772254596934793036e-01 2.900337761839041906e-01
