6.303808293945207739e-03 1.540896933328126162e+00 -6.130025054147049401e-02
-2.174362337100985143e-02 9.772217608841841929e-02 1.710924013147507305e-01
-7.436330131344474903e-02 -7.447856584924218704e-02 -1.332646972385485018e-01
-3.945630951508128682e-03 2.250752931002242968e-02 3.371248769188757433e-02
1.933545075428083279e-02 -1.262549806386079332e-01 2.946224561750965948e-02
1.178975034400693844e-01 1.145370012881609667e-01 -9.958919227590372000e-03
-1.160049699645359852e-02 -4.165759901602857779e-02 2.507399476004176439e-02
5.057831899634720324e-02 2.047738877524693246e-01 -6.993436855665993712e-02
-6.537707755989982661e-02 -2.074973961237190911e-01 1.726986704527870287e-01
4.733046465530130892e-02 3.010091899835480589e-02 -7.622501383604399390e-03
-2.475774103935206027e-01 3.482973970564406246e-02 6.782458729140643239e-02
6.925536623325120877e-02 1.017658891157894874e-01 -1.895679360326579521e-01
-2.503225262501037815e-02 -5.460619652027336179e-02 -2.545820177425183253e-02
-8.612994427576188550e-02 1.365833176961185613e-01 -1.901396376791835430e-01
-1.998936320842784747e-02 -5.983584448327187999e-02 2.277914652911202098e-01
8.776103962888368026e-02 1.376850299069284043e-02 4.626037106075692185e-02
2.187416881082881737e-01 -1.411799967047223658e-01 -7.215392831085956082e-01
1.136560231726766595e-01 6.870418676703303473e-02 6.022009775027269418e-01
4.416963987104539635e-01 -8.458259845278017774e-01 6.132974242136703807e-02
3.202014067934527142e-01 7.927724017678093871e-01 -1.936581451143077476e-03
2.228445701824476877e-01 -1.572220725581507106e-01 -5.916294220056046715e-02
2.396261513288952261e-01 1.464435360105535988e-01 5.467941919272092943e-02
-1.769335797853116010e-01 -1.602374258439774324e-01 -2.443856156189924966e-01
-1.455716526230222407e-01 1.718975180369148037e-01 2.718557191090709146e-01
