-1.296287782387492427e-01 2.534645439357196217e+00 -7.898455065279613718e-03
-1.414777813646122817e-01 -1.386556230654166222e-01 5.288350007143313714e-02
-1.400622418460500604e-02 7.176660403309742878e-03 -4.671515141896946666e-02
6.714365895718528432e-02 1.310397530889926831e-01 -3.815368382653081935e-03
3.903679044544705601e-01 -3.298771441391305514e-01 -2.527826710176298355e-03
4.653170747857080514e-01 1.270347895299454022e-01 3.065548801032515897e-02
5.052072548161814364e-02 5.502707764717172656e-02 8.730527353941998359e-02
2.257855248819773397e-01 1.729356612875967425e-01 -2.114053619799033563e-03
2.344802961708736949e-02 -1.571467695321525082e-01 3.429730545557495569e-01
1.325333984155823430e-01 1.173241990980135874e-01 1.885885895653482622e-02
-4.360273587256482397e-01 4.600539947198550167e-02 1.274617526659732325e-01
-1.193686469648675419e-01 9.829104861987213171e-02 -4.978623797526463557e-01
1.070547808880571439e-01 -1.112874865168599937e-02 8.423384965789921033e-03
7.302275227035247285e-02 4.680895402882183642e-01 -5.117664108093079173e-02
2.453223051770972440e-02 9.081768666696131073e-03 2.606688400933818150e-01
1.050939190790307620e-01 7.207167975152739547e-02 1.315927348232670546e-01
4.019474710784040061e-01 3.487740783470785755e-01 -9.566851849139915709e-01
6.452140635825047432e-02 4.424976087588757823e-01 8.262516443909259101e-01
8.368017231173835446e-01 -9.356456042109362325e-01 2.987653538660373781e-02
1.832066946391776308e-01 1.631116292443221871e+00 -1.738122205526965447e-01
-1.079837421196491454e-01 -2.457371411805585049e-01 -1.212341136225331961e-01
-1.980499808815599783e-01 4.145176606099217342e-01 -8.662239142570644923e-02
-6.394518043993610568e-02 -2.745198957992697059e-02 -2.234880146742663221e-01
7.672269566092675130e-02 -8.433649951125865574e-02 2.232392509000919456e-01
