5.014079598011029343e-02 -5.847471335638958045e+00 4.461836433259849244e-01
-2.140589347283150534e-01 1.570899951099038183e-01 6.530460421514354685e-01
-1.478819595455582725e-01 -2.177745580207170462e-01 -5.625131869986200739e-01
1.792784340633931939e-01 6.799536997568281227e-02 -2.686422267449347159e-02
3.928845214021244314e-01 -3.914336735619334262e-01 3.500569670413566231e-02
1.904666507296071398e-01 1.382702431838351842e-01 -1.090279664593137576e-01
-1.133676148076468437e-01 1.725527123016362338e-02 1.163153229044401604e-02
5.087054543701193809e-01 1.466040182116368495e-01 -2.858518454513522822e-01
4.867758100889259532e-01 -1.532397870206048673e-01 5.238676016297483251e-01
2.465518341250068080e-01 5.762605684343714146e-02 -1.018813263989444204e-02
-4.250107683504045775e-01 -1.014844201871776957e-01 1.343814059143402795e-01
-3.224090963302711499e-01 5.800897556857678716e-02 -6.747525415765114332e-01
4.161978058319629192e-01 -2.819180341790610347e-02 -8.498530032923903854e-02
-1.147566733464118749e-01 5.434041247141410125e-01 8.794300977497952754e-02
-7.413420876838622275e-02 -3.778210572751585228e-01 -2.531625694882664451e-02
4.604366390222358607e-02 -6.485994558717247949e-03 1.367193946748498645e-01
-1.442019995882925232e-01 1.712253084285026428e-01 -2.160423881131204038e-01
-2.992810790134415311e-01 1.933400633397646187e-02 2.308819778761841413e-01
2.045664354697946108e-01 -4.802460153817530442e-01 8.775335298595099420e-02
1.564320935429493464e-01 8.736374302976058770e-01 -5.067905860755424902e-02
-1.884595408468325503e-02 -2.630154401824006394e-01 2.497636247526443254e-01
2.331933083585437938e-01 2.446185460262403633e-01 -8.876066665892795582e-02
2.632676572593163900e-01 2.737552349938028021e-05 -6.356319714502367546e-02
6.260188378535801179e-02 2.985478990773549751e-02 9.273442537643615535e-02
