-9.839675346313156087e-03 1.580725068002749811e+00 -9.794230225026494263e-02
-4.395887106155801222e-02 -3.352447607691381309e-02 2.195225501994691464e-01
-2.000236719635521965e-01 7.910127190757734739e-02 -9.543308325117483282e-02
1.026883018179864104e-01 1.582554765101808550e-02 2.586072771650493526e-02
2.124466661236969478e-01 -3.876395447129512561e-01 4.901543172694198397e-02
4.274193212266906294e-01 2.803234609984740500e-01 1.746291599241088857e-02
-3.101980235172919608e-03 2.466143499404807246e-02 4.031095871041864842e-02
-8.244225280755039520e-02 1.192361171026946748e-01 3.553089438783715859e-02
-2.366291982619696532e-01 -4.753807821470305839e-02 2.198765123357652729e-01
4.733561971118824263e-02 5.067770945268393334e-02 -1.460170624451252903e-02
-2.943536318158809784e-01 1.221850834839515593e-01 -6.079103225681175768e-03
1.007585146987819043e-02 1.980665237569859474e-02 -2.966262304847902542e-01
-5.093822453224893659e-02 -1.123878510038430756e-01 5.184930870875792408e-02
-5.405565492815376377e-02 3.485692039150976029e-01 -3.020225518046930624e-01
1.887241513667464732e-02 -7.774765040244310810e-02 3.540009654058243194e-01
-1.256626434998414123e-02 -1.123648166024959344e-01 1.035989916894069912e-01
3.737127495940026911e-01 1.491918030865925782e-01 -1.060813490006832449e+00
1.979675218611951226e-01 1.608630131345193670e-01 8.883319154222139025e-01
4.532613154634671515e-01 -5.572529919510865737e-01 1.140509174640516599e-01
3.583754632396752848e-01 9.937882621472835520e-01 -1.555569788790927832e-01
1.283660845718762045e-01 -2.110502496391997995e-01 -4.951128893810217979e-02
8.209000896329791963e-02 3.068639546086781023e-01 -6.710172575944076123e-02
-1.716612909123737749e-02 -5.327937121710445839e-02 -1.514308572824615007e-01
8.521990621259108167e-02 9.216862788431378489e-03 1.750350106720835464e-01
