7.703533785391784849e-02 1.410037658090220525e+00 -1.485470474484051895e-01
-3.291884303793135569e-01 1.288184688846737147e-01 2.764936164982598754e-01
-4.743835172625723295e-01 -1.070062128778007451e-02 -1.141386283177599770e-01
4.447271996362936464e-01 -2.659281707953660076e-02 4.984128288594840295e-04
3.539644101053089353e-01 -9.018133143079314074e-02 -5.595872808658415576e-02
4.915811365235409625e-01 1.648754884784219277e-01 5.133031214805051923e-02
3.075631800103766338e-03 -8.408731932416425858e-02 -5.651262939668331639e-03
-1.491944740155870530e-01 2.691745221288002199e-01 -1.405370865743401417e-03
-2.220376606023525268e-01 -1.668129289574995511e-01 3.369238120675228931e-02
-8.065537202335483491e-02 -2.160076547801665844e-02 8.174351673159017950e-03
-1.941462964102457500e-01 6.812318178062874707e-02 1.311292151064571143e-01
8.164593705819890698e-05 4.533816456613808804e-02 -1.849299048421247649e-01
-2.168004098609087049e-01 4.556757601833899551e-02 -4.783927959715868899e-02
-6.158941216128699381e-02 -1.464659041155545460e-01 -5.944745778607294362e-01
6.831338654604506185e-03 5.336671201048472785e-02 5.302908820440452864e-01
-4.447117597765823382e-02 1.635540774328197999e-01 1.016697580644462945e-01
1.360717766614856772e-01 -2.637808241299380296e-01 -6.098765083673809428e-01
1.728024773364450484e-01 -7.380491766843536028e-02 6.899154582239535038e-01
-1.881882722170860958e-02 -3.310765660785302544e-01 8.849567879989914121e-02
1.362034615584446773e-01 4.906521485560128015e-01 -1.784304097416171062e-02
4.036636428000091037e-01 1.231573142318605207e-02 -7.269697784312176281e-03
3.041708524269339242e-01 2.146444169142321112e-02 5.779310402369247646e-02
-2.320525140135790698e-01 -2.368247908097910748e-01 -3.259550124342727728e-01
-1.494871875167535225e-01 2.405670221054075908e-01 3.758786141414004467e-01
