-3.015752195129093802e-02 5.539746793131734570e+00 5.270969897666729631e-01
-5.822769332958085409e-01 -7.779968812512029486e-02 5.381505604867807824e-01
-6.102295131015209734e-02 -1.205357395402104070e-01 -4.657553338350898242e-01
2.692507970771867987e-01 1.210228739412081700e-01 -6.848647799577664563e-02
6.340346160625697225e-01 -3.676567636146567675e-01 -1.288710642882543722e-01
1.751200449686593608e+00 1.389701201836233413e-01 6.354225186504065814e-02
-5.562172186455503070e-02 -1.430966099695290226e-02 -8.822467142349778302e-02
2.306903713513185905e-01 7.805472086186658609e-02 -1.046128935048436237e-01
2.199485335529685892e-01 2.941649572212963124e-02 4.812999025886715021e-01
1.418050136511827541e-01 8.432292395644823413e-02 -6.066991895489561720e-02
-3.497587250481517529e-01 4.248134723411584046e-02 2.620568609418101880e-01
-4.087138095721081776e-01 -6.359916990614833399e-03 -6.652141415211391129e-01
5.749769504889886695e-01 3.709948030554955506e-02 -1.263801213662493206e-01
-2.442618996243346996e-01 2.268105011968351015e-01 -4.342202569714868204e-02
-1.282177382749596639e-01 -1.042601409207570828e-01 -9.583572015571137359e-02
-2.158102570701821588e-03 1.308763069439068671e-01 1.536622372246710944e-01
-6.603465527761286091e-02 -1.021349752007815193e-01 -4.064403466971767687e-01
-2.021950765380617909e-01 2.159412548914781682e-01 2.659843112586289249e-01
1.427963098133222808e-01 -1.419273986742966231e+00 6.202334090222744178e-01
2.440073273977060309e-01 1.824861463772694536e+00 -3.991372860565579050e-01
-5.444679659921258102e-02 -3.629483875455631336e-01 2.297945213221944949e-01
-8.458644484750643677e-02 4.215429844504980927e-01 2.124092048927540138e-02
1.200327294916141291e-01 -7.584657881129312773e-02 -3.633128999975850371e-01
1.007837475099684910e-01 7.682854849553882870e-02 2.832785118191912255e-01
