-1.504270053942408309e-03 1.183999919024334213e+00 -6.866501060437224524e-02
-1.055208765753792161e-03 6.005488911067199259e-02 1.980525059955103584e-01
-1.973891107121083233e-01 5.608186494313544684e-02 -4.229050425831249599e-02
1.146848331051513042e-01 -4.190299710224391211e-02 3.213726029393931816e-02
6.825823167845919415e-02 -2.008257340523998402e-01 2.105744203368724657e-02
1.246136880983561429e-01 2.954116289326439437e-01 3.209251142556791142e-02
-6.269692059647816174e-02 -3.396469628142796682e-02 1.590431601567870610e-03
6.196113671419745117e-01 1.488642075193923608e-01 -2.295711343249289826e-01
4.211173763718885632e-01 -7.145626433362843588e-02 4.207407377290938721e-01
1.667154290843531061e-01 5.044884014966557854e-03 -1.874410214314833206e-02
-5.592335769554306335e-01 -5.997666246018335499e-03 1.412110045943691938e-01
-2.052489354241713859e-01 1.270558834308896101e-01 -6.079852478689713458e-01
-2.761147044515074520e-02 -1.309188190167237253e-01 -3.962892206325193539e-02
-4.343292802328195534e-02 3.224281724751784095e-01 -8.060385571167434648e-02
1.603187998854499821e-04 -2.734822812709565842e-01 6.940785787710053445e-02
-4.051497580007064336e-02 -3.229540748660789107e-02 1.589848070206465458e-01
1.856991354307291064e-01 5.529265143716421971e-02 -9.882539429282436449e-01
1.621181596489732202e-01 -5.003006698740466995e-02 8.938845071514733842e-01
3.816221697523437539e-01 -6.802194522401402432e-01 1.470835745213029400e-01
4.229520255925995342e-01 8.299396534022902561e-01 -1.325313796976013703e-01
4.829347096115502169e-02 -1.917211733697173348e-01 -2.312255586009939051e-02
1.899218795193069187e-01 1.948923434213294670e-01 5.057738145298917853e-02
2.610046243670580135e-02 -6.835556801978180663e-02 -1.497782811786102508e-01
-2.285661211385683553e-02 8.395431103745092105e-02 1.888212734425623873e-01
