2.409566022639055352e-02 1.656079989139565667e+00 -1.092764258248171416e-01
-2.288085766549678018e-02 -1.107230630509770976e-02 1.955149399345351147e-01
-6.244991791769960443e-02 -1.361830639130633906e-03 -1.313238040714305166e-01
5.764557850524223287e-02 3.599796612442981991e-02 2.031143120802470989e-02
-2.276297408870433733e-02 -3.329102884351320402e-01 4.694514035578752770e-02
8.454108201225700447e-02 2.091553652942864938e-01 -3.017699891675467219e-02
-5.709522466187560985e-02 1.380902239748901111e-02 -1.971062936419533482e-03
4.920987373741868565e-01 6.590871196540959431e-02 -1.486729206681370596e-01
2.404798005121507876e-01 -1.190147697620791561e-01 4.715010436308542663e-01
1.643807405067667371e-01 7.015430401063199595e-02 -1.773956994931845041e-02
-4.999546466430206948e-01 4.958567125525360775e-02 6.334666835295153786e-02
-1.710919220344645497e-01 8.083663661296079661e-02 -6.844637424131336800e-01
-8.722473689052455403e-02 -2.130651582995201354e-01 9.348708633166065429e-03
1.247369240108244307e-02 3.842964167395971908e-01 -7.393274525112580875e-02
1.404509977791714749e-02 -1.062494830464661005e-01 8.572026932941810562e-02
-5.945802253237933432e-02 -9.087209840433548014e-02 1.873677634538187808e-01
4.308858413740710991e-01 3.248243397032274382e-01 -1.171254494316601003e+00
1.618339714699151000e-01 1.662017731040858481e-01 9.763490567678501098e-01
8.110997922157322515e-01 -7.867989142062975505e-01 9.538281538298259976e-02
4.858492136372403181e-01 1.398529533573242389e+00 -1.478405084166388717e-01
1.181559669043409991e-02 -2.096624956077956792e-01 -1.789972080820352029e-01
2.318297196694922915e-02 3.266726075721690381e-01 4.801179711601781530e-02
-1.700672495953773830e-02 -4.827211310865191923e-02 -1.530310583848469574e-01
-2.209122971558583146e-03 -2.334321641178561946e-03 1.708710017233478762e-01
