-8.635172060038590405e-03 -1.686537153651172849e+00 -3.402656151086064229e-02
-2.401374299862015782e-01 6.404828611281127015e-02 2.219088343296391208e-01
-4.439312870154216717e-01 1.169381184557327508e-01 -4.785690840908672639e-02
3.248954638215393875e-01 -9.731503381175912737e-02 5.514887976849965762e-02
2.883851506229847539e-01 -9.047166112671389815e-02 -5.484792223656554527e-02
4.988625772049111173e-01 2.198405194036996135e-01 2.174464562739605519e-02
-1.075190829643185575e-01 -1.151883289215033801e-01 -1.026234747880391956e-01
5.741215631457221580e-01 9.651198081180248356e-02 -2.072625163770703549e-01
1.735018765975840094e-01 -7.462935550408440755e-02 3.616334745591684996e-01
1.600070381411046183e-01 -3.861507059482302551e-02 -4.767754315067885412e-02
-4.956758421875956389e-01 1.111111667028412825e-01 1.564225508592799463e-01
-1.439456329638403587e-01 5.474420494600604203e-03 -7.186372461541156165e-01
1.939526610440805987e-01 2.078762060361987601e-02 -2.686311965646784872e-01
-9.000976723426841464e-02 -1.751249836763774104e-02 -2.650963038794285631e-01
-8.590859918256629757e-02 -2.354005716383280322e-01 1.004931910238399811e-02
-5.893686541888821379e-02 2.351173334497288492e-01 1.782980401341750787e-01
2.205950853259019684e-01 -3.239449266484287909e-02 -1.028209000918890670e+00
2.130475786198436361e-01 -2.685499993477948322e-01 9.882381005352638415e-01
3.262921914978742510e-01 -7.181347641437840768e-01 3.357299623524414023e-01
3.590306733606595246e-01 1.826934214415602886e+00 -2.784195992462381031e-01
-5.336197719561395353e-02 -2.167582294205091520e-01 -4.042064166805152403e-02
-1.965761595537039164e-01 3.543085543282556982e-01 1.145464292716629612e-01
-1.225434010422146898e-02 -1.035018840933671497e-01 -2.649951718118216948e-01
-6.933497383832198935e-02 8.437568302288976640e-02 3.996347110687331061e-01
