-8.400391454271932679e-02 -5.193293483730439419e+00 7.634156443027581007e-01
-2.945681467118917429e-01 -8.624741799354213034e-02 1.017444002874336034e-01
-1.364833215266778588e-01 6.925707907627107196e-02 7.376743503672186786e-02
1.913613567343862842e-01 7.052583334561578210e-02 -3.486412396902014658e-03
4.232950910936914002e-01 -1.744944188737467539e-01 -1.281820953058508336e-02
4.265158774561572663e-01 1.141106266365008587e-01 2.746379688151637244e-02
1.469490716760699610e-02 -3.435889095172303762e-03 5.113216524948412806e-02
-1.195506210334771648e-02 1.786796010411853819e-01 1.832186470958607413e-02
-1.309136095023875901e-01 -1.580049760614074816e-01 1.058803621201266643e-01
1.084659706414174522e-02 4.213697587938095013e-02 5.562565351735659913e-03
-2.619521699660551373e-01 1.110871335946767846e-01 1.489092027027745790e-01
3.123406450347544425e-02 2.980591828030670215e-02 -2.129228606625735987e-01
-6.768097100370801256e-02 -3.212900073998052608e-02 2.988262721912120223e-02
-3.756825310550680752e-02 2.524263819455969116e-01 -3.965676667432104230e-01
-2.518598378929353190e-02 2.372686343541651269e-02 4.788272401424648606e-01
6.279708262240388250e-02 -1.596057496661255209e-02 7.261617701148738446e-02
3.893492899708397292e-01 6.914773388492660711e-02 -1.019989009850680528e+00
2.674212629686548159e-01 2.421343328996229949e-01 8.564363732331665702e-01
3.284067823894198379e-01 -5.818003218597550541e-01 1.032874962558986282e-01
2.330924945456269992e-01 1.304837904498369339e+00 -1.221100342769802782e-01
1.985522002750546300e-02 -2.005693536676496636e-01 -6.166937419174711027e-02
-8.675259963222752002e-02 3.248977093177286557e-01 -7.679906579947987089e-02
-2.369627890940905271e-02 -7.543612307121680405e-02 -2.158354669541447390e-01
8.718878943852265140e-02 1.882716703592005741e-02 2.473997491943987492e-01
