-2.344257013326223743e-02 -5.131110093903962444e+00 5.649267197983249833e-01
-1.576357629056743814e-01 -9.417511079649759642e-02 6.869270529869869746e-02
-2.511044740137853837e-01 1.883488866359917663e-02 -4.160876064723899835e-03
1.575116412972236979e-01 3.040064307884273245e-02 -2.081756480526082004e-02
3.506477730359521261e-01 -2.848611509075659742e-01 -8.818539129943350763e-02
4.524401451500172366e-01 3.700341479523640287e-02 9.709001164602729106e-02
1.375795071533512590e-02 9.143955518185321527e-03 -1.632822097581463879e-03
5.706337504532197347e-01 9.417603213820885388e-02 -1.876290680523258203e-01
3.221165178159267062e-01 -1.299579941543873851e-01 4.185703452283245363e-01
1.701859869269339576e-01 7.608731371467487847e-02 -2.428843306767831944e-02
-4.984594219396876191e-01 3.122170348483439828e-02 2.486553068785629372e-01
-2.084241422057723503e-01 4.840415723485129440e-02 -6.988832795517121443e-01
2.046294132868154703e-01 -1.685675268640599855e-01 -1.349926536548377021e-01
1.162109995115500061e-01 4.428519457582990593e-01 -1.337523274548922392e-01
-4.399205028936738204e-02 -1.268734398981573863e-01 1.080306062228029162e-01
1.225068512076077885e-02 1.602487908955964047e-01 1.941698154541207366e-01
5.330677009251140186e-01 4.852144487510377524e-01 -9.912997952074538155e-01
-5.093975033639719374e-02 2.894962097745839014e-01 6.497612752565297134e-01
1.003655949735837938e+00 -1.156175494714962504e+00 9.491212889709123302e-02
5.051319655446415147e-02 2.108766458651640363e+00 -2.187457562792809729e-01
-1.868026044743053005e-01 -2.921122411384699524e-01 -1.708600007440304325e-01
-3.340687776963047195e-01 4.904175866031907915e-01 -2.892482942885643213e-02
-8.209667153799569961e-02 -2.638738463434435813e-02 -2.269303961788225188e-01
3.365078145942769494e-02 -1.149445962921553793e-01 2.829262325314425008e-01
