-1.898262909978601254e+00 5.560552922128255027e+00 8.232859281377334915e-01
-2.993470792785946077e-01 -4.043367031081459423e-02 1.599260789066444810e-01
-4.336957264326231631e-01 8.114585695515993957e-02 3.196508686023094570e-02
3.725398651605414391e-01 1.324896138167284271e-02 -6.105400839177405059e-03
3.370325970877158794e-01 -2.279827784597359686e-01 -6.218242632071879078e-02
3.569675852129394200e-01 1.633254651197179885e-01 6.683899617470598353e-02
1.617948733259254659e-02 -2.221244447782332043e-02 -5.681370492648366022e-02
3.782680938157076955e-01 9.213053035180987504e-02 -2.403789024995888202e-01
2.120259573974064837e-01 -7.424004756977348185e-02 2.256613396607969058e-01
-5.550713865302343321e-03 3.148208302507104345e-02 -2.330609310625138611e-02
-4.205534301837632882e-01 5.836497482440167889e-02 3.179946961101386971e-01
-1.442920171020442011e-01 1.088728414905582031e-01 -4.430491654368645116e-01
7.991437945304591395e-02 7.665035763309607786e-02 -1.542009306457879647e-01
-1.800414035000177382e-01 2.566729562586341634e-02 -3.716049118288801689e-01
-3.241192607703282519e-02 1.529653590052450739e-02 3.381855438958191185e-01
5.515022049344796978e-02 9.436132916262385262e-02 1.371399660971208412e-01
9.293740644339824886e-02 -3.988082555968343601e-01 -6.432254616920176638e-01
2.061112058336728170e-01 1.310999598771890318e-01 7.364512135697277584e-01
-3.229641065030219860e-02 -1.032236959454219560e+00 4.095862417540480083e-01
2.451815933060578212e-01 1.068272708998474263e+00 -2.086010040144221089e-01
1.638513418818101364e-01 -2.738151119074471174e-01 1.522196670792216322e-01
1.250592267348206721e-01 2.464418649534965977e-01 4.062651665484619257e-02
-3.728345922175312771e-02 -1.411741057746793149e-01 -2.928994543777446724e-01
-3.519361466268659897e-03 1.828090751290637750e-01 2.595713893093698488e-01
