2.626020070752360658e-01 -5.743041072762379073e+00 4.079666815499780053e-01
-2.632026886905104446e-01 1.275910626877485021e-01 7.040660230588255963e-01
-2.102537859759481542e-01 -1.720026621656280119e-01 -5.116372966086134566e-01
2.771877705562446614e-01 6.729248126532016983e-02 -5.273060969690863964e-02
3.718137783665487195e-01 -4.392166777282136558e-01 5.435207087297076745e-02
2.115949535625517020e-01 1.977715911046091235e-01 -6.729988117027946304e-02
-7.045397370453798658e-02 1.623481589037457234e-02 -3.370103613949587077e-03
4.972737677166771397e-01 1.013233045191925530e-01 -2.943795849093923667e-01
4.831520343794673544e-01 -6.481758645839701127e-02 5.186074327894980573e-01
1.959820242106289634e-01 5.031833799269644358e-02 -7.945112970029390848e-03
-4.295167739575082577e-01 -6.206886813492857452e-02 1.438048101615896357e-01
-3.320370091652439792e-01 4.851874645760069493e-02 -6.691786213439864239e-01
3.674378045025743500e-01 1.205570773002374169e-02 -8.352377283204903691e-02
-1.505313544467260234e-01 4.450482749764468338e-01 1.744284741989000215e-02
-5.334292965154062427e-02 -3.110874589831711390e-01 3.876434983547651092e-02
-2.859261170337027130e-03 -5.927483610397461106e-02 1.620681057877008391e-01
-1.734440694501036273e-01 4.189011484280653203e-02 -1.945909875171779602e-01
-2.363208075644033790e-01 -1.805882254121771559e-03 3.059440246061499447e-01
7.575958587445953685e-02 -6.704701493474586327e-01 2.184882010932334695e-01
2.000055105898679020e-01 8.571574754915547434e-01 -1.151066886905491582e-01
3.840108313875427448e-02 -3.117984089688488059e-01 3.476389660984453567e-01
2.478005360935399692e-01 2.543113083157128584e-01 -1.066803194377948238e-01
2.548111453516083702e-01 -6.590846825727885404e-03 -9.221370534503690874e-02
9.138703156132649275e-02 5.667477413882082010e-02 8.957340110478978490e-02
