4.414602830506299258e-03 1.535574672036481569e+00 -6.031761742680602500e-02
-2.019219050419479231e-02 9.939485047726830114e-02 1.711265369697545502e-01
-7.600742324044663933e-02 -7.372246153426116611e-02 -1.325040242611559838e-01
-4.998531863850217555e-03 2.225630272060685755e-02 3.307374743902081332e-02
2.028619869919719848e-02 -1.222675998432652816e-01 3.017881245194965062e-02
1.173076350908780069e-01 1.157489782580903431e-01 -9.257574598218794998e-03
-8.131583935723940559e-03 -4.084288603133141848e-02 2.591466593989442610e-02
4.811604486691665322e-02 2.070498880134473418e-01 -6.914135115689697131e-02
-6.494508835207148112e-02 -2.050031085549840759e-01 1.713435100370903630e-01
4.444214813216727095e-02 3.009091343506356195e-02 -8.347827549459134813e-03
-2.446917084449387603e-01 3.395463404753621545e-02 6.901740362702046827e-02
6.938492280367883347e-02 1.014233443738713630e-01 -1.855659931001710228e-01
-2.328925406641223911e-02 -6.062944409101638649e-02 -2.595389942313070311e-02
-8.648138341805033935e-02 1.404474064267350886e-01 -1.938945721057223071e-01
-2.091240477488378116e-02 -5.917220296927058754e-02 2.350477664441567582e-01
9.041389597383212018e-02 6.564737100908345224e-03 4.365648202136996475e-02
2.195291969834113899e-01 -1.397121132785898168e-01 -7.171594174374257280e-01
1.123040389581406034e-01 7.460995475186199544e-02 5.942500845109077723e-01
4.432644114594498919e-01 -8.418886125444818846e-01 6.257866675434632653e-02
3.209281344163234517e-01 7.868215948780641344e-01 -2.024897141557209751e-04
2.333150361152911967e-01 -1.576061631002444174e-01 -5.445209654618923811e-02
2.500821708394188603e-01 1.482642083093804741e-01 5.049626391438308270e-02
-1.780170157539711639e-01 -1.605372422762537110e-01 -2.419029670723718550e-01
-1.457002920776226396e-01 1.710652857977949803e-01 2.693037082204898791e-01
