-1.298082606424737495e-01 -4.834050291829105284e+00 6.602497567964582537e-01
-6.836353375781417663e-01 -8.769246926938986664e-02 2.591567501518410865e-01
-9.785305031303472845e-01 7.727140626194729800e-02 5.167495025851365914e-02
5.848813433209483215e-01 -4.062105617267765256e-02 -8.723686436459821003e-02
1.297819175548300175e+00 -6.028631223219972635e-02 -1.969996757855851655e-01
6.475958756139444938e-01 -7.249543755181706017e-02 2.316609093511910744e-01
-1.984024353473750474e-02 -5.506750606086762735e-03 -4.205968954009105254e-02
6.683321408421673271e-02 9.380968435599586208e-02 1.666238184405640504e-02
1.423660677242573336e-01 -2.321350088594521452e-02 2.177203941439783963e-01
5.649988521273619640e-02 5.690835574218578059e-03 -1.101810593402726725e-02
-3.674970292147852202e-01 1.986985569339195790e-01 -1.035053430675477414e-02
-1.398366126034665813e-01 -9.188147633417746707e-02 -4.833428256104646548e-01
1.057956727584606071e-01 -2.868837919036428333e-02 -1.200081111966297548e-01
5.886470217641984193e-02 1.812014766042155667e-01 -2.830643580137616744e-01
-4.796523379467461840e-05 -7.330912028264215119e-02 1.625785083363542605e-01
-1.827329774149175357e-01 7.522510780637700623e-02 2.439414287441992457e-01
5.202342791395131449e-01 3.577277629913483969e-01 -9.366430786345784076e-01
7.275039755649133355e-02 -1.521424640284329416e-02 7.607499221690656732e-01
7.432377509658639747e-01 -9.221895452673383176e-01 1.075253531547490926e-01
2.831776533060602619e-01 1.870553574273170483e+00 -1.704494483306335517e-01
-5.713827710394152326e-02 -2.434726609978630218e-01 -1.375081028889626744e-01
-2.888765186526397466e-01 4.070360524257385371e-01 -5.759062737494755058e-02
-1.167792095927093071e-01 2.660611003811472891e-02 -8.484469661638954774e-02
4.940039402219306014e-02 -1.141179556569732745e-01 2.726401924020733780e-01
