-5.924138820429546148e-02 -5.178517095073015497e+00 7.389711012006590085e-01
-1.413381061834900754e-01 -6.040725722034643447e-02 9.601579241650605445e-02
-5.039633642712530726e-03 2.554535301334127581e-02 3.404820832659476854e-02
9.160607978147321251e-02 7.857790108591690414e-02 -9.821466238910595350e-03
1.393381675091452665e-01 -2.065393443812774676e-01 2.064931627658881871e-02
1.695230330036876232e-01 1.100286581800246077e-01 1.725763818135355593e-02
3.792351970112891289e-03 -1.706367843232864693e-03 4.515741094329121796e-02
3.024678954285638932e-01 1.541819115002294183e-01 -7.819892371555792199e-02
1.347817700873213953e-01 -1.585885891313307816e-01 3.136423388774616239e-01
1.120889688527900580e-01 6.297154100191042214e-02 2.266523418967509879e-03
-3.845662283287707428e-01 6.590996690414031856e-02 1.789496104922092545e-01
-7.784768809128055078e-02 5.894428651589463108e-02 -4.830773006444109563e-01
-3.091103386214231336e-02 -9.418615967976379233e-02 8.626360575747267154e-03
2.403467291891992624e-02 3.377436877233752077e-01 -2.248275814324960376e-01
-3.267532067926956496e-02 -1.551475248150315477e-02 3.159457553502906801e-01
6.373272118372924622e-02 1.021200633303692359e-02 1.343168088180482223e-01
4.445139127602438234e-01 2.146835675454692449e-01 -1.097565638919027142e+00
1.996489484140279436e-01 3.154925538667802121e-01 9.294551978504834722e-01
6.385184527868572602e-01 -8.106336858708373949e-01 8.628356907486177396e-02
2.401912268141525864e-01 1.673217809996905947e+00 -1.465023453330303316e-01
-9.116891678869144811e-02 -2.095364684223387508e-01 -1.379669487306220688e-01
-1.982894592332175854e-01 3.621638827627358115e-01 -1.897196523837228754e-02
-4.212588323273232238e-02 -5.275975282709989556e-02 -2.255050472341639245e-01
5.697434881656628092e-02 -2.989742435696261108e-02 2.411942045205718865e-01
