6.113214370654114493e-02 1.497286785813402910e+00 -1.145668602222348620e-01
-8.724265853229636047e-02 9.970622133403564402e-02 1.747381971362015340e-01
-1.410177875527523772e-01 -5.508948499798809600e-02 -1.278144634587694839e-01
6.275860249992704087e-02 1.007137805425139740e-02 3.519876844880057837e-02
2.745114953704693231e-03 -7.678112161058719964e-02 3.020536512357559211e-02
7.440840764070617841e-02 1.102497493575282095e-01 -1.248788405734240631e-02
-3.701204040542143553e-02 -5.764766696688793796e-02 1.937730653167732062e-02
8.015713385203236674e-02 1.917667769096325636e-01 -6.283198132388541357e-02
-3.894960930243734215e-02 -1.839869218676938034e-01 2.153476340335060413e-01
7.150152403115139776e-02 1.906469883952852107e-02 1.252202872230288866e-04
-2.545928790144115217e-01 6.118133968399765144e-02 4.132343976487949655e-02
5.450323145415367915e-02 8.563157024243395199e-02 -2.594656407946869803e-01
-5.360779890699672590e-02 -1.284440289378736486e-02 -3.979013737828404618e-02
-6.426320790672329641e-02 8.424054040784974273e-02 -1.776598655893305845e-01
-9.551472317065811193e-03 -4.218487868090962239e-02 2.041546232959054741e-01
2.352947480073738426e-02 4.582593453089486846e-02 6.845703898784298580e-02
2.319202572804081874e-01 -1.223027023781244477e-01 -8.663989245791172689e-01
1.369391933449803644e-01 6.719766500964045874e-02 7.743271925015372537e-01
4.333843728164871734e-01 -7.534336569228923253e-01 1.026290505872553549e-01
3.264033414092607499e-01 8.591002441676185430e-01 -6.536462188758004888e-02
1.750065773594770280e-01 -1.365656374897530612e-01 -6.588129646716989196e-02
1.719848963977380074e-01 1.391067746206816613e-01 3.220136185386474059e-02
-1.757154741763959915e-01 -1.465125721347217691e-01 -2.385471174629776869e-01
-1.424904442764243218e-01 1.531618605367039421e-01 2.794999634515324960e-01
