2.194915110662948310e-02 1.463474571540809288e+00 -1.799201660541790981e-01
-9.961849711813142161e-02 1.239719107572636175e-01 2.571099536391522333e-01
-2.146807898402789960e-01 -3.597568724005158897e-02 -8.991915441499635786e-02
1.501348472929752431e-01 -2.664380020455735590e-02 6.923932579825302185e-03
8.173644419560371910e-02 -6.971818638336885199e-02 2.368334432256847394e-02
2.726183063542081952e-01 1.598415767109128693e-01 2.979078501025695519e-02
-1.565630242902668889e-01 -8.850692116227115713e-02 -1.687025555810621469e-02
6.046667936865621901e-02 2.089734758274011395e-01 -7.672274990898460267e-02
-9.055235726209924507e-02 -1.832240096029138232e-01 2.490801137229881612e-01
1.117590513461014928e-01 -1.861395785946267116e-03 1.132550038235439344e-02
-3.008822442698938504e-01 8.255235922189131659e-02 7.338212981165372073e-02
7.751300827968640511e-04 7.771147378389416105e-02 -3.844247556403355692e-01
2.484338036420686430e-02 8.721749067026358937e-02 -3.071531732345918891e-02
-2.002373928389959701e-01 3.152159236758902972e-02 2.139364417281297906e-02
-1.054876198910054963e-01 -1.131956062158898657e-01 -4.396398994610920680e-02
-3.444558939833006206e-02 1.030377543759349590e-01 1.397319251013687258e-01
-1.502155959327491908e-01 -2.943938881905027172e-01 -4.816143012801053502e-01
-6.724319326209741987e-02 5.504075036248204725e-03 6.093126595756412911e-01
3.521225588970915837e-02 -1.055997068534813232e+00 4.807208014110568861e-01
1.791775957555340193e-01 1.273693835017451814e+00 -4.203355817829138030e-01
2.220509507078415323e-01 -1.417661527279877043e-01 2.032425469201135093e-02
8.735613659532538711e-02 1.466981772834734798e-01 3.166205858053489086e-02
-1.490077384284488049e-01 -1.661677539059060738e-01 -2.678853767828243693e-01
-1.010331432127474505e-01 1.707299205647649643e-01 2.862358974321786986e-01
