-9.517690474646853249e-02 -4.995282573421856220e+00 6.971386819951368441e-01
-5.910490393550104082e-01 -9.750641048054665971e-02 1.941718303241419807e-01
-8.895959225242300317e-01 4.318738773499432998e-02 4.473537943416248941e-02
4.813495590284084802e-01 -2.021685356786745089e-02 -7.254291048015065746e-02
1.352613147846901231e+00 -8.897858336793623701e-02 -2.371231996347902549e-01
7.682954284834772052e-01 -1.375077356422924058e-01 2.642810557695877693e-01
-9.743684502445511264e-03 3.602167079464603516e-02 -4.527009469233144595e-02
1.082501965580224962e-01 8.970026355224948456e-02 -2.371698585568778050e-02
8.719265636960320254e-02 -4.338682586936715851e-02 2.063680439590666049e-01
7.743915690579565581e-02 3.997717175505594023e-02 -2.959249079970638352e-02
-4.037274785323862747e-01 1.631734760873252144e-01 7.231750156504510030e-02
-1.526534450945954413e-01 -8.604396868101962803e-02 -4.847140318133533743e-01
1.961322108325634361e-01 -5.008291542801337343e-02 -1.226771594595449377e-01
6.258348666304393293e-02 3.534689977724516652e-01 -2.345696002038968608e-01
-2.395084176386564831e-02 -1.134618561635515888e-01 1.352300027310423536e-01
-1.489175978753423113e-01 1.054529133505919120e-01 1.890529909674263376e-01
5.555134307660284376e-01 4.374437698416594467e-01 -9.485336625683826739e-01
-2.011236381616565705e-02 1.222539924235725439e-01 6.358155916880656733e-01
8.489543693076744280e-01 -1.021029444337197223e+00 1.352150345132466236e-01
1.577736401029573576e-01 1.982824491041327297e+00 -2.136347270996115932e-01
-5.418524783183467641e-02 -2.729936332361717621e-01 -1.627208890433713140e-01
-3.118447436219640156e-01 4.685801862842259857e-01 -7.562705659161589322e-02
-1.462800689442738944e-01 3.383074315632535883e-02 -9.353703108875985328e-02
5.781263274500230559e-02 -1.488645076929450972e-01 2.614509895492617697e-01
