-2.330547347622224236e-02 1.605517908727210008e+00 -2.509674675195501803e-01
-2.105894154346551472e-01 1.371433064888774719e-03 3.587561566134778723e-01
-3.520134005971066737e-01 4.060112151600563102e-02 -9.807617113020689059e-02
2.840619309031761075e-01 5.352185808555726815e-02 1.900036372876746926e-02
3.690701352650721523e-02 -3.264116482444867073e-01 9.810220079334708299e-02
1.933011645223802477e-01 2.154218683791458422e-01 1.206028245273866178e-01
-4.005415228622768997e-02 8.696596153714308830e-02 7.050098489553073512e-04
4.179375804290173524e-01 6.186387599348879690e-02 -1.385137136413421011e-01
8.959537035661475912e-02 6.794742790324242998e-02 4.491042704903018268e-01
1.013987269500860322e-01 1.110783984444350114e-01 1.163484144951832701e-02
-3.939518194800161188e-01 1.009200467173572840e-01 6.765395167711142632e-02
-1.336385000290394309e-01 -1.488141430089669551e-02 -6.106203242094772055e-01
-5.876317981515082056e-02 -1.131490668790150339e-01 8.960370460258800310e-03
-2.382802750381372153e-02 3.851196455182053779e-01 -1.165740760770677953e-01
4.019484453396852258e-02 5.973752322272748994e-02 1.546117684777788548e-01
-2.130989795506404993e-01 -1.534650191784602269e-01 1.839043437224348043e-01
4.157584621599180186e-01 4.285089942909917626e-01 -1.074497336515688017e+00
-3.318662063797384043e-02 3.313981044102443096e-01 7.101291210874782767e-01
7.003255937310420842e-01 -5.768961622385502253e-01 1.387343543078659591e-01
3.311041905000675079e-01 1.340241369390914539e+00 -1.928850124147213074e-01
9.337651834608032275e-02 -2.469671543242847600e-01 -1.573031213575979692e-01
1.114551614072761265e-01 3.862737979883023032e-01 -2.045125908359444328e-02
-2.011986761965215559e-02 1.016549639732866779e-03 -4.941835990216602442e-02
3.695419238147101826e-02 -1.091187128111441168e-01 7.741737190994676943e-02
