-4.633016052724800438e-02 2.324136020334143904e+00 -1.540834514543419631e-01
-4.551259073728693982e-01 -1.302754804135723976e-01 9.424419113550519533e-02
-3.261339498796050895e-01 9.170202011963407562e-02 -1.659503033363265989e-02
2.459614045881246824e-01 8.163726385019286214e-02 1.724377344666107315e-02
7.062502801493745208e-01 -1.841769641622200138e-01 -6.284637821466272645e-02
6.752305284921588102e-01 1.441104399141123482e-01 4.125505107568085139e-02
4.090313903836010484e-02 4.730826705782740886e-03 5.963899943366544887e-02
-1.617915055406233260e-01 1.934737725130954711e-01 6.803493761139788043e-02
-3.309694218902625718e-01 -1.259851615995585539e-01 -1.057319449816385842e-02
-9.297980339873984645e-02 4.618527135104520676e-02 1.474249233332656107e-03
-2.078495101812093682e-01 1.272594776442401987e-01 1.472991158291223901e-01
6.874287591057648417e-02 2.408753767709125720e-02 -7.880780055877448231e-02
-1.014569573772061001e-03 4.010452311060635350e-02 5.367286058291750872e-02
-8.761746468146996980e-02 2.324340207447496420e-01 -5.917680378680411080e-01
-1.723882749224529137e-02 -1.882349998206833686e-02 6.457139810896016519e-01
1.991708666923044102e-01 7.665737385306742313e-02 7.564233181572121989e-02
3.537785830026751177e-01 -7.665507609412515466e-02 -8.166155972692786813e-01
2.942122537810566985e-01 1.805752057516153974e-01 7.645254480499916738e-01
1.561687930237641575e-01 -5.160219411253403887e-01 1.096598421456686095e-01
1.312477973375419105e-01 1.053360302409713567e+00 -9.302810309370897202e-02
1.182792465059696596e-01 -2.136443688596113555e-01 2.933850026342395972e-02
1.168395639060565427e-02 3.026651772628701775e-01 -8.381509356107452735e-02
-1.127236228758958861e-02 -1.188566670617114129e-01 -2.445069453143026428e-01
7.117405407569218911e-02 9.448160561103229049e-02 2.776861692324961162e-01
