2.981711743896381037e-02 1.860055867037275990e+00 -5.409231308878156841e-02
-2.743252374445711572e-01 1.639314597833831932e-01 4.915843160725075767e-01
7.413438992351094325e-02 -6.843487238537747375e-02 -3.721648753523603692e-01
1.655687559865597624e-01 5.963020661356972958e-03 -4.852065311113535348e-04
7.647999920318782063e-02 -1.751280488932263624e-01 1.065616112909570064e-03
6.159666052884749110e-01 4.128164651841690347e-01 -1.100535737307922340e-01
-1.548818952560449824e-01 -1.362717749576985715e-01 -7.384970497389546640e-02
5.722224310913061052e-01 2.171648362119041054e-01 -2.920734203479510849e-01
4.322486033681442463e-01 -1.052742968857580813e-01 5.302227679914590652e-01
2.091628785980893246e-01 -5.631671827881767033e-03 -3.466001570362721440e-02
-4.467104455226410531e-01 -1.173459751663701589e-01 2.731168810351707332e-01
-3.763120277009999182e-01 1.717408884782714584e-01 -7.054759726980426304e-01
3.185645557971230613e-01 4.356209383481477598e-02 -1.463819805508342620e-01
-2.442039939390913961e-01 6.163027190720234139e-02 1.636504218022706847e-01
-9.222420044020511465e-02 -2.260898940357460307e-01 -2.660086267145136407e-01
-2.804366757838756136e-02 1.153908187101471139e-01 2.279141604118579689e-01
-4.025023526406734109e-01 -2.734960295968728028e-01 2.358420196770972393e-02
-9.578117365118489490e-02 -9.928557837773392680e-02 2.770995393197631107e-01
-9.649820984216046782e-02 -1.089408452512463876e+00 3.883791044285633820e-01
5.819402914517711745e-01 1.188442395117116579e+00 -9.509365522965387840e-02
4.115834537941445714e-02 -2.960348114518938090e-01 1.922283558530772096e-01
2.111788004213609182e-01 2.247320516004459867e-01 2.100626338665106674e-01
1.764140350893944331e-01 -1.301990227276497436e-01 -2.678472369353718796e-01
2.079510032620813078e-04 2.049196138166203551e-01 1.887467074417744917e-01
