-1.311640803176197280e-02 1.433781095752154622e+00 7.528764078003352548e-04
-9.403358372714755442e-02 8.137106681573719191e-02 2.498613959432423870e-01
-3.441985759406021583e-01 1.071581663814469149e-01 -5.056061247423593308e-02
2.284044054938233481e-01 -1.051955695484601966e-01 4.044340013875487999e-02
3.262952264553915516e-01 -2.520880213401816006e-01 -4.769945795009528739e-04
4.727079522308401116e-01 3.938555508533062022e-01 -1.595753635895713618e-02
-1.303868618809087276e-01 -9.663188843157871633e-02 -1.329881991507020356e-02
1.150794837924939279e-01 2.004623392180374941e-01 -9.608391507008394450e-02
-1.348501888649372704e-01 -1.595581181641412272e-01 1.715499538070378305e-01
8.250094856698464429e-02 -5.423992040944176918e-02 -1.696464233520716264e-02
-3.935315338664563400e-01 3.302000276132713991e-02 5.481039225131355275e-02
-6.026270135559755325e-02 1.256510539358811074e-01 -3.341297629935204294e-01
-9.706739712395974495e-02 -1.459039664510632106e-01 -8.418191518628607983e-02
-1.198746730691187673e-01 7.822195134477391565e-02 -9.177159768190154554e-02
-3.271700029323704878e-02 -1.885806759140717104e-01 5.648037269430235957e-02
-1.648826722357683849e-01 -1.127886050072275242e-01 1.695267411520951506e-01
1.302050303063241512e-03 -1.359430880830664601e-01 -5.145884552005003387e-01
1.872895913518514699e-01 -2.109573343263204670e-01 6.718574668513860315e-01
1.607428846420022317e-01 -6.736846570188760319e-01 1.200166609308101762e-01
5.854331255270759371e-01 6.804494858231472376e-01 -5.468859138162193712e-02
1.480922135223976255e-01 -2.094361252383349081e-01 5.957493628853610147e-03
1.662653326004603915e-01 1.710818922780318607e-01 7.396494071281572991e-02
2.164195085063309529e-02 -1.100781738780701458e-01 -1.686042732889931062e-01
2.256248101309858353e-02 1.445086565288195291e-01 2.054076799694241340e-01
