-2.998827185496007353e+00 5.082751109676545198e+00 1.142281002813642310e+00
-2.707365703099674503e-01 -5.838991629184638044e-02 1.290886375215632154e-01
-5.138250620449106298e-01 1.088728867341094558e-01 3.846389162129031092e-02
3.230224364465859588e-01 -1.055040076981034886e-02 -9.548331709882712688e-04
3.676089645877623213e-01 -2.598759899346926860e-01 -5.479770547571707895e-02
5.661797767192426889e-01 1.387155711045260920e-01 8.779060157092706540e-02
3.066803701664431309e-02 -1.697263804414220895e-02 -1.395179537715315887e-02
-8.530923420467689811e-02 1.491093123761942085e-01 -6.192218884357467840e-02
-1.334581284859188699e-01 -9.094735453036392747e-02 4.683313884848863684e-02
-6.382478864172379251e-02 1.340601797559813450e-02 -2.216939378237510472e-02
-2.226871479012273447e-01 1.060545462453028331e-01 2.239198934395676688e-01
1.888287295304394778e-02 5.238494423979250803e-02 -1.565859485350031277e-01
3.427155860150981996e-03 9.072508964856972058e-02 -9.324649575969204407e-02
-1.621119377845305909e-01 6.531793494252212395e-02 -5.386406026976733319e-01
-3.165901655665502579e-02 -2.653112212582482005e-02 5.100236224351829550e-01
8.757953494134482209e-02 1.111417261548600932e-01 7.161721214299796023e-02
2.091973811044928189e-01 -3.693481051744400556e-01 -7.375253402064132491e-01
2.496748210165168624e-01 1.025026078947881836e-01 7.043837963905096311e-01
-5.047240262945153905e-02 -8.295871759034167958e-01 3.090928178274343630e-01
1.738656185142144761e-01 9.275315190536898013e-01 -1.745692072460549304e-01
1.880111456132489145e-01 -2.373371070254143567e-01 1.103948112983862556e-01
9.955183352202395808e-02 2.312837382850344847e-01 -5.543867854957181505e-03
-5.920023146626161165e-02 -1.367386424159117708e-01 -2.740489064113270645e-01
4.093192702837265828e-02 1.667501171444126795e-01 2.781968838521930443e-01
