2.234828448696496786e-02 1.625584284059010454e+00 -9.173241277965502039e-02
-3.622487386744812077e-01 -7.800589606187898623e-03 2.718431217379245202e-01
-5.708771050201241204e-01 1.087238397835311871e-01 -7.365968291070262852e-02
3.947978233538496085e-01 -1.975209684813303973e-02 2.832562537225669086e-02
5.526247250776806785e-01 -3.064163639779433068e-01 -2.672132970278939118e-02
7.596750513515700964e-01 2.824040763401343690e-01 2.609272622842724251e-02
-2.362113246083886314e-02 9.898693118235600205e-03 -1.724010118324674923e-03
-3.276393219177744509e-01 1.991163413210781663e-01 6.104841571310822695e-02
-4.336754351907323168e-01 -1.316693439062042448e-01 -9.127599089820281767e-04
-5.754700766432113701e-02 2.079582172691673420e-02 -1.166908436220863259e-02
-1.633998359082012575e-01 8.709752751507378321e-02 1.463071598337587279e-02
7.432198553060094526e-02 8.707993445621896311e-02 -7.594213231062472980e-02
-1.099870707708752171e-01 -8.496396305117319414e-02 -2.049236189852941467e-02
-1.219584426226705820e-01 1.657028273643590954e-01 -4.061369978313118523e-01
5.717972624694695610e-02 -8.032809073596188301e-03 4.359019801648328363e-01
-1.305418868553410716e-01 -1.742653235915734844e-01 1.020251773101731041e-01
1.052225737368178843e-01 -7.858279220597517989e-02 -6.054494254761050298e-01
1.343674989831326883e-01 -1.751856355262516873e-03 6.579798902408949823e-01
-2.387641445059000833e-02 -4.011107866603616512e-01 1.638713738475716664e-01
3.367269422156819458e-01 1.892714864391144558e-01 -5.483913177832944186e-02
3.550552934770466185e-01 -1.685563958465975398e-01 7.977425859956399634e-02
2.914762160253561718e-01 1.450937693202027090e-01 -4.190764132980758644e-02
-1.798398031099707542e-02 -1.138265777962424036e-01 -1.340095205920204813e-01
8.794012055774040604e-02 1.319081521228250564e-01 1.377760044897426150e-01
