-2.692976810702101681e-02 2.238376282022345176e+00 -1.267718650611454612e-01
-4.101824411539700121e-01 -6.038984388970834033e-02 1.058265346338312235e-01
-2.834568003558910476e-01 9.519743560693896822e-02 -1.361797318829244437e-02
2.843055414301187134e-01 4.538470595248499800e-02 3.627875440148007474e-02
6.329840371549148026e-01 -1.510891612204329493e-01 -7.393527570693377016e-02
5.702731261947352470e-01 2.114392502487522085e-01 2.783401774710399473e-04
6.399073858476068966e-02 -4.290963906254297716e-02 4.942065130499920939e-02
-1.449587759583606528e-01 2.027734033199255215e-01 -1.609237813233707062e-03
-3.154615958318655600e-01 -1.426836470768864940e-01 -2.382077724260349763e-02
-6.638282223255052850e-02 1.180099640712929318e-02 4.919745915695138312e-03
-2.301858971204186477e-01 9.273485986840956929e-02 2.001326226793514185e-01
7.600959745585142424e-02 7.120352577183354514e-02 -6.972316187155018496e-02
-1.709042572214112491e-03 9.689132637780623059e-02 -6.627765399560986708e-05
-1.085603937257393903e-01 1.162781092371237696e-01 -5.833204634614385098e-01
-9.869527468582592333e-03 -5.238033590275183171e-02 6.134526127620890668e-01
1.395842489142086751e-01 1.201621753645429197e-01 5.748668084965584402e-02
1.887281981527412500e-01 -2.735022425077325292e-01 -7.102655395775298031e-01
2.637278754306090489e-01 6.560068895172545267e-02 7.179299389051111424e-01
-1.358185601208622938e-02 -6.846714635927040327e-01 2.407846697166722560e-01
1.436740102038795985e-01 8.436265911721245736e-01 -1.570332597777246153e-01
1.920949364036731166e-01 -2.162820501872630696e-01 1.763255785214822569e-01
1.424617303431788828e-01 2.240878792930209862e-01 -1.044102161079088070e-01
-2.647085226941045533e-02 -1.638223425312902437e-01 -3.018583253224046969e-01
2.722914811724355330e-02 1.818191055160857106e-01 3.104282287827268560e-01
