1.116840195293384991e-01 -4.518040840992095575e+00 4.042262866786917597e-01
-3.364265038566954247e-01 -5.707891731010605180e-02 1.872976576773023039e-01
-3.633521372438197616e-01 1.799610353741052937e-01 1.066431533739568283e-01
2.994749656670526172e-01 -1.778771711379041609e-02 -2.859252411116503662e-02
4.024567871125417362e-01 -2.315287643035903731e-01 -1.858794416791873308e-02
5.430612818090603255e-01 3.098768166450184269e-01 6.066709294196730856e-02
5.122778619241283998e-02 -8.372009954490113037e-02 3.533624092592345389e-02
-1.113034907532914064e-01 1.820598505534954670e-01 1.056826029650302992e-02
-1.099112980920844279e-01 -4.936413181363877301e-02 5.282603333497618014e-02
-7.017302557838142607e-02 -2.195247336552937079e-02 -3.473303613188349556e-03
-1.894235857621587305e-01 1.309250509422759667e-01 1.550155331921114488e-01
2.424966624790802008e-02 1.346661057131463488e-03 -1.310235421954766832e-01
-1.443568781409975375e-02 2.188527650119517255e-03 -3.916283883207143796e-02
-8.367062842830357006e-02 -4.079752887547348494e-02 -5.706812027685533861e-01
-5.192554442935645720e-02 -5.708235127547509101e-05 5.401617450116977803e-01
7.881062290650457658e-02 3.895725232714628006e-02 1.437850887906665653e-01
2.611792591475412539e-01 -2.675613027373199282e-01 -7.121229007359424212e-01
2.669386446264359614e-01 5.539486815236318445e-02 7.885655402941238457e-01
1.274812247845178714e-01 -3.989311235870187655e-01 1.003523443277127419e-01
1.474310956902750158e-01 8.687802541134266310e-01 -1.105128758468157807e-01
1.901365552802377346e-01 -1.925512737272397079e-01 9.642349290387201843e-02
-4.006039019117293293e-02 2.353681447191969256e-01 -9.987013031349632752e-02
-2.080321691011847128e-03 -1.078418564367420174e-01 -2.188208378394749243e-01
1.027572029866951342e-01 9.492857106628047048e-02 2.936868854702255338e-01
