6.233341597611391678e-03 9.149709569029117473e-01 -5.396268662597104859e-02
-5.843152794055597732e-02 3.680950035283700461e-02 1.227078661363406459e-01
-1.269875314585386661e-01 4.503049061831711219e-02 2.728298931982676284e-02
1.159199067684857920e-01 -1.984468918092792411e-02 2.346855799712998028e-02
7.449251192447230163e-02 -1.767711080419843428e-01 -1.324371070246657504e-02
6.603209103530575941e-02 2.746660530625790742e-01 2.720650251336910810e-02
-7.817095008544965029e-02 -3.478085810207300760e-02 -1.723673202603058160e-02
6.407496561164636173e-01 1.848289163377488664e-01 -2.423373223112376684e-01
4.275448724084358054e-01 -1.444260563876745840e-01 4.058790607876853196e-01
1.886317825720282282e-01 1.644090651327123620e-02 -2.203491432416317120e-02
-5.311790580565869391e-01 -4.465429795591341344e-02 1.868104465369484768e-01
-1.891258916485425712e-01 1.499700015410238563e-01 -5.956208376696799922e-01
1.589230796021625161e-02 -1.260791162746570382e-01 -6.256140940608223566e-02
-2.807333353040702972e-02 3.769373504099947647e-01 6.979073418659931943e-03
-1.183775281812683884e-02 -3.058492607799305762e-01 -3.654780065024217789e-02
-5.853893463318601831e-02 2.797814953211960609e-02 1.689564197399516243e-01
1.843195993919649334e-01 1.541637162245825532e-01 -8.441082067895917529e-01
7.523330532979198570e-02 -4.499988972910334839e-02 7.023356306709215291e-01
4.943414173560505831e-01 -7.203224304692825708e-01 1.012568802405326152e-01
4.010138955147654616e-01 9.832221473992983629e-01 -1.203492820704111649e-01
4.919658306530916986e-02 -2.036449177270847899e-01 -8.504109122358209649e-02
1.488736302249175913e-01 2.339724216131790768e-01 5.723079659123291030e-02
2.165509103695466200e-03 -6.597539871081889440e-02 -1.311500433391868670e-01
-3.131345058313386026e-02 5.953801291209302737e-02 1.845733621579028483e-01
