1.964860169830436737e-03 1.057232180803327815e+00 -6.415889865019051841e-02
-2.671287211275301041e-02 4.720381440313241306e-02 1.579380219552649067e-01
-1.679556380282109518e-01 5.347355841862016373e-02 2.452365749808485020e-03
1.146150486837742011e-01 -3.554307828097988398e-02 2.546545059368307204e-02
7.238069491956751478e-02 -1.852335722366007242e-01 1.979755781318612382e-03
8.376777250970109112e-02 2.813102610989783314e-01 3.229734929803707022e-02
-7.531843468049763402e-02 -3.582567728895983544e-02 -7.055071210541392912e-03
6.396525473372561832e-01 1.579303304318178669e-01 -2.326618995308759041e-01
4.330996002459987504e-01 -1.071313638760059139e-01 4.103853774317675618e-01
1.813805309007059663e-01 6.194309631920081639e-03 -1.926900117655254430e-02
-5.504830135245254441e-01 -1.535140324693531899e-02 1.483566024107109138e-01
-1.917007797811316194e-01 1.325203110260109729e-01 -5.980328348983067199e-01
1.809519876917999037e-03 -1.255820839335665962e-01 -4.369851321820334561e-02
-3.854882713617854839e-02 3.547958134211263159e-01 -1.604397323540800169e-02
-8.268102238616407279e-03 -3.057901599702799733e-01 -4.626134289944553238e-03
-5.508658482746799784e-02 -8.576878349738147750e-03 1.644692631651823722e-01
1.821744888013880626e-01 1.063428155977074185e-01 -9.310101248383265693e-01
1.259473287386149443e-01 -6.220226011448936471e-02 8.173561012999903674e-01
4.313739839589818548e-01 -7.107346548598145741e-01 1.355457715342345548e-01
4.240274235559661764e-01 9.085363632473217876e-01 -1.421732908870332324e-01
3.736374079157557537e-02 -1.949511764437918404e-01 -5.922105119412865437e-02
1.638461732787966640e-01 2.084705015037904841e-01 5.420000555113195506e-02
1.396742552516872307e-02 -6.241310180819512055e-02 -1.362203837674844653e-01
-2.939740331253398384e-02 7.041465976301382323e-02 1.875431220617650718e-01
