-3.406475591436706196e-01 4.290958630801715579e+00 4.422653223753846286e-01
-7.049723009290057019e-02 6.732800569294469795e-02 1.335433392468801383e-01
-3.532460318981419101e-01 1.454658697267519063e-01 1.103213859215935871e-01
1.981164597211367007e-01 -1.164219459234574483e-01 -4.323109137877540441e-03
3.262369256638145698e-01 -5.755647903620967482e-02 -9.267608841596136626e-02
3.898697458003451133e-01 2.458559246556691058e-01 1.107299303426134279e-01
2.670495575351598556e-03 -1.285974054704216163e-01 3.601871906276536695e-02
2.574502446286530688e-01 1.726909512210571540e-01 -1.195917528280882464e-01
2.930065026522116201e-01 -1.783180990013110909e-02 2.819590487508787935e-01
1.293872970603162920e-01 -7.758566290364626861e-02 -1.373183729051281887e-02
-4.535249440251146735e-01 8.923616209659245013e-02 1.626093346117090943e-01
-1.089152701316461469e-01 4.464576755972763517e-02 -4.408387445104873237e-01
1.884801800518185744e-01 3.921327755379556967e-02 -7.217911144100240539e-02
-2.759159682861748661e-02 1.076618011454223284e-01 -2.575005622967982410e-01
-6.152061581899972986e-02 -3.152286336807394451e-01 1.873582819180391046e-01
5.522854016421047813e-02 1.530204055005502661e-01 1.625387730213320447e-01
2.151505566923757884e-01 -2.257685134524070880e-01 -9.884535164370937821e-01
3.222539156210466604e-01 -1.763693963959749866e-01 1.040257420186999404e+00
3.100392502905801595e-01 -9.104552824876610551e-01 2.143484175993943253e-01
3.482835349316599216e-01 1.270028351272887601e+00 -1.898770803001666452e-01
-3.347661327532490405e-02 -2.419776818227692972e-01 -9.389409493109058397e-03
-1.571112919309341216e-01 2.473215206639891584e-01 9.249785167675260433e-02
-7.462837008164972807e-02 -7.458516422034179583e-02 -2.684353076478715461e-01
1.739545346112451873e-02 8.671293130951855666e-02 3.423477818080682966e-01
