1.245637541204487608e-01 -5.684101762847141082e+00 3.712752794125445122e-01
-3.017707561737731359e-01 1.075691292550390310e-01 5.836412676815879719e-01
-2.088957335724264675e-01 -1.493776524106321668e-01 -4.043768391844417831e-01
3.027735277789342927e-01 6.522281772674906608e-02 -5.123111872909192482e-02
3.770583240704021843e-01 -3.691559880139904659e-01 -2.764758170538210436e-02
2.175535097543527807e-01 1.716401234755870475e-01 -1.169596887743049171e-03
-4.328557373807024461e-02 2.572856443599209116e-03 -7.994621541603149847e-03
4.721616827100576508e-01 8.695060729855134951e-02 -3.035573786308745081e-01
4.910858058904205570e-01 -5.426952702278928925e-02 4.761981607174694542e-01
1.656239288410831512e-01 4.066738536130197479e-02 -1.041322764818331838e-02
-4.272519303102598198e-01 -5.593980478146309832e-02 2.001294568080300706e-01
-3.106419282797729386e-01 6.991405740065326224e-02 -6.179614744848069829e-01
3.165082069574097767e-01 -3.668317315266894554e-04 -7.248610173743109952e-02
-1.409172579005245340e-01 3.934566202528209100e-01 -5.904654261310936236e-02
-4.466558046698094336e-02 -2.739863814721420487e-01 1.035020771121631655e-01
-3.547603292441377405e-03 -6.065792331311160857e-02 1.558364934740714969e-01
-1.410078743471448459e-01 -3.748549617898676301e-02 -2.584847634878910672e-01
-1.447851705216850471e-01 -1.616226952649990264e-02 3.861855356005413631e-01
1.948784900863243658e-02 -7.715757231685417272e-01 2.658783249192398501e-01
2.113887197314926192e-01 8.705950602646193026e-01 -1.295024801537253134e-01
8.303928743594872486e-02 -3.243206613993385168e-01 3.392204267554000396e-01
2.416456820201750011e-01 2.580580410714402584e-01 -9.666035890286631127e-02
1.768192165378406344e-01 -2.782609348839388749e-02 -1.223263025551869637e-01
7.427216908831209274e-02 8.207339314744709069e-02 9.877626865600486195e-02
