-9.246564318623024317e-03 1.377343919018161778e+00 -8.049391367971635292e-02
4.984191777778335455e-03 3.248188609445769315e-02 2.429291336627241726e-01
-2.589090161032878701e-01 8.571931613581389164e-02 -1.144050246175840335e-01
1.311999210527326210e-01 -2.947912784889527085e-02 4.589579552226424192e-02
1.508462898771787131e-01 -3.426978569755432247e-01 1.229413794702815046e-02
3.715342577400470025e-01 3.379980291992666364e-01 5.904498507221330600e-02
-3.009810703341977457e-03 -7.874373510575568419e-03 4.273901589143933727e-02
4.977003980054606896e-02 1.240286872261963796e-01 -5.979194430433073387e-02
-5.665444921002928819e-02 1.322137314982132356e-02 2.742574505309234301e-01
7.048360325015042005e-02 1.567122264910411622e-02 -1.184082017234233154e-02
-3.598342464711068445e-01 7.423315189225934696e-02 5.868816245290119082e-02
-5.290595316302634799e-02 5.500450888074259054e-02 -3.598222784030954968e-01
-4.187073107001400979e-02 -7.192848023079544129e-02 -4.249079493609630824e-03
-7.356875728878037313e-02 2.968025775308071879e-01 -3.088656598149353005e-01
9.686351328042077172e-03 -1.676996962304678485e-01 3.432563390672182524e-01
-1.761148180029354499e-02 -6.027100046719207488e-02 8.271463970330686366e-02
2.341384934265781648e-01 -2.448660018372195504e-02 -1.038244098577864261e+00
1.784039657142730273e-01 4.486128555224862258e-02 8.919641973181727801e-01
2.380131855403418706e-01 -5.395854088454593578e-01 1.872464460243524476e-01
2.774900037134691022e-01 6.575245287184553478e-01 -1.632778930614434132e-01
1.573521380762016031e-01 -2.002344690562131435e-01 3.972062891447353250e-02
1.885345392582208068e-01 2.169140420313105388e-01 -2.616053644860905428e-02
-9.179845353916214756e-03 -7.048677834177589918e-02 -1.586163451099196764e-01
4.438102860452324688e-02 7.133139046844508280e-02 1.795247164205632795e-01
