-1.497121751139759462e-02 -1.413482049461002754e+00 -4.721357903461456673e-02
-2.515574574633691607e-01 7.802676228179590556e-02 2.641758502297371636e-01
-4.085806786236020338e-01 1.211268094553178548e-01 -9.429777448052682753e-02
3.364223258524453031e-01 -1.015692392711110281e-01 4.871972127851208895e-02
3.528844498055145884e-01 -1.008407933286217251e-01 -6.685475319275327455e-02
3.972581136991222839e-01 2.917763355205965636e-01 -1.286554989632033089e-02
-7.586369346761517862e-02 -1.373447347764252813e-01 -8.551750737619095988e-02
5.086807448475531013e-01 7.857329814982266791e-02 -1.982536463038523655e-01
2.535932310678103430e-01 -3.791879632665871164e-02 3.840937767725435270e-01
1.519213430898640194e-01 -5.178895047367771537e-02 -4.481152481337902227e-02
-4.896957867637032891e-01 1.064615890583160834e-01 1.277444128462570661e-01
-1.644974612617379206e-01 1.309017717652891100e-02 -6.995833387505886458e-01
2.032260792401359428e-01 7.116778230776712663e-03 -2.594342604431551513e-01
-6.942849185561768277e-02 -6.263752023286822679e-02 -2.934053603933892140e-01
-6.111685004961710244e-02 -2.356761999027794929e-01 3.834739210908540141e-02
-5.221785696727815340e-02 2.132431135281520895e-01 1.877217950237097810e-01
2.109318847126250562e-01 -5.959682659377230074e-02 -9.561715181273336972e-01
2.396308378462799760e-01 -3.261501463561201630e-01 9.642249968707272689e-01
3.263320866066690695e-01 -7.753066703898116030e-01 2.986584831346058566e-01
4.240310931078106194e-01 1.746740865796901465e+00 -2.241400978830814239e-01
-6.428615677005584950e-02 -2.460446140800129355e-01 1.867226336676587259e-02
-1.500604766229286235e-01 3.406237241044365871e-01 9.632904585943147246e-02
1.212558125469998145e-02 -1.046220898301219726e-01 -2.642817900403119924e-01
-6.387953449714137144e-02 9.983707281787322640e-02 3.918457677611051904e-01
