9.823363761815033512e-02 1.459164592171685371e+00 -1.532156631884869502e-01
-1.307931023388193281e-01 1.095129897125307755e-01 1.820728227873703309e-01
-1.844574506771896882e-01 -4.442567609932417116e-02 -1.183119083234562274e-01
1.113152185432951663e-01 -5.140006329637113094e-04 3.819285498535128498e-02
-1.395411470565272732e-02 -3.420506783617627972e-02 3.298840477426717016e-02
3.388364240206157701e-02 1.018114300496664876e-01 -1.380483875991340113e-02
-4.740623645155101623e-02 -6.594458821014750893e-02 1.296981159762211795e-02
9.186811462482534496e-02 1.836765985182204630e-01 -6.040254601537735357e-02
-3.756710065857265385e-02 -1.626619412077143223e-01 2.225127298593109204e-01
7.610160514465498516e-02 1.043932619513542395e-02 2.431784097630838946e-03
-2.468473747871101076e-01 8.380207024956227990e-02 2.791100256184448833e-02
5.848612323561788034e-02 6.523779869046091029e-02 -2.768157815617285911e-01
-5.610582526729275543e-02 1.148742486303690365e-02 -5.021266002098753040e-02
-5.627977365645849689e-02 5.621112933088390218e-02 -1.967436949528779677e-01
-8.040565542007530389e-04 -4.403668824613659466e-02 2.029067371565769218e-01
-2.806456558180483660e-02 6.405935271831653122e-02 7.312834943759827233e-02
2.554051175424586484e-01 -1.318783621271407969e-01 -9.819303397177915338e-01
1.694122039471133156e-01 5.215942501467402126e-02 8.775223605698085905e-01
4.318763084718750256e-01 -6.612280471631427625e-01 1.259661152845193421e-01
3.522218608623986502e-01 8.495151216410564698e-01 -8.941251164360712600e-02
1.766145005469229590e-01 -1.140906309340719849e-01 -8.858026738597928051e-02
1.437730681631886054e-01 1.243651546543424607e-01 5.442738807059196299e-02
-1.870759903627894627e-01 -1.447403077742437649e-01 -2.404882607737179878e-01
-1.526416049164910360e-01 1.526724917525649761e-01 2.903265980652707801e-01
