4.892668415055642823e-03 1.632314279281926295e+00 -9.953466214314783678e-02
-2.936143696369403200e-02 -3.060603070018154404e-02 2.058648949883625789e-01
-1.200953815763446397e-01 4.470440295756943766e-02 -1.070876839562391325e-01
8.164109184378530448e-02 2.443828867041686684e-02 2.167966963803119249e-02
9.871991110087958987e-02 -3.777916978311229301e-01 5.293104694029423379e-02
2.605730356747564258e-01 2.583433559739725660e-01 -1.786586721326656121e-02
-4.106735396365224916e-02 1.667630866804559880e-02 1.672454663433405389e-02
2.029473973491100480e-01 8.759244114467366893e-02 -5.102986163326726082e-02
-1.943269514475078757e-02 -9.286108604215111140e-02 3.562123394744675098e-01
1.159602376268695917e-01 5.960797455911934217e-02 -1.569506055017251545e-02
-4.134582913860607722e-01 8.875586372025150161e-02 1.733427180193574876e-02
-8.147967739755841710e-02 5.692716643684106459e-02 -5.163951478103121495e-01
-7.598367508783039626e-02 -1.671625293288343250e-01 2.705847557099474998e-02
-2.160849889527932666e-02 3.702882304620775944e-01 -1.600160435138043846e-01
1.500794993832513247e-02 -9.178598201054545547e-02 1.992801105607082124e-01
-3.410466121602886980e-02 -1.046361971216143855e-01 1.528933563367465276e-01
4.027432935705947403e-01 2.457975185448846300e-01 -1.143073006940257264e+00
1.881108232212528042e-01 1.709900624703918903e-01 9.626505722208456017e-01
6.575148459407984536e-01 -6.760637685340988856e-01 1.091336909030795610e-01
4.484329832540124294e-01 1.210937026575034325e+00 -1.613717920605148293e-01
6.459299518442360166e-02 -2.042082745981144143e-01 -1.335426168171678640e-01
3.978272384757577246e-02 3.179666026242139454e-01 5.129610882875082012e-04
-1.481488809282140162e-02 -4.925661163363179856e-02 -1.525187878178684009e-01
4.601624166992297760e-02 5.212580032946717481e-04 1.724897409097828904e-01
