-6.437641713328685622e-01 4.548339872279980156e+00 3.643010629649829912e-01
-1.492717580531495447e-01 -2.697021346162523092e-02 1.104681978520086066e-01
-4.598287050438656376e-01 1.432742212003172422e-01 1.176488053167199788e-01
1.583999240890446025e-01 -5.768572479603389230e-02 -1.689263801670279688e-02
3.655236831802773367e-01 -1.395662921696687320e-01 -4.446353207199479213e-02
5.403989282671745054e-01 1.051086319954287057e-01 1.320886194661168855e-01
2.335749393400805146e-02 -7.587031173949916607e-02 9.548039401252789160e-02
-1.532257008498459361e-01 1.559080817968739596e-01 2.013448344541040463e-02
-4.436104785072118167e-02 -2.521513957833250441e-02 6.122312488536800490e-02
-6.596376311076378174e-02 -2.284122380228857316e-02 1.927795691063126371e-02
-2.348740195636478401e-01 1.837637231543635952e-01 1.456661698689027395e-01
4.701442537244245046e-02 -3.546167251590358338e-02 -1.094007551360460240e-01
4.340661552707817533e-02 9.621464971184372217e-02 -3.482413736138368493e-02
-9.359932564146175582e-02 -7.761127906991244219e-02 -4.507468857629727266e-01
-1.036642212698605514e-01 1.571618978016846649e-02 4.806198196966663949e-01
1.549591390299387417e-01 1.331023950637160724e-01 7.678431438953889354e-02
3.235981482693844336e-01 -4.678875216241453749e-01 -9.244809507360165490e-01
2.614629619868392152e-01 2.123940029563438914e-01 8.249821394539181840e-01
3.004145643817678901e-01 -9.580435992825862002e-01 2.527883751454879646e-01
1.381009815507183436e-01 1.247356468436649601e+00 -2.990980154049832640e-01
3.656605082854373634e-02 -2.616021504178799861e-01 1.199204309977186245e-01
-4.816775498976536701e-02 2.648892403709040000e-01 -1.582832050414028913e-01
-7.811730797634101886e-02 -9.715252990408318468e-02 -2.877150630099514772e-01
4.295281653705194935e-02 9.506672636238637508e-02 3.693541358657700946e-01
