1.045677676004590634e-01 -4.234439555775077579e+00 3.537096441039591088e-01
-3.724189511859172241e-01 -6.722952293407630231e-02 1.900372048738820652e-01
-4.501729032616342829e-01 1.719142880669810858e-01 6.854195720025442473e-02
3.514862529973920569e-01 4.649702119043659827e-03 4.320672724645644065e-03
4.677422837387671950e-01 -2.352827409238998635e-01 -1.621980762601015619e-03
5.409667180612894866e-01 2.819443449209551034e-01 4.171934315021170320e-02
4.425108084031430938e-02 -4.274982730218140903e-02 -1.882139797197370304e-02
-3.656121114588374577e-02 1.808040998201169425e-01 -2.723399908777723519e-02
-2.094383275163829994e-01 -6.656779446998209449e-02 4.451301491412804068e-02
-7.110681511488722850e-02 -7.205017393875920786e-04 -2.187173801051932320e-02
-2.494142442786318470e-01 1.161059074930679696e-01 1.687139321216221122e-01
4.936334681744448255e-02 5.246861196638948066e-02 -1.520883518946554991e-01
7.629548533670901800e-02 2.446531416152911698e-01 -1.900384319519288212e-01
-1.587100171929746451e-01 1.801877889409525535e-03 -5.130583168720815879e-01
-9.138665540478648625e-03 -4.885930241571785626e-02 5.261846446815614531e-01
1.130794050181238714e-01 1.773146483139961815e-01 3.624151208599653978e-02
1.453139209368746465e-01 -3.112007948450216666e-01 -5.462647623829794963e-01
3.089269648510925559e-01 -3.050511999773634214e-02 7.592065635023117487e-01
6.389263421035230287e-05 -7.604874943863619841e-01 2.773466242533624837e-01
2.940610222232880044e-01 1.043473116877472462e+00 -1.813954430882780688e-01
2.014232078013059035e-01 -2.732134528278495900e-01 1.765209756711337563e-01
8.092039178167464986e-02 2.728649853332328346e-01 -7.234448186006610382e-02
-6.376256511600583363e-03 -1.334673958849483533e-01 -2.653453033587904186e-01
5.533175358240752933e-02 1.555353565644319869e-01 3.273771536255789538e-01
