6.988258189253072211e-03 -5.103001884956050560e+00 5.385407812406813877e-01
-3.074931919809557046e-01 -1.087364831686026823e-01 8.913923754929846399e-02
-4.843850174542030373e-01 2.939892532789905102e-02 1.016865720053988092e-02
2.796026863787647865e-01 1.056814431069368586e-02 -3.666662470091392595e-02
7.818371716800696092e-01 -2.394716273392512862e-01 -1.766358132918787738e-01
6.814199334869897040e-01 -3.662572305654304000e-02 1.659681509275491018e-01
1.934438073163397345e-02 2.153885725803128190e-02 -2.287358976909439207e-02
4.145546227131028383e-01 7.000427197626567233e-02 -1.417152388710340716e-01
2.220936860153028547e-01 -9.380453200327923402e-02 3.281225163210497731e-01
1.352454412207473589e-01 6.604763472342725650e-02 -3.136329467271051219e-02
-4.805386511303253450e-01 8.235488417110006787e-02 2.107928914810520415e-01
-2.016195267568788585e-01 -6.634827583827224672e-03 -6.227282402202193312e-01
2.550461828204288461e-01 -1.276249277482724709e-01 -1.518119556255252689e-01
9.744137460003229889e-02 4.118206119204724791e-01 -1.873785618185158930e-01
-4.500016258097883776e-02 -1.155099126038406226e-01 1.228999615040658883e-01
-4.965935485468316729e-02 1.637031705664469539e-01 1.828246228913776306e-01
5.481514684760386835e-01 4.778090709586359508e-01 -9.755198281410409900e-01
-5.199199933118978101e-02 2.399813305886392689e-01 6.143218509775802971e-01
9.495843076766091739e-01 -1.099112199200284135e+00 1.190634565951065038e-01
5.735508559636767062e-02 2.088736293882610617e+00 -2.266775753240014291e-01
-1.317648388269882787e-01 -2.963391315339363730e-01 -1.701460921963907913e-01
-3.306325592447085238e-01 5.058601788080082651e-01 -4.240945519212305920e-02
-1.121086852422934904e-01 -7.506491229175638220e-03 -1.909241249696545517e-01
4.263736574394888512e-02 -1.332392820563714497e-01 2.865065451287131526e-01
