-3.445808459728909746e-03 1.433604902020879868e+00 -1.430831000129312025e-01
-1.694388463649906806e-01 1.097444411684738025e-01 2.721251432424657279e-01
-3.185880404934792187e-01 -1.147775977802314301e-02 -8.258819122195650009e-02
2.810657883271076019e-01 -3.271242087715554164e-02 -9.609361574232604467e-03
2.941261056168847920e-01 -9.256155193363747868e-02 -5.915548191960691773e-03
5.036835359328625250e-01 1.729506268715396700e-01 3.361766931799964331e-02
-1.305808221291982762e-01 -8.907516721883934618e-02 -9.178396797920601244e-03
-9.114659588620711850e-02 2.323190480181897555e-01 -2.659929473192191272e-03
-2.156165906443991143e-01 -1.772676916775375866e-01 1.547078719127522317e-01
5.166313919245468095e-02 -1.518900976085599958e-02 1.354258284693271759e-02
-2.873113298586517095e-01 1.133300022341281049e-01 6.697772646525175511e-02
-2.184004665092333011e-03 4.566203200426934006e-02 -3.257873459725118548e-01
-2.293533302745637530e-03 1.036157254677879253e-01 -2.520598483376122745e-02
-1.661176442917491058e-01 -1.241872715996383131e-02 -1.648294928461036535e-01
-8.859795323807793943e-02 -1.038459081565289571e-01 1.294054721146540021e-01
-4.740486144650878086e-02 1.558238106272130108e-01 1.301773838722173893e-01
-1.078190610866337634e-01 -2.990299407483634209e-01 -4.975348953948691144e-01
-2.662001879841118315e-02 -3.560553010616018116e-02 6.474424137688041814e-01
-3.949259260741431327e-02 -8.985405346275321392e-01 4.653873639256313477e-01
1.086828560644794439e-01 1.143590580588705885e+00 -4.511359276316188605e-01
2.755995615171791258e-01 -8.028504736807973163e-02 3.269839517252728228e-02
1.317153082440122858e-01 1.061366259948265389e-01 -1.370507063722961258e-02
-1.799367972956311679e-01 -1.978372644217781529e-01 -3.171592236728048575e-01
-1.019794381592699778e-01 1.904414972596126243e-01 3.589429150143890745e-01
