1.885309342037136751e-02 1.892427137376207824e+00 -4.362022260744883445e-02
-3.428676723437871221e-01 1.358566585070166144e-01 5.481830316624518584e-01
2.572703205339159013e-02 -6.088188011851385778e-02 -3.990724442569893449e-01
2.141049648367248648e-01 1.001706614874096901e-02 -1.360422282273068828e-02
1.923092967909703632e-01 -2.149677409003352690e-01 8.932070419863654548e-03
7.389431556197969542e-01 4.125856067299756291e-01 -1.181457411872584989e-01
-1.588522222126267092e-01 -1.320360943614491134e-01 -7.146141131711460093e-02
5.089715937492297337e-01 2.067479779208604707e-01 -2.527725499710823942e-01
3.874200600574725373e-01 -1.012419560192048262e-01 5.074227484196994764e-01
1.984695999984949222e-01 -8.462858879702328530e-03 -3.369482562581452290e-02
-4.333697123756687364e-01 -8.864906412053391582e-02 2.332078078246491437e-01
-3.676806575796814913e-01 1.499755728450120063e-01 -6.818188860832874454e-01
3.757117724829556193e-01 5.767225470861924580e-02 -1.414583320973597236e-01
-2.569174756815896243e-01 6.914755541000049133e-02 1.538386393495120852e-01
-8.830432165863109917e-02 -2.401019048567829828e-01 -2.528674901538217612e-01
-2.169291774700576186e-02 9.784091326819548129e-02 2.326151163984729597e-01
-4.020133086018813917e-01 -2.792029093660447492e-01 3.573164735829720273e-02
-7.013269808703563590e-02 -1.230938300882398612e-01 2.948941980226542636e-01
-1.047217145883221068e-01 -1.099473281545101155e+00 3.966103038727031849e-01
6.416828567663384053e-01 1.175792352061987733e+00 -9.771686454815289857e-02
3.111839381814463651e-02 -3.000401809348847704e-01 2.114296507112335133e-01
2.076259045768854838e-01 2.233671500552287248e-01 2.051683551521325255e-01
2.064419369844386898e-01 -1.217479167251059313e-01 -2.743754290463523704e-01
2.464308557073041292e-02 2.062507718076932173e-01 1.988819320639197974e-01
