-7.017497354911812757e-02 -4.674100635206301924e+00 4.991922296153127880e-01
-5.937814788319758508e-01 -8.521056368139778847e-02 2.276212080755247447e-01
-7.589087320427680972e-01 1.152272787348406352e-01 5.238885634004517011e-02
5.600936556463214089e-01 -3.897520734828735511e-02 -7.546881272298129606e-02
7.794603038157823516e-01 -1.525422060828856841e-01 -1.332609551259310576e-01
5.044072208654655221e-01 8.431416031417736379e-02 1.184803788125527030e-01
-6.745349484538508585e-03 -6.450910073603140227e-02 -2.244881779437877048e-02
2.350629994996613348e-01 5.060170236920959880e-02 -4.378112026667622947e-02
3.270959773308457774e-01 -3.646752936688597846e-02 2.847460780715457274e-01
4.792257239758241499e-02 -1.493721972388797198e-02 2.577516206639975712e-03
-3.561677642599938576e-01 1.832545883314278257e-01 4.378044968688385441e-02
-1.636354191728544016e-01 -4.824565605117647066e-02 -5.286543245595406448e-01
8.150726708155840716e-02 -5.836749632344823829e-02 -1.212919522408071327e-01
3.054226988764852102e-02 1.365308789088887260e-02 -3.467946886708216936e-01
-1.344360514842533362e-02 -3.907077489250654345e-02 2.343369070691387612e-01
-1.145209124348505608e-01 5.562009059234099273e-02 2.860192241545259639e-01
4.428333981015100673e-01 1.665610062937308011e-01 -8.804398020810833003e-01
2.041572718613839099e-01 -8.595697771661924003e-02 8.911220764617339141e-01
6.094737083612341566e-01 -6.875356982775886472e-01 6.539808202042329821e-02
3.406363450614058874e-01 1.654464739299410514e+00 -1.224020227197911287e-01
-5.863350289448396487e-03 -2.183303785921477946e-01 -1.079510176488166356e-01
-2.314062984630557707e-01 3.481194589326396804e-01 5.454269381958782616e-03
-5.509610868530075145e-02 -2.852516645243402885e-02 -1.391745610718560233e-01
3.115205771200384166e-02 -3.081672296392547541e-02 2.899688784589468105e-01
