3.430129605703143014e-02 -4.307537468099265077e+00 -1.431413318960013947e-01
-3.347107579647597975e-01 1.856811429965046084e-02 5.509896104779391512e-01
1.297523497043570791e-02 -5.093305145847528553e-02 -3.933341632729868143e-01
2.706124933203231109e-01 3.543599250171101944e-02 -4.707625130609571079e-02
7.695275626974218408e-02 -4.398723474612936113e-01 4.551835013986029604e-02
9.313437411434145607e-01 3.099014306177783062e-01 -1.212676056126650720e-01
-7.216506522521121125e-02 -8.275236296492494148e-02 -2.090492794847764180e-01
5.609261899767252757e-01 6.070349953854269065e-02 -2.892761474636501018e-01
2.221441434315034325e-01 -9.586056698602908599e-02 4.743382414523386603e-01
1.925775509410382613e-01 2.013576705662175476e-02 -1.069977239087915727e-01
-4.060399164713386355e-01 -1.550035224599462941e-02 2.591359050080552229e-01
-3.090033540899937980e-01 1.096882692233173695e-01 -6.980177777256388882e-01
5.680604608347703532e-01 1.158226406785067136e-01 -3.556282360140037846e-01
-3.124714814057524270e-01 7.301211018227478367e-02 1.137821305130156009e-02
-4.995948968028399162e-02 -2.144972486011115509e-01 -2.129202134104327959e-01
-4.119804507634691748e-02 1.225962771656293193e-01 1.440599133366352036e-01
-2.619905460630330696e-01 -2.496070959616836227e-01 -1.302886952729087333e-01
7.913868101598868499e-02 -2.036345030146703705e-01 3.974752000637226113e-01
-1.890681333865146252e-01 -1.433046828269823436e+00 5.773379943041577755e-01
7.294895227998485776e-01 1.761418451550810893e+00 -1.817798011364105681e-01
-1.153800463776763138e-02 -4.226642787933144740e-01 2.997522549635789346e-01
2.192210905234082130e-02 4.155822499270329651e-01 1.732863937390980991e-01
1.812803984425318260e-01 -1.179190260083353148e-01 -3.677116036317758518e-01
6.190628423222422488e-02 2.010000882276016809e-01 2.716670024296991004e-01
