-1.151004349605523558e+00 -5.844295593743448869e+00 6.509028437115238486e-01
-5.004877384940204649e-02 1.372325251773173944e-02 2.301570598601763162e-01
-7.417826995663678868e-02 -8.077053452903804054e-02 -2.258236479964078336e-01
9.274323536922556011e-02 4.662654466363842787e-02 -3.776458836952528014e-03
2.539639013850975013e-02 -4.121244998333027376e-01 -1.146053048318712575e-02
1.830596733792562714e-01 1.752704544142970333e-01 2.293836339771232816e-02
-8.854483676462431008e-02 1.547472213322343554e-02 1.181876506234051660e-02
3.988344255361058743e-01 1.498188580632675015e-01 -1.923435171950678424e-01
4.215747169350269052e-01 -1.294717647572571073e-01 4.884528985597214046e-01
2.378292193740447480e-01 5.396657013006612991e-02 -2.238464212255785249e-02
-3.612392347861019815e-01 -6.379345638096844961e-02 1.780212911424247646e-01
-2.354562093365722697e-01 8.195734060876928850e-02 -5.942631341008814960e-01
2.992195061983500826e-01 -1.076565147096594649e-01 -7.400487412778425367e-02
-7.172250236667880585e-02 5.964298690214049348e-01 2.856874799745727500e-02
-7.652674202637177459e-02 -3.857209722357450299e-01 6.157504889218610913e-05
3.993110318737430608e-02 4.273069310483442601e-02 1.489734890928928746e-01
1.068879844730949158e-01 2.614939309072574769e-01 -5.676247770290550054e-01
-7.727585465278000165e-02 3.129395990685315820e-02 4.625701430177429629e-01
3.576359790192103483e-01 -4.816161896015910271e-01 2.799994914900378468e-02
1.571665747370549759e-01 1.215019557234843894e+00 -1.145675441108886736e-02
-3.137107251728545043e-02 -2.602154869645633140e-01 1.734463910645468385e-02
-3.887654727922568165e-02 3.555301650926304680e-01 1.214072097704303223e-02
9.684534019659962745e-02 4.405915286119945276e-03 -7.017777390431945150e-02
7.213880244622943028e-02 -3.259421862023783451e-02 1.042721987822113339e-01
