3.515645240124563170e-02 8.337325857612302993e-02 -2.866042332411905189e-02
-1.400969381719194273e-01 3.843077324355631541e-02 2.001008406668342843e-01
6.361880104228706534e-02 -8.951954294633869547e-02 -1.545089345155867266e-01
5.913767872397726610e-02 8.821914924847780448e-02 5.901934278383357338e-03
-1.703121349498774584e-01 -2.489821726748850661e-01 2.145830265700145872e-02
-2.412526618544490534e-02 1.603175129562746659e-01 -2.151681053332307400e-02
-6.074134335293542714e-02 2.183849598025034214e-02 -2.335860214312585753e-02
5.829957247347139493e-01 1.673622295693349138e-01 -2.355226640142313033e-01
4.363738734663956120e-01 -1.914789297725518480e-01 5.234732776494117612e-01
2.035500654963416645e-01 1.012706542091623418e-01 -2.355538141555604814e-02
-4.226134702101443374e-01 -9.926566024075927919e-02 2.065513338096557905e-01
-2.074266386020954256e-01 1.506227347217455326e-01 -6.725198730488849419e-01
-1.079294797839544517e-02 -1.127194164611849958e-01 -7.448660225082695541e-02
3.782067976618176675e-02 4.787930050121149139e-01 2.612137777868462143e-02
1.910260951356881551e-02 -1.802776881951100862e-01 -2.008485926327946772e-02
-5.365077887582611615e-02 6.563634957987406204e-02 1.500720240749577883e-01
3.421318117881831378e-01 4.208920387507698035e-01 -7.582794440098615807e-01
-7.769277380093400631e-02 1.590460275564921921e-01 4.909175728634326275e-01
8.767986989096424599e-01 -9.252450842716660739e-01 -5.287443320003148289e-03
3.306469468995483219e-01 1.487416834461648296e+00 -7.066297583162647888e-02
-3.928608556746588515e-02 -2.967221718408656894e-01 -7.817331542331433514e-02
3.182013241583851737e-02 3.834764458323930980e-01 -5.518852625886935120e-02
-3.699221959692839019e-03 -4.883731594453609437e-02 -1.301793962085335821e-01
-1.549105150412546407e-02 -1.507229072868108456e-02 1.473056724526471128e-01
