2.120598082925549341e-02 1.708516739549359453e+00 -1.385058105613787560e-01
-1.439674713700689612e-01 1.957819162674138622e-02 2.289418730330409768e-01
-1.201426672883885161e-01 -9.050711927480288577e-02 -1.954815622453527080e-01
1.357314548066198834e-01 6.407323152953919854e-02 3.862778671292595167e-03
8.513938641048254818e-02 -2.433117132141738859e-01 -3.664443927756906106e-04
1.858131747629110653e-01 4.839937038732929075e-02 1.360355528642214103e-02
-4.835441867308051811e-02 3.073467909901902648e-02 -1.448665048790813079e-02
6.288063560744882041e-01 9.601100543142195021e-02 -2.207925202285229427e-01
4.258328663210909082e-01 -1.538292263752947808e-01 5.316592818436863821e-01
2.009456290836880987e-01 9.493726810007192818e-02 -1.332942262882420847e-02
-4.977076877601519511e-01 -9.842232393848581590e-03 1.734545611490434236e-01
-2.608839821652733093e-01 8.020397436267406865e-02 -7.773294385811684304e-01
-3.584831346152272946e-02 -2.485059666408664936e-01 -3.229107343941090003e-02
6.711598946743831118e-02 4.091987530187280453e-01 -4.154163063462042171e-02
7.454807430589184027e-03 -6.994442278288300063e-02 1.596874291646828425e-02
-1.255199682716424125e-01 -5.039966805879423500e-02 2.094931399128043270e-01
4.591503649204157766e-01 4.806121939440909374e-01 -1.011945421858096772e+00
-8.821935357294888487e-04 1.878597971275592082e-01 6.866572200931290171e-01
9.508672097768209319e-01 -1.009635115974214292e+00 4.688277769194842959e-02
3.692875324040898466e-01 1.853171603335426409e+00 -9.687481532730370104e-02
-1.016063509523361108e-01 -2.721366115246524053e-01 -1.729247175525899238e-01
-8.658148480280167258e-02 4.177372350240121657e-01 3.102502240021677918e-02
-3.523293068184616544e-02 -3.856912021272788926e-02 -1.691049199159700145e-01
-2.193704445565370503e-02 -5.350961023249926202e-02 1.802869011490395579e-01
