-4.473379283625252174e-03 1.513393809775445797e+00 -1.003835447797408881e-01
-6.320072822858634198e-02 -1.677547014109358192e-02 2.344884369155348924e-01
-2.759109302173995415e-01 9.493998228331350375e-02 -1.034179096026705408e-01
1.339634830061776360e-01 2.493754032418165310e-03 3.201130467040425032e-02
2.596868223030787681e-01 -3.813205265563551771e-01 2.514989347048082399e-02
5.034195209771993307e-01 3.022043367329446673e-01 5.062805125700448744e-02
9.202644707422942549e-03 2.356156904896916995e-02 5.253450727047094537e-02
-2.086578309635782058e-01 1.435487121970705493e-01 4.314711383572955583e-02
-2.946104833330531192e-01 -1.640222510367329162e-02 1.576267717142869895e-01
5.392342893407723291e-03 4.060613783668957921e-02 -1.447762181931881893e-02
-2.348385986430950867e-01 1.059723282714165743e-01 3.265934094864251375e-02
3.239981978094027409e-02 2.306241396587123751e-02 -1.959102015052459345e-01
-7.466070509654676446e-02 -8.395203881685542324e-02 4.753402844119417048e-02
-7.776018089746285222e-02 3.377775447061112657e-01 -4.090285821106267039e-01
1.381269242708299365e-02 -8.453664630987565987e-02 4.659648524027952821e-01
1.878661398878957861e-02 -9.183592854996185106e-02 6.747829023362499068e-02
3.379420241612284825e-01 4.691689372956843462e-02 -9.919525426170763271e-01
1.950740414317051197e-01 1.607145573140873196e-01 8.031296167620640691e-01
2.669885236487696822e-01 -4.786525454795735324e-01 1.054978457921018076e-01
2.449755113364854020e-01 7.606389311780756834e-01 -9.572596089098682481e-02
1.545786043482320626e-01 -2.046442782082072420e-01 1.958421582341683329e-02
1.056184988869330182e-01 2.705569551661080596e-01 -8.352107811577834384e-02
-1.134606734570483416e-02 -6.491369396984295048e-02 -1.509761559607628034e-01
1.024620552973991572e-01 3.514828534027012591e-02 1.646632674876228886e-01
