9.187365464952465532e-02 -4.333479901129351219e+00 -9.401588171931846150e-02
-3.844076096889560423e-01 -3.844691005145098664e-03 5.094946132044481102e-01
-1.913575869215594083e-01 -1.702975126850405849e-02 -3.103600140654014794e-01
3.874028324564795511e-01 1.966043124725378594e-02 -5.275957303553144989e-02
2.607492429708271886e-01 -4.364570607952615311e-01 -1.186342187936648140e-02
9.397459850223085498e-01 2.783080032319358299e-01 -4.843008948911071282e-02
-5.443824675752189507e-02 -6.261697621662688784e-02 -1.996865892156650113e-01
5.099857349678655893e-01 3.504316189898310646e-02 -2.784326754687372896e-01
1.738107497878223495e-01 -6.633346678814153186e-02 4.098006647931087820e-01
1.564307522680153939e-01 1.001506922879134669e-02 -9.517713591399656892e-02
-4.169415757026650460e-01 2.588205072060653644e-02 2.458483998647922053e-01
-2.863335290083467988e-01 9.271088776117086816e-02 -6.464428531675844303e-01
5.515199790363520815e-01 1.299629011301891568e-01 -3.505359025909162707e-01
-3.095411407729639630e-01 7.667861769885918333e-02 -3.590046823511149759e-02
-4.114675947934594291e-02 -1.979330009535892054e-01 -1.212237472765894247e-01
-8.485361084369215379e-02 6.819584319322199994e-02 1.449328585736962272e-01
-2.576221726652262456e-01 -2.514767830060746778e-01 -9.908416035011946565e-02
1.378648154773915169e-01 -2.424921280374481292e-01 4.780839465319241532e-01
-2.307088933238053141e-01 -1.400533355567109783e+00 6.079949532631800935e-01
7.345894767944340931e-01 1.698063292939479441e+00 -2.093291164637269830e-01
8.103054678048098036e-02 -4.263288504719597860e-01 3.182762674753129573e-01
3.343356473603077694e-02 4.183905882439256652e-01 1.461370783763620840e-01
1.340864916211407798e-01 -1.069705417814313941e-01 -3.330679588015012516e-01
7.337683014639620471e-02 1.855748556486097600e-01 2.514741684668069799e-01
