1.068683852467404612e-02 1.697376503048807939e+00 -1.547325175407531783e-01
-1.675537579999738791e-01 2.694158763748713895e-04 2.534079223809578840e-01
-1.547649752710341386e-01 -6.350813889484369090e-02 -1.868902156427421080e-01
1.723752666397845579e-01 6.647770655033609366e-02 9.815911113270790397e-04
1.045034861847432828e-01 -2.825693024179242174e-01 1.373641417183780154e-02
2.268067748772447934e-01 9.048898427435207725e-02 2.665458798778211347e-02
-4.719652312767889241e-02 4.079830717724437089e-02 -9.110685871857376536e-03
5.627650852618937272e-01 8.443345503076971070e-02 -1.916093620093757277e-01
3.663884104810700149e-01 -1.086897787530424903e-01 5.286090483175198695e-01
1.849014590344612574e-01 9.983216826075864969e-02 -7.750144988030582306e-03
-4.748256498508094947e-01 1.409601792991324425e-02 1.499080372104588665e-01
-2.510907617327003960e-01 5.990849682475572757e-02 -7.597225841272874369e-01
-3.067862531914733806e-02 -2.331394854600252753e-01 -2.589310390434754194e-02
5.056616671773829508e-02 4.117476738226671928e-01 -4.931272980937694006e-02
8.242297220311740197e-03 -4.765831744528534197e-02 3.742789609615495422e-02
-1.470133676943443657e-01 -7.162920511740442087e-02 2.142313092908849081e-01
4.556199254334954984e-01 4.860193974955366869e-01 -1.007984116036494626e+00
-1.424613335512210470e-02 2.179169876516169613e-01 6.773097373858651959e-01
9.277412683750699829e-01 -9.486377608518390403e-01 6.457910674914810190e-02
3.647146427953065762e-01 1.812610719314648122e+00 -1.210795231386885551e-01
-7.428857664116959858e-02 -2.784536303255326639e-01 -1.662415226903575516e-01
-6.528018870316383560e-02 4.290428281153977896e-01 1.549121666095609924e-02
-2.258913036488238366e-02 -2.681647448908162576e-02 -1.463050813838083775e-01
9.473087434289724669e-04 -7.245399000313305915e-02 1.604308976474800863e-01
