1.697531928572762472e-01 -4.346751451589907944e+00 7.703524911060360969e-02
-3.968948976501489589e-01 1.295105497209264774e-02 3.822678274479313076e-01
-2.863722834015790530e-01 6.172363220675520373e-02 -7.051544284554527031e-02
4.179689997010552216e-01 1.365190019671131197e-02 -3.772649973150771913e-02
4.435723316778235614e-01 -2.582987844391562149e-01 -8.208321234763736596e-02
5.501164912410618779e-01 2.994933198182585521e-01 7.134607570323732439e-02
1.839638134142184897e-02 -5.948367592954933308e-02 -1.434920634606052237e-01
4.480458253971474902e-01 4.120726306288588492e-02 -2.608139607178513453e-01
1.435733333210063578e-01 2.778794421016501232e-02 3.151416533965055167e-01
8.909110888839848197e-02 -9.586631623888322920e-03 -6.340527427154553364e-02
-4.482627270774007244e-01 6.846076146126851836e-02 2.365426791692322728e-01
-1.846019670780148225e-01 7.674926453349355249e-02 -5.224434059747434800e-01
4.240392781091338326e-01 2.054024114644167343e-01 -3.007855252907067345e-01
-2.446237887694085733e-01 4.413934072620957771e-02 -1.398482919726284357e-01
-1.272625735392235967e-02 -1.521478460595137860e-01 5.612047029597681119e-02
-7.998010239627802165e-02 5.452319879199056529e-02 9.683633408893950467e-02
-1.763447429831365987e-01 -2.871701521598749030e-01 -2.482766824400182704e-01
2.299593743666928924e-01 -2.386434289049426116e-01 6.771118868660531698e-01
-2.030080602489747754e-01 -1.324572285907065883e+00 5.905040928224798424e-01
6.150530789560527678e-01 1.563720880155705872e+00 -2.497516086146525649e-01
1.701699918066558737e-01 -4.057070329040018963e-01 2.749499594073003816e-01
3.399365189378963231e-02 3.862146055056625560e-01 8.897891595508092277e-02
2.670639925449956511e-03 -9.773249492911677272e-02 -2.856983790881337248e-01
3.926301646837161707e-02 1.571610494182147655e-01 2.547408925060666851e-01
