1.111648993573933868e-02 -1.984779387926180583e+00 -1.160387556426787162e-02
-2.356520767766006608e-01 4.822089691323037941e-02 1.823287797576064184e-01
-4.618904829653373012e-01 1.155533553636790556e-01 1.790080896824032455e-04
2.933233901082368811e-01 -8.561579452660081357e-02 6.130083941136495185e-02
2.309052958476494333e-01 -5.468918444578162869e-02 -4.086850585342723108e-02
6.361197913540540538e-01 1.499561942299394712e-01 6.750753725151815987e-02
-1.459393925583655771e-01 -8.575725191576144546e-02 -9.615080508815582183e-02
6.175062723673891973e-01 1.364431259968210408e-01 -2.001691974515453498e-01
1.352259884892999808e-01 -9.675501462308183642e-02 3.494096118902131343e-01
1.632704671873601299e-01 -2.197010312482813171e-02 -4.546423198186022585e-02
-4.943438592815829202e-01 1.031962899976846953e-01 1.986048758130135039e-01
-1.330108683706799633e-01 3.544324244402142360e-03 -7.233488324774327571e-01
1.690053255322651604e-01 4.729769140218056250e-02 -2.671021188504646426e-01
-1.047102707787107706e-01 7.470195840863588788e-02 -2.266410467854067523e-01
-1.142679937977704729e-01 -2.496704838271748272e-01 1.498944745971331552e-02
-3.405970543235288528e-02 2.586296572039605279e-01 1.435601129189122138e-01
2.460396711659137425e-01 6.976957637481488381e-03 -1.095430633506038198e+00
1.922498075348227642e-01 -1.677210993276139206e-01 9.863024071480226418e-01
3.564215001322436627e-01 -6.964076836394033077e-01 3.532964209859673632e-01
2.833506227196273541e-01 1.931773480608481197e+00 -3.161490054051929177e-01
-7.069185192630467185e-02 -1.862552625554786401e-01 -1.171747807473546288e-01
-2.517707999615160230e-01 3.627094908442785037e-01 1.376587332968345623e-01
-2.954966333336114109e-02 -9.867855248996043604e-02 -2.639674498783164958e-01
-6.595647392128477227e-02 6.003163658341101327e-02 4.037690583132316213e-01
