9.006942480163264431e-02 -3.619773660348084010e-01 -7.357452498506471261e-02
-2.366658184714877378e-01 -1.987649268103754835e-02 2.936796983361144031e-01
-4.086526651663003884e-01 6.677412864525739122e-02 -1.703886512562334810e-01
2.239061930483203233e-01 2.773098486601884710e-02 5.727281265078094236e-02
3.568795936243213673e-01 -3.376629435973103610e-01 5.143632198592965055e-02
6.201587430711519300e-01 2.220738605895928031e-01 3.718310231488630019e-02
2.481720163410260777e-03 4.925893935141605062e-02 2.266697947624973959e-03
-1.781467541542043898e-01 1.417179735409898333e-01 2.783407306918365964e-02
-2.786284048125293733e-01 -6.411838060205208439e-03 1.606768214626228541e-01
-1.563268305140178005e-02 7.557002790646197288e-02 -2.200712206548223124e-02
-1.939198498407779803e-01 1.129487042110041140e-01 4.690374303853452748e-02
1.668321439764625103e-02 -1.301482592231486407e-02 -1.943374686461143974e-01
2.586755158730713947e-02 6.154427632693229566e-02 -4.209579933889229936e-02
-1.176299289404703907e-01 2.237640302175760709e-01 -4.271357792376421214e-01
3.051361224596099361e-02 1.136989123595011537e-02 3.929088835820504499e-01
-1.189388679333756773e-03 4.723664176546737981e-02 4.312578446507337598e-02
3.469478587380189771e-01 8.394659207928462097e-02 -8.328015613735882949e-01
1.111527295627979112e-01 1.562361902151692128e-01 5.751454062561205394e-01
3.302356624127559814e-01 -6.264952255896664157e-01 1.549480433111956323e-01
3.245304840533924651e-01 1.108774511802888219e+00 -8.754941267909099878e-02
1.290657756279012802e-01 -2.867053699332405836e-01 9.855537953751186686e-02
1.486477967381742704e-01 3.669410813185944864e-01 -1.329019382193333265e-01
2.017993036431984036e-02 -7.381996965312649650e-02 -1.628017082959960227e-01
6.898602969435534138e-02 3.296430611717601766e-02 2.003114464247983673e-01
