7.572297214707061561e-03 1.543517971300179648e+00 -6.201256936377860796e-02
-2.262992176118062623e-02 9.665761300851063997e-02 1.708502985522055151e-01
-7.340552631707486508e-02 -7.422756300374225291e-02 -1.334368818591359362e-01
-3.674647834017077258e-03 2.279719357734111621e-02 3.379334390038398611e-02
1.936129501925955287e-02 -1.277287479383437951e-01 2.927864649650718798e-02
1.171550430368354795e-01 1.150555498313096808e-01 -1.036893861250496457e-02
-1.278878526627408307e-02 -4.217633101395460576e-02 2.490098615095204942e-02
5.173340210360048708e-02 2.040113758903599472e-01 -7.011234198581704768e-02
-6.436765468583086069e-02 -2.080884620281845676e-01 1.742189946871061101e-01
4.871525486299424501e-02 3.012092348242901771e-02 -7.187309177054411295e-03
-2.492956144645557814e-01 3.489816307748187796e-02 6.703112588277668205e-02
6.888063175562651741e-02 1.025729210369414474e-01 -1.923928606292230337e-01
-2.655805085468303933e-02 -5.082949073381452798e-02 -2.655193554809336456e-02
-8.545561626290132384e-02 1.340728119252410644e-01 -1.879763592690332497e-01
-1.919694629975900180e-02 -6.014914166205658635e-02 2.250696256572780329e-01
8.646924821308007991e-02 1.765806928052309280e-02 4.733205595570697671e-02
2.174943887495947303e-01 -1.417050730404717240e-01 -7.227137060003621105e-01
1.135087413972581394e-01 6.515192797885557829e-02 6.060438634729765628e-01
4.411213418773271000e-01 -8.479828324206951651e-01 6.047700208382805753e-02
3.190057357996751164e-01 7.954963875314201571e-01 -3.613815149399160400e-03
2.174369937780201989e-01 -1.578366234730401996e-01 -6.147764021383798211e-02
2.365318821873108046e-01 1.461177184903143800e-01 5.578476390150254732e-02
-1.760261470192742705e-01 -1.598652946037945055e-01 -2.450009141747415409e-01
-1.454024691570194316e-01 1.720766804029751629e-01 2.731146269150810935e-01
