3.929136133062028496e-02 1.707861514105249778e+00 -1.308703524171530574e-01
-1.019538745882736658e-01 4.707357212404103541e-02 2.048312727870711947e-01
-6.912373177923404610e-02 -1.010842152483456130e-01 -1.816778598299831904e-01
8.138780920803674601e-02 5.414165787842307315e-02 9.711635924993444399e-03
-9.288276367763935448e-03 -1.918109307225433768e-01 -1.544964004720154622e-03
5.386757387740386677e-02 3.848654276685211512e-02 -1.129025067271384724e-03
-6.618496505438066502e-02 1.581148239904752589e-02 -1.970124446775638541e-02
6.836767035823827499e-01 1.033018576384993892e-01 -2.382462898692973285e-01
4.623465503647681829e-01 -1.849194186787617988e-01 5.370840715010301025e-01
2.145585873734153770e-01 8.353467960609611831e-02 -1.989031844934438173e-02
-5.152860929862167483e-01 -2.022927338167925318e-02 1.656318905884732184e-01
-2.454476080129351645e-01 9.680425330638850467e-02 -7.872548766898570527e-01
-6.227081235975323592e-02 -2.629694070366664915e-01 -2.043478931635024642e-02
7.189268682601210325e-02 4.139301711855231103e-01 -2.140988354563184287e-02
4.243742485002601449e-03 -1.118059517548633669e-01 -1.266993634041193445e-02
-9.989517296763578136e-02 -4.690330257143904280e-02 2.038122993508833247e-01
4.630440703615423814e-01 4.549683893813091795e-01 -1.070090201389718221e+00
4.660752695709505233e-02 1.592725321141973127e-01 7.703754117775638566e-01
9.625086224364342025e-01 -1.028414298612547739e+00 5.169339404106778474e-02
4.264332240521231387e-01 1.813229448751649153e+00 -9.475776262512289327e-02
-1.034060746403170916e-01 -2.470105690627695250e-01 -1.920117938930858692e-01
-7.063767836647863452e-02 3.807433496794452310e-01 5.073928548264973470e-02
-4.736480391608133278e-02 -4.740553113837427113e-02 -1.732705712339225324e-01
-4.714876619260981866e-02 -2.792054025391440056e-02 1.862516764593419583e-01
