2.137356175512283851e-02 2.018213006109511376e+00 -2.073342802522218364e-02
-4.439933516172295258e-01 5.695921313085768045e-02 4.317506040534807021e-01
-9.542775356061039549e-02 -2.602816584096874497e-02 -3.150350649752913790e-01
3.340369227589187195e-01 9.651876418555010301e-03 -1.036638982566868636e-02
5.144738622671972683e-01 -2.713572066445307240e-01 -1.129477152857113059e-01
7.036514238278704925e-01 3.729879940982336328e-01 -1.097097991831094549e-01
-1.239831249436546962e-01 -1.348270892201601512e-01 -7.681601106240175392e-02
4.309342898835689106e-01 1.272558356840495508e-01 -2.637171556008449658e-01
2.769196083034885514e-01 -1.465716490011597650e-01 3.912123096358304242e-01
1.699534919977811753e-01 -2.098348895888270740e-02 -2.693942023281957129e-02
-4.573741966211204435e-01 -4.073535042269250950e-02 2.444857378329036712e-01
-3.122378365297583946e-01 1.535773910986922564e-01 -6.133972215114860127e-01
4.075355824781222158e-01 2.639600552270745734e-02 -1.625586857154698861e-01
-2.399885518337329382e-01 2.801020647569759173e-02 4.281152473651970991e-02
-7.358973687326861302e-02 -2.195365172833363132e-01 -1.554359186044188823e-01
-4.475688129025336831e-02 8.427590175290181063e-02 2.456333111432818794e-01
-3.678534298584077988e-01 -3.210429679904743261e-01 1.830146027060073483e-02
3.188475107448086182e-02 -2.149152712435855317e-01 3.737487171039317047e-01
-1.592453792863106898e-01 -1.140412202403625619e+00 4.283886782102628299e-01
6.738478165226307048e-01 1.176773836098256254e+00 -1.050161435687377853e-01
9.709434504334159277e-02 -3.188015869904811117e-01 2.728081216876471760e-01
2.103172636658493244e-01 2.516702210758103297e-01 1.555301157895517539e-01
1.608006185974363844e-01 -1.355770553066164286e-01 -2.953535229032613341e-01
2.348198973722731911e-02 2.299271855285412447e-01 2.218641218637278090e-01
