-2.167906663017220292e-01 4.101188343056419328e+00 3.928232734567344564e-01
-1.230529010186647010e-01 7.148352064145137297e-02 2.141969992457795902e-01
-3.750417187053949886e-01 9.833570412482510459e-02 2.874728417638794387e-02
2.341280562587158554e-01 -1.090880211093622071e-01 -2.625700260489495855e-02
5.044058369628569016e-01 -8.722627866647768291e-02 -1.323932459611620593e-01
4.080224462293322585e-01 2.252365987186424057e-01 1.290173177975298680e-01
1.552598904209489053e-03 -1.189152182999824864e-01 -7.398090644713887706e-03
2.681877169002030437e-01 1.114023735535072251e-01 -1.120924546677617289e-01
3.562592399996430959e-01 3.160416564857225497e-02 3.443164414038851762e-01
1.641415176405291443e-01 -7.414899667225061108e-02 -3.094995266172039308e-02
-4.661889280711090655e-01 1.152969360334583776e-01 6.946350215380590887e-02
-1.528391786677004149e-01 1.951252111577170354e-03 -4.908204206461692087e-01
3.519426777189037514e-01 5.161959498138930791e-02 -8.937971795804543207e-02
-2.197913917069387046e-02 1.426984865804418745e-01 -1.747842014123567322e-01
-2.135572371443200321e-02 -3.726261972962254809e-01 2.209227908747018326e-02
-1.540361136146338288e-02 1.538474825862628237e-01 1.928250370978714656e-01
2.019049943876154718e-01 -7.058473747802473941e-02 -9.006924750420359782e-01
2.677018577226007445e-01 -3.186553648334070066e-01 9.560506356658157179e-01
3.802878873958764339e-01 -1.050701872417467708e+00 2.473972679381736262e-01
5.090327246258271598e-01 1.501180743673578455e+00 -1.810224556814789276e-01
-3.504046147344560408e-02 -2.924901214030317664e-01 -1.381510626686064183e-02
-1.383382184309607799e-01 3.098558244323718069e-01 1.307948834190413856e-01
-8.334825551372010422e-02 -4.422442128928992522e-02 -2.401953618029775972e-01
1.409220307192772829e-03 5.486822061786704452e-02 3.316431930214151502e-01
