-3.643292329681271369e-01 5.334043749193558170e+00 -4.353825446441368652e-03
-9.288786172172533440e-02 -6.651706148324362800e-02 1.271214626385040736e-01
1.060952228275107920e-02 -1.092802726553984694e-01 -1.992294161187475321e-01
5.478572876198366248e-02 6.206473356692370630e-02 -2.634590160038698461e-02
1.492538027255942701e-01 -3.485229868523470054e-01 -9.697243857581008819e-02
5.087153204274917906e-01 1.459423260611856718e-02 -1.701269659688672831e-02
-8.146862544988683896e-02 -3.860093464234640864e-02 -1.026779065491446458e-01
3.851557976605680667e-01 6.707322779230123766e-02 -2.351274264357202659e-01
5.069976741464301551e-01 -1.914476068497383554e-01 5.294115867111790497e-01
1.962093818526838840e-01 8.612286843810024184e-02 -5.795970003851963481e-02
-4.532089473644570488e-01 -7.471473305087019193e-03 3.152837709186477877e-01
-3.147302224457727005e-01 1.119412273284420001e-01 -7.986091882913434192e-01
3.177743994788954640e-01 -1.597804694873360826e-02 -2.464933732760009877e-01
-1.877487786831343874e-01 1.270285047774611653e-01 6.959301145961788171e-02
-1.515472655757277298e-01 -9.943121415592720558e-02 -2.352449437727209824e-01
3.998462083502718478e-02 2.796221497467551997e-01 1.706212723305903234e-01
5.840628005412552143e-02 -2.927365543261404857e-01 -7.301766853442530625e-01
-2.030768620079873021e-01 2.679552602167954434e-01 4.216390735949767654e-01
3.846102800961739288e-01 -1.745602703213914975e+00 5.960419881885610227e-01
9.486154281551391343e-02 2.023788814065739849e+00 -4.707467415581890746e-01
-1.365464019390170980e-01 -3.150389214164960872e-01 2.387207645153957905e-02
-1.191106443975557400e-01 3.576193711151832155e-01 1.032155109136014132e-01
-6.178484829678699414e-02 -1.126905811257168655e-01 -3.925157770415039216e-01
-7.086535852378759992e-02 1.353579860342667973e-01 3.567947488036389836e-01
