3.141524148619360968e-02 1.530577729584190250e+00 -8.308096404937938273e-02
-4.837732733631897736e-02 9.540412234481784881e-02 1.721019091118444200e-01
-1.023462522032272670e-01 -6.532971723750753690e-02 -1.327552916821138906e-01
2.552074817356364891e-02 1.759728566677756442e-02 3.207062664770074512e-02
1.277178565222107480e-02 -1.123800288389890795e-01 2.898902266691207388e-02
1.062507016783330038e-01 1.127366866157168135e-01 -1.168718106027959169e-02
-2.152608790762371160e-02 -5.037847401691790405e-02 2.413334907772547375e-02
6.228008067042067192e-02 1.967674072666510676e-01 -6.512948559595423126e-02
-5.238714830315996385e-02 -1.994331009195739746e-01 1.961653183618461138e-01
6.115771849260177861e-02 2.454089964471781182e-02 -2.738735928753399228e-03
-2.550130779063571884e-01 4.665080151375616130e-02 5.471158022591331160e-02
5.871864954034991535e-02 9.582672653529869522e-02 -2.289651583683142699e-01
-4.165449614115739052e-02 -2.039124054670331948e-02 -3.416701019841208997e-02
-7.341264229255574369e-02 1.067264364602226595e-01 -1.773539691391200768e-01
-1.547600592572593269e-02 -5.021749570545391145e-02 2.169227811007249651e-01
5.739068573321092631e-02 3.683663806848384847e-02 5.684737167603226560e-02
2.176124036955433549e-01 -1.309383150076958713e-01 -7.745487882270615243e-01
1.196153461528203232e-01 6.298607451581200722e-02 6.885797938821189845e-01
4.429279937672813139e-01 -8.092339118434479506e-01 7.928714449821024080e-02
3.067701437060310621e-01 8.330442776773194780e-01 -4.551584413895381348e-02
1.982425397272514767e-01 -1.558638154546654331e-01 -7.048032985458747846e-02
1.990089988371485374e-01 1.465522922901942027e-01 4.570811235521970300e-02
-1.737465409062829702e-01 -1.510478014114616796e-01 -2.406884396979842022e-01
-1.389847880873635033e-01 1.597287825836237740e-01 2.764263874823024159e-01
