-1.437240913876318971e-01 3.896950542289603803e+00 3.876048989179791682e-01
-1.705922643090125035e-01 5.879702457124428433e-02 3.267170049864057679e-01
-4.494253439702219910e-01 6.309565218093715622e-02 -6.276067984050585913e-02
2.880394111381617828e-01 -9.504564329548949309e-02 -4.133604718846456416e-02
7.684148415593574644e-01 -1.642403827775797409e-01 -1.297534390780916980e-01
5.698861820869902672e-01 1.872153208008275616e-01 1.304461061921233789e-01
1.134688475307269948e-02 -8.320221555952528325e-02 -4.023429843448186188e-02
2.836997200191331281e-01 9.252381504106095556e-02 -1.232550236611770073e-01
3.472823794252720142e-01 3.273222577072435607e-02 3.491249201160301907e-01
1.782184372676421935e-01 -5.243112522513797974e-02 -4.156716069066564156e-02
-5.024418421305931748e-01 1.166129565707481747e-01 4.326482928167157266e-02
-2.064151329597677387e-01 -2.352773415090553266e-02 -5.221098577850262767e-01
4.617405227064408924e-01 7.365908719734437504e-02 -1.096131290655554535e-01
-3.306200487113849368e-02 1.715445949645144630e-01 -1.165803035342565797e-01
6.918638682219533861e-03 -3.543001705377956112e-01 -7.799795294532818613e-02
-6.290568432804902188e-02 1.495487213131616311e-01 2.059832250596510539e-01
1.756731135231509033e-01 2.282356784847061615e-02 -7.957414065589929475e-01
1.938558098955153464e-01 -3.405102619862975244e-01 8.218280381029079429e-01
3.842402503171697403e-01 -1.116119794974249846e+00 2.240641959531641525e-01
5.722584901950700242e-01 1.600341946527696901e+00 -1.237974467301567044e-01
-9.365596077426890931e-02 -3.305137773693408998e-01 5.420472908716818770e-03
-1.667419229874318454e-01 3.584364528687635221e-01 1.415088452314837431e-01
-4.733863626701356742e-02 -1.744753545933749872e-02 -2.327468447791599115e-01
2.805507595430780168e-02 2.576507244948578190e-02 3.204414408743585518e-01
