-4.424305292436814946e-02 -5.052216413920652904e+00 5.856557934389069464e-01
-4.771626968618165598e-01 -1.125302155424733747e-01 1.310045590170575980e-01
-7.095464754031286514e-01 3.740035911207353209e-02 2.295730116588089523e-02
3.960324501014191312e-01 -6.524339015433595901e-03 -5.727960020944773689e-02
1.172771166758159733e+00 -1.637764350025491811e-01 -2.373471717389873670e-01
7.579180928413458140e-01 -9.575093906857147508e-02 2.201334033139880908e-01
5.908978871724266183e-03 2.857613753558411671e-02 -3.464488343886532734e-02
1.941812517576725905e-01 5.975048999520488069e-02 -6.174483583538194209e-02
1.569544606475989645e-01 -5.682428567560545568e-02 2.615040592696357136e-01
1.026878452654569063e-01 5.204119076115933107e-02 -3.289236829301029480e-02
-4.312945511409445598e-01 1.370028801746140390e-01 1.256695271082418908e-01
-1.837677825163492873e-01 -6.081943422413906009e-02 -5.417789628044850092e-01
2.469814236108714423e-01 -8.751338453595543243e-02 -1.420620899753491373e-01
7.630153262427870342e-02 3.813583509852478404e-01 -2.161605992187503045e-01
-4.162659863719907899e-02 -1.168247314992774538e-01 1.266665202903223819e-01
-1.107438212012747808e-01 1.365151157393753867e-01 1.797945548590027531e-01
5.603452844245057074e-01 4.572678154023294139e-01 -9.652305404967765901e-01
-4.365135291995299316e-02 1.804729399755314878e-01 6.168943538907967206e-01
9.006186857806518509e-01 -1.054889130784613771e+00 1.396373590210944204e-01
9.485142638522026104e-02 2.048971768031476071e+00 -2.370640336061828057e-01
-8.662205145276900831e-02 -2.912556553708247620e-01 -1.695483389929250129e-01
-3.268804497147895227e-01 4.957360189008047091e-01 -6.629623537847360859e-02
-1.346999500144767103e-01 1.980492986342576728e-02 -1.319361191390860111e-01
5.303181460401212161e-02 -1.487823590668005125e-01 2.733737769409095852e-01
