2.536591187974580192e-02 -6.054097008003275215e-01 -6.648081024294098806e-02
-1.774190549737804379e-01 7.213450255815981316e-02 3.085625517593381106e-01
-2.781155909976543161e-01 8.420465998132248275e-02 -1.919925697470537818e-01
2.579632313331811089e-01 -3.774034390306542364e-02 7.097547842981459520e-02
3.982099827096645672e-01 -2.334991319830395651e-01 -6.195841668357712079e-02
3.325839182764513402e-01 3.640204726419456471e-01 -3.981266901670196205e-04
2.330967178965357572e-02 -7.240564911649692570e-02 -2.392656294365597819e-03
1.685659977125166242e-01 7.218133288369249501e-02 -1.491916613519012891e-01
6.345294068682541533e-02 2.293008357406135095e-02 3.161503664989526174e-01
8.492680400240545935e-02 -3.359137692980967635e-03 -1.925867217366408757e-02
-4.408424278493247028e-01 7.365007903953926793e-02 1.169378152878552818e-01
-1.059726508725945537e-01 6.924481538913999923e-02 -4.661809030255332220e-01
1.076210187159005599e-01 3.676199802594116994e-02 -1.385139347451144476e-01
-7.297930486528629579e-02 2.716330253632305569e-02 -3.240451996556766856e-01
2.417003873496691851e-02 -1.173689459260127133e-01 2.277027350967481822e-01
-3.336125807787961722e-02 9.376728577569737322e-02 1.013757982547893871e-01
2.161473560146594530e-01 -1.807518798161944773e-01 -8.653506416848897320e-01
2.565226164515632679e-01 -1.460456077700918454e-01 8.185730139655817972e-01
3.333087876709849295e-01 -1.072616496015155185e+00 2.147883463090061174e-01
5.005513985820071454e-01 1.202667538947416181e+00 -9.589909604079216443e-02
-1.998127297790792175e-03 -3.250383753302653611e-01 1.454704506136168252e-01
7.504826885636076139e-02 2.922530260196171126e-01 1.711437343084996898e-02
-1.563981685094897184e-02 -1.134223998431816427e-01 -2.876160720190018560e-01
-2.997669016798468200e-02 1.415106062700199341e-01 2.984405356619366234e-01
