1.749086490915538125e-02 1.546432665565655729e+00 -6.839329147996965619e-02
-3.162830568907529227e-02 9.311061291328971701e-02 1.707757677789276118e-01
-8.158952226564364363e-02 -7.083676481769171640e-02 -1.346714722187581925e-01
6.250095073081636012e-03 2.202355152598274579e-02 3.201272978639896349e-02
1.908818378139029090e-02 -1.298478801278634964e-01 2.827320984369514900e-02
1.178199727902287108e-01 1.158507061012253314e-01 -1.161911732897577543e-02
-1.629439764644045538e-02 -4.574097680139599387e-02 2.525301436869290331e-02
5.287598287417701048e-02 2.009505117275943165e-01 -6.768902300174310660e-02
-6.035335927613231372e-02 -2.083342278920136681e-01 1.825468120783043380e-01
5.359294882508190694e-02 2.830487844703971981e-02 -5.001310727952635801e-03
-2.535363340163853119e-01 3.720391766128711836e-02 6.314095891135587668e-02
6.434954410271390146e-02 1.033723254447792006e-01 -2.077563432697066281e-01
-3.635480264112569970e-02 -3.389119379912160224e-02 -3.160718339713317060e-02
-8.022572569885204341e-02 1.212367486182971965e-01 -1.831334510414490968e-01
-1.767219369587256714e-02 -5.738207304807662473e-02 2.234225053254002558e-01
7.974838548266460769e-02 3.112686634605893454e-02 5.184104350852935389e-02
2.149422753030584554e-01 -1.391453123558683280e-01 -7.293029721841912671e-01
1.147280657771652390e-01 5.725032394204909725e-02 6.324518932937090998e-01
4.410946248968332095e-01 -8.428183315395685327e-01 6.106969911838559112e-02
3.054937137444695971e-01 8.143073235588428327e-01 -1.931327351285975699e-02
2.026928950136391849e-01 -1.610404494584582180e-01 -6.689272455928102490e-02
2.165137700613081195e-01 1.479271228224288137e-01 5.178707919862785697e-02
-1.730169035154315860e-01 -1.565535358537462340e-01 -2.446819972690197353e-01
-1.411608542945891609e-01 1.679322569996627712e-01 2.767195927489615737e-01
