-4.516945689406205028e-02 -2.598671362279850072e+00 4.065501638087959391e-02
-1.519783727145013474e-01 -5.346784630568558044e-02 2.421696759932069620e-02
-2.455504261919800035e-01 7.577792903542869551e-02 3.688269018468690735e-02
1.867466729764230005e-01 -1.483679970543150262e-02 4.388212860740549337e-02
7.548829256725019671e-03 -1.742479334495788956e-01 -6.333547223248606195e-02
6.453934654369957169e-01 8.787967080692529742e-02 6.054451766598432927e-02
-1.454957459394584651e-01 -4.509822391797976837e-02 -7.138255138552683510e-02
5.591677332879538831e-01 1.339412342408999035e-01 -1.562635675092010068e-01
1.864959323868512764e-01 -1.460774935048807233e-01 4.155184109502928491e-01
1.945081089366132443e-01 2.692827813256571529e-02 -3.756736955356290014e-02
-4.450042355210631073e-01 6.927655710304002346e-02 2.479751985630269662e-01
-1.583916193116334525e-01 4.363711636788330378e-02 -7.556198692470452727e-01
1.225331061625088147e-01 7.513375408039311976e-02 -3.131850779872522028e-01
-8.616537619068199982e-02 2.215859780005078605e-01 -1.021864840704874156e-01
-1.338115040787037635e-01 -1.926246897265761204e-01 2.954912976821599813e-02
-3.053735765711267786e-02 3.086861121809576503e-01 7.673264289194331456e-02
3.016525134713176626e-01 1.404360454511841549e-01 -1.151233792953807900e+00
1.378437373342214778e-01 7.563690111854402820e-02 9.392579037831521038e-01
5.227825346704647602e-01 -7.555092367798439401e-01 3.484856408496462832e-01
1.892671407262750405e-01 2.142747103725946900e+00 -3.507365934657248885e-01
-7.882251101116231895e-02 -1.700114507982799783e-01 -2.097776264195241602e-01
-3.109514038885605736e-01 4.137343206484775937e-01 1.338520132876682700e-01
-6.075529401302683097e-02 -7.489850086477699287e-02 -2.416644731149783509e-01
-4.163613449830469437e-02 -2.328478628160125189e-03 3.655297417386996206e-01
