1.455475956294041869e-02 1.931853124291898149e+00 -2.844734356155350849e-02
-3.828431923998581454e-01 1.005111702037543436e-01 5.443201079630254346e-01
-1.351256364177736737e-02 -4.906273160823841628e-02 -3.945811351910645248e-01
2.587377501156018500e-01 1.086199807243462025e-02 -2.315888512899627605e-02
3.016274362535583675e-01 -2.687416293538558154e-01 -1.552956962023687229e-02
7.912062701841007240e-01 4.076177103532587220e-01 -1.292025754497939660e-01
-1.518269661472607113e-01 -1.323303305632307636e-01 -7.474315221295718681e-02
4.348102495637711784e-01 1.828705650703240371e-01 -2.295946467759866494e-01
3.265105097335022633e-01 -1.207875773427451449e-01 4.713263489759881297e-01
1.913947276114528750e-01 -1.262838860121094815e-02 -3.353419548254815002e-02
-4.240929153957758158e-01 -6.499075056429837183e-02 2.124402225686301271e-01
-3.483613627604894014e-01 1.432907072048696939e-01 -6.578804736454874069e-01
4.095516311904650597e-01 5.655461414148482691e-02 -1.443678001632955066e-01
-2.605378101035510929e-01 6.419682840110783884e-02 1.304537971997344337e-01
-8.358644499878911671e-02 -2.432633622655955286e-01 -2.319854318839099927e-01
-2.591903448681479039e-02 8.868004946718346937e-02 2.431898336389255455e-01
-4.006031354070511141e-01 -2.908420575375548212e-01 4.112391077331097045e-02
-3.913798912212427400e-02 -1.563043422679880612e-01 3.258397066971350231e-01
-1.256517470852041851e-01 -1.112517556843959809e+00 4.117236723330816028e-01
6.759443007115814028e-01 1.174022929097445767e+00 -1.062677627067334096e-01
4.501938379265647827e-02 -3.043498373486352437e-01 2.313994171502251340e-01
1.961245910163833539e-01 2.310422196428921771e-01 1.946004367028576765e-01
2.094002545473599430e-01 -1.199921054392193154e-01 -2.824747251213843291e-01
4.339173620102021456e-02 2.117860030787516445e-01 2.064643114619574837e-01
