-5.857032282782917605e-03 1.622835850108270694e+00 -2.655605358668995941e-01
-2.702561860591798926e-01 1.344772384420800555e-02 3.651080932665332623e-01
-4.606001529595706301e-01 4.330948962906632643e-02 -9.893354552622285469e-02
3.299873899699009572e-01 4.195312364003721262e-02 1.403130908593992580e-02
1.246343993142429579e-01 -2.803175338403536831e-01 7.960157483581362103e-02
3.010894955400144068e-01 1.864094886369074000e-01 1.381617395340765664e-01
-4.162236594737449974e-02 8.830699443755493649e-02 1.286886761205530139e-02
1.156965176585440513e-01 1.011525639181670294e-01 -3.445519982739686515e-02
-2.204637719152796257e-02 7.150388244910033109e-02 3.475290129320398602e-01
4.941958922772202167e-02 9.591118803098698520e-02 1.113219087655150687e-02
-2.607902993630360489e-01 1.241117985123686568e-01 8.604151082674217285e-03
-6.933246134818168982e-02 -3.554563946793324464e-02 -4.320541513488692087e-01
-8.732501531825656582e-02 -7.853838304450322383e-02 3.874910384988856926e-02
-5.936194097757906823e-02 3.523384745546709884e-01 -1.862638435028458050e-01
3.971424247641773542e-02 7.346290979260036713e-02 2.393143884416496781e-01
-2.031977681883543052e-01 -1.856885114693122840e-01 1.364501802222149451e-01
3.759971670264508070e-01 3.274255622835028912e-01 -1.034245453257210290e+00
-4.462708272287141745e-03 3.213832149104409730e-01 6.996916450552292943e-01
4.977019505807175892e-01 -4.205197964205757422e-01 1.468872216386867269e-01
3.053466324253984454e-01 1.057491506239103041e+00 -1.725523419185406027e-01
1.455226703249251075e-01 -2.159598451567051047e-01 -1.240647139703738439e-01
1.466824733066176834e-01 3.273503576456240904e-01 -5.011533494929074073e-02
-2.149780605309547024e-02 5.179655594443048627e-03 -1.242560952076181974e-02
6.371353912648819451e-02 -9.164623702272801931e-02 5.106739280613566134e-02
