4.007254132017798454e-02 1.697100363310523941e+00 -1.242042150234080183e-01
-6.320899951853611864e-02 4.109073454781338175e-02 1.957371326443021198e-01
-4.160718154105001038e-02 -8.282130419505513708e-02 -1.661586789313897194e-01
5.875664014971933996e-02 4.879745499678873888e-02 1.274265303652490251e-02
-6.865886989876188173e-02 -2.155093685084519539e-01 1.148379611192683857e-02
-6.648733180884902963e-03 7.479386826806337651e-02 -1.435111322852826964e-02
-6.646245210418944005e-02 1.097922253716075366e-02 -1.833593753471425905e-02
6.841746797541987668e-01 8.976221271690251746e-02 -2.307534202944835078e-01
4.420680661460123506e-01 -1.774210002079794068e-01 5.362409075230064603e-01
2.114142049201308549e-01 7.865403034011651806e-02 -2.018982333258330722e-02
-5.221522142623923335e-01 -5.766606397153401821e-03 1.401311646517574006e-01
-2.286160096263799291e-01 9.656011094152927576e-02 -7.827716319900530628e-01
-7.009092556238752381e-02 -2.571077293400527153e-01 -1.198926883760309363e-02
6.322158544139912240e-02 4.065179922367196941e-01 -1.693842846909006730e-02
6.481298518652547913e-03 -1.172432633806562291e-01 -9.830031073726448049e-03
-9.133212753031452746e-02 -5.610714009340897479e-02 2.031143374886580644e-01
4.589056571415017216e-01 4.291155830031733731e-01 -1.118644765439404054e+00
8.341936258921740788e-02 1.577042762831880329e-01 8.488281463000433291e-01
9.453740959604594041e-01 -9.764139966039673268e-01 6.598151399576443477e-02
4.617722932845446104e-01 1.723305183437813914e+00 -1.127226042679622814e-01
-7.777152242995157005e-02 -2.305589514842229237e-01 -2.025250352652366304e-01
-4.452824974261706398e-02 3.601284482830548472e-01 6.237415854460871822e-02
-4.537875177907486207e-02 -4.831839464492453801e-02 -1.682146611865474040e-01
-4.781084513257802260e-02 -1.844069060318482417e-02 1.827161937065820418e-01
