2.675034912960034400e-02 2.223210147240277934e-01 -3.330730010317078937e-02
-1.539242588944974843e-01 5.053099399432160049e-02 1.820242655007014154e-01
6.724301891279332866e-02 -6.585027884714640678e-02 -9.523191514318520012e-02
7.000165704536245870e-02 7.712344659289439852e-02 5.532936449724619975e-03
-1.646885958789663928e-01 -1.846477076139455276e-01 2.005968430364381966e-02
2.988567114802712782e-02 1.911317288349532462e-01 1.164784196917728436e-02
-5.223539093643916192e-02 9.638045283935390423e-03 -2.105835891490980688e-02
5.233524597382629429e-01 2.249627835657781183e-01 -2.107973746951667116e-01
4.306686562719486688e-01 -1.703476956041286849e-01 4.990074952580145218e-01
2.004864550553688840e-01 8.699786381978502625e-02 -2.651519116270884685e-02
-3.858087841037231014e-01 -1.109827389837364370e-01 2.236852838905740715e-01
-1.930168275351834828e-01 1.523903066790700256e-01 -6.140191226603898267e-01
1.143051363942066898e-02 -1.086329320956232053e-01 -7.224786526014478905e-02
3.185926928785452056e-02 4.752759855408298928e-01 2.145829586436494643e-02
1.225963633479369881e-02 -2.133890752650385580e-01 -3.226567308191323480e-02
-6.854985517757432312e-02 6.785938537482349986e-02 1.437066873854626892e-01
3.156780636244166383e-01 3.938320869740669639e-01 -7.105687299362801745e-01
-7.946608090603272945e-02 1.160389767708814301e-01 4.357093203477307997e-01
8.294736570617642357e-01 -9.003648671414639093e-01 -1.848880727126540197e-02
3.277059465741354871e-01 1.426217200123845341e+00 -4.981269329206823582e-02
-1.917853348354775847e-02 -2.979362543096215621e-01 -8.296803508733674448e-02
3.264596886152060229e-02 3.753536449381224549e-01 -4.430467564620462623e-02
-1.601722236751108863e-02 -4.686353796639874947e-02 -1.223426863141534038e-01
-7.864905688397254291e-03 -1.804514640443659335e-02 1.481644781593426385e-01
