-2.356645765649742597e+00 -5.355045693766283144e+00 1.772187411331060725e+00
-6.746087495259098926e-03 -5.627304278614105731e-02 1.473122374345693930e-01
-1.264004566532506701e-01 -3.229243106265729246e-02 -1.122275303121458567e-01
8.743080284103178779e-02 4.423061074948218818e-02 -1.652951457454811604e-02
-3.871900906953703453e-02 -4.650969094773598767e-01 7.460277899041691321e-03
1.903399286091365106e-01 1.518471231636916441e-01 6.501363814431808386e-02
-7.852952343882958763e-02 3.590645623100040956e-02 1.286039261327077965e-02
3.616774624789384496e-01 1.290166056643527182e-01 -1.483681872032114601e-01
3.727070909648467767e-01 -1.195459130364083106e-01 4.520968527276768567e-01
2.115202121646652111e-01 5.821605677561758618e-02 -2.091009999672379868e-02
-3.570142566763686576e-01 -1.785152121919171900e-02 1.549689970265966665e-01
-1.959153644289090834e-01 7.001507466829158532e-02 -5.550022549604504141e-01
2.191185343388319384e-01 -7.840501024526350116e-02 -6.081513165365961399e-02
-6.697521471976441987e-02 6.087323037957056426e-01 -1.110090890551929631e-02
-6.141299956570622776e-02 -3.496193682597117380e-01 6.615300761549589015e-02
4.057229191952633346e-02 4.236977838076337599e-02 1.456954184883933467e-01
1.983854441378902211e-01 2.829452866750052364e-01 -7.332737677486560468e-01
1.213064091202704052e-02 7.848554537923928265e-02 6.165099652334036229e-01
3.695009463593170729e-01 -4.886668618468884562e-01 4.824246969335051205e-02
1.667378204805119724e-01 1.284744735843032171e+00 -5.211891657245703441e-02
-3.791420791370171683e-02 -2.496901108726405638e-01 -3.896215698421920393e-02
-1.039643143895903482e-01 3.733362903920669496e-01 1.849275388866225903e-02
6.405294381078388555e-02 1.560785608597890263e-02 -7.098114405347372147e-02
9.783114535699974357e-02 -5.443142605030012321e-02 1.103351878230985350e-01
