1.652025536745592160e-01 -4.427913160920857294e+00 2.162133775928958279e-01
-1.688100777970819033e-01 -4.862100482019338088e-02 1.605500168592722265e-01
-1.821397421594190547e-01 1.212533792341721900e-01 7.983815937006873142e-02
1.781369937065475639e-01 -3.952612978007858172e-03 -9.898626793945352817e-03
2.355980114709319007e-01 -2.567795176347711927e-01 6.388169961945112940e-03
4.098403843211912423e-01 2.623386128571377762e-01 3.106110450312217150e-02
1.694172789369252641e-02 -7.481383156591950301e-02 -1.243533078193918145e-02
6.143506200133844186e-02 1.142853393925652439e-01 -4.871744334375735508e-02
-6.367024660454860541e-02 -7.711002427362151357e-02 1.812466212196712778e-01
2.628561981349931270e-02 -3.264355095637903447e-03 -1.758079314544070196e-02
-3.320934558871992959e-01 1.452752509951298898e-01 1.178901261489577190e-01
-2.741076738371693491e-03 3.613859910826976857e-02 -3.244584845189119604e-01
9.931196580545090247e-02 2.272207834157501105e-02 -9.035806291503430121e-02
-1.436129457084903138e-01 -3.483154043901870445e-02 -2.757401412830258747e-01
-5.814963359566426016e-02 -2.292738408106353640e-02 2.236019302108089302e-01
2.852833796977875466e-02 2.221596285992490441e-02 1.338931145064455874e-01
1.705168953602314297e-01 -3.568706018144938708e-01 -8.454673737084500429e-01
2.611027158743690624e-01 3.921078338982791206e-02 9.188934904635703838e-01
2.176881084201299221e-01 -9.943624838096289942e-01 3.515307104922838488e-01
3.512285142150252115e-01 1.271877181684987423e+00 -2.998304362995426464e-01
1.115328322237344738e-01 -2.495402189201661736e-01 5.862242520451307198e-02
-6.805151213082293038e-02 2.772320493065874025e-01 -1.118627338847535783e-02
-7.287596728529793788e-02 -1.113465116873105093e-01 -3.046434851093767771e-01
2.546411666550867092e-02 1.299607277904065994e-01 3.334801631160936308e-01
