-3.194700209292013204e-02 -5.578543759084030995e+00 3.556150075348034068e-01
-3.432480548949727317e-01 6.023712540569670787e-02 4.226358132887531038e-01
-1.756525189570952161e-01 -7.283661246397753197e-02 -2.576956897702911697e-01
3.219221010800190630e-01 5.822417540728553470e-02 -3.628662057405861174e-02
3.674734981045033044e-01 -3.076187901709632189e-01 -1.053216403195313677e-01
1.886313149167595238e-01 2.354415493074551169e-01 4.239542021397642302e-02
-2.210561554137630350e-02 -2.572069908522747403e-02 -5.098712127055256976e-03
4.006205934485694842e-01 6.465670563485538536e-02 -2.806006212049145798e-01
4.399277418990221178e-01 -1.692137468845236400e-02 4.322535737730827110e-01
1.304304747845851098e-01 2.362103835044785868e-02 -9.748919233079548705e-03
-4.131913512545312694e-01 -3.206273511847661239e-02 2.375677653174204929e-01
-2.624834052458203670e-01 9.367815080857604115e-02 -5.640462146798695953e-01
2.549864156785769942e-01 -1.248767443426520261e-02 -7.675302043124876405e-02
-1.371878107307079875e-01 3.380720217133977301e-01 -1.393432813699078676e-01
-4.606156296542753686e-02 -2.528979751921237584e-01 1.726964328938495052e-01
-7.550249534296495264e-03 -4.364002248373631543e-02 1.496693368769571042e-01
-8.430872068740213887e-02 -1.199947826755823899e-01 -3.774709167057261894e-01
-2.752787022621901517e-02 -2.685436657075634947e-02 5.021457780241607161e-01
-1.654788287569205346e-02 -8.493743863507196012e-01 3.123302594478839511e-01
2.029632823643083839e-01 8.748437926817025367e-01 -1.475873666901258430e-01
1.177964542007395449e-01 -3.290573654984996210e-01 2.931956045398479427e-01
1.977387337343796403e-01 2.628573519278860626e-01 -6.056606223319285776e-02
9.861479887332344485e-02 -5.225048936142639988e-02 -1.517674021936818718e-01
5.602591625513671930e-02 1.046295472775692903e-01 1.174287808097277674e-01
