-2.215899792914955979e-01 -5.867817008586640348e+00 4.706395629001612901e-01
-1.586333673468987016e-01 1.223338891938147571e-01 5.109256147499396938e-01
-1.203384226313235911e-01 -1.714842922847802376e-01 -4.565874188190837124e-01
1.481501945954973309e-01 5.883758150723576025e-02 -1.643367605902058479e-02
2.865485541042269158e-01 -3.864966659939785831e-01 7.696256708601016683e-03
2.443384176552145237e-01 1.745698670780330974e-01 -5.106135486040128818e-02
-9.955419716979105327e-02 1.503581627915278468e-02 1.553199511167377769e-02
4.309796160868908932e-01 1.583797924008394642e-01 -2.440751829355243541e-01
4.453586513275937242e-01 -1.239582061681681613e-01 5.173703228007301425e-01
2.437781601990290370e-01 5.583449791886561236e-02 -1.481205857830524865e-02
-3.931729613482246588e-01 -9.802354630259445256e-02 1.461819691193940174e-01
-2.989291506987004077e-01 6.998087419024495714e-02 -6.327496996641465143e-01
3.967618862002058600e-01 -4.800971320577585022e-02 -8.048046601826298885e-02
-1.035299335475953902e-01 5.654220087476452550e-01 8.088089520843680380e-02
-7.316588790421327260e-02 -3.826130201224104965e-01 -2.431439879642290774e-02
4.625282955981711852e-02 1.220224550922793111e-02 1.347869421339619456e-01
-8.295469123389306865e-02 2.028351667019105686e-01 -2.936692617835858776e-01
-2.468038772340131193e-01 2.527690513335807687e-02 2.631858585674512474e-01
2.455500666937777687e-01 -4.426762733767989899e-01 5.566491512301669636e-02
1.473647209375684441e-01 9.213180097169021421e-01 -2.743202594300524558e-02
9.322616015677849359e-04 -2.663084767696280997e-01 1.698679479337132370e-01
1.650959579142284028e-01 2.837875169291010913e-01 -5.503618117661928516e-02
1.990664972889235329e-01 2.195837756406472142e-03 -5.374912973911370739e-02
6.571696048481456831e-02 3.169008604748995307e-03 8.382217048880340193e-02
