9.441277070560749607e-02 -4.417645584645836010e+00 1.717541422063357526e-01
-6.810980158431595433e-02 -3.134017367416833122e-02 1.460542450221649913e-01
-9.774925794776453958e-02 6.434303501667303082e-02 1.992439568676224876e-02
1.175646772687828218e-01 4.365033256257539428e-03 -1.633924589275090561e-04
1.189652713442830578e-02 -2.843851144525529895e-01 1.421996998217453338e-02
2.243976030830353574e-01 2.459773276664712349e-01 1.014659054898183269e-02
-4.329070353780593156e-02 -6.586638147705616009e-02 -6.102406654374493283e-02
3.495666395043973695e-01 9.199644690228277188e-02 -1.632169835244704215e-01
1.507130426834068782e-01 -1.130244307041594204e-01 3.683302041248547876e-01
1.276809679459325886e-01 1.845344289516100134e-02 -3.133123330474984342e-02
-4.664372866147573071e-01 8.021824732394243485e-02 1.591854442038616313e-01
-1.088728287374666481e-01 1.133154525557097531e-01 -5.925217427573571394e-01
1.104323406400358198e-01 2.459619232550840431e-02 -1.689683048090650785e-01
-1.709101831763420454e-01 1.821353514817184577e-02 -4.917670005800695715e-02
-5.450787563357240018e-02 -8.093764814558855603e-02 -1.530263778830196625e-02
2.277952742173246226e-02 6.818434521048530317e-02 1.550906951759777053e-01
9.373825269822080863e-02 -3.681108015798735256e-01 -8.830709826014453423e-01
2.256022794707761570e-01 2.423001305512590201e-02 9.463770885521302079e-01
2.768166800527540605e-01 -1.294523147127687013e+00 4.332428261213945309e-01
4.587801782087422842e-01 1.520772495607007890e+00 -3.210209683526988322e-01
2.840760746650320898e-02 -2.604319270014220922e-01 2.308976794900408080e-02
-8.418237697981806322e-02 2.862128898726449822e-01 9.237848321116240435e-02
-8.728648880983332081e-02 -1.127117483995165870e-01 -3.262945830578151130e-01
-3.655981439447014703e-02 1.560735201750550749e-01 3.225570939878246168e-01
