1.927345448760105565e-02 2.063896224318923611e+00 -2.884147825092883005e-02
-4.116321774414362644e-01 5.896021043396774269e-02 3.506908611864767433e-01
-1.001676388220652802e-01 -1.228520205734149814e-02 -2.631437306951277533e-01
3.315297307592118270e-01 8.675136819717928910e-03 1.883800080840737287e-02
4.942760802762041772e-01 -2.425273465787767813e-01 -1.318923691650038810e-01
5.463381040589686544e-01 3.762565416989721023e-01 -9.450887517935334381e-02
-1.004573402912360275e-01 -1.337826972375328050e-01 -7.115490986155578734e-02
5.509824912258168839e-01 1.043282940194134312e-01 -3.239873962562765941e-01
2.979636088103428948e-01 -1.416088218848267910e-01 3.774560874910655728e-01
1.608992159364328045e-01 -2.050323363236774069e-02 -2.183728182570593077e-02
-5.116443072654524027e-01 -4.874306473977514653e-02 2.921900576201844069e-01
-2.963954129358254419e-01 1.756498699553109555e-01 -6.206559170226446653e-01
3.733656642086919941e-01 -3.266973731500952965e-03 -1.787494285737714628e-01
-2.161906191814790268e-01 1.503290062937716332e-02 -7.053883905680655847e-03
-6.518785173288699220e-02 -2.054553022855341304e-01 -1.085312488339585935e-01
-3.401971005329681996e-02 8.971325654471810906e-02 2.326318990784995433e-01
-3.271287969713576049e-01 -3.339238914170021277e-01 -4.257566022859770455e-02
6.764739377482439919e-02 -2.230933605491487726e-01 4.020983492539360604e-01
-1.410788999101239560e-01 -1.160437334174816648e+00 4.084719715712874510e-01
6.336733312804243567e-01 1.161547931406572642e+00 -9.286311054005501331e-02
1.058003909876477633e-01 -3.286729219123536438e-01 2.735655479518308009e-01
2.365890228508018556e-01 2.581527012222584738e-01 1.458839039255775960e-01
1.235855782820811516e-01 -1.552443506660707018e-01 -3.114899931074512351e-01
-1.951916866890230848e-02 2.440145393596298007e-01 2.350591636485835911e-01
