-6.133112378001162081e-03 1.423458546634410515e+00 -1.166441636881944827e-01
-2.707498275738511873e-01 9.683377573295204321e-02 2.836145091599772128e-01
-4.256639339048399195e-01 1.891734887122114434e-03 -8.674644079279032749e-02
4.094324402597172008e-01 -3.177986143178111733e-02 -2.224865378894065257e-02
4.774320789158770229e-01 -1.346977399943320164e-01 -4.715371785618563405e-02
6.677978307070561170e-01 1.948978501415724873e-01 4.798178955295447773e-02
-6.098845072269552803e-02 -9.560670594212772322e-02 -9.993220174083284821e-03
-1.799272369855567655e-01 2.741947774979652253e-01 1.098198223067305482e-02
-2.651171669934369035e-01 -1.943624331819047979e-01 8.141519762578311448e-02
-2.235160992689733117e-02 -2.622870774765389407e-02 1.417284608806390102e-02
-2.648633578117906562e-01 7.927615909850113662e-02 1.252525986734337737e-01
-2.965826979251916934e-02 6.265556581049350204e-02 -2.854079999795912648e-01
-1.236877642031195129e-01 7.855690623194706845e-02 -3.078718134500327622e-02
-1.188082078207802900e-01 -9.664053557394124139e-02 -3.989701149464229823e-01
-4.829016237211149892e-02 -3.458829201949611964e-02 3.434024867832555228e-01
-2.112942556020559054e-02 1.871810661424360422e-01 1.409942349266899986e-01
-9.052052495274626187e-02 -2.930162152085197813e-01 -4.067231619706335177e-01
1.475274828950635421e-02 -1.027378689457429523e-01 5.854432807017722062e-01
-1.518898137189161335e-01 -7.140487329472247069e-01 3.697759254157989561e-01
4.979087681599317361e-02 9.366053441672469448e-01 -3.320993697822581248e-01
3.772152034514398289e-01 -3.798840466346184441e-02 8.596131915952187619e-02
2.256371825610581638e-01 8.376796586580835535e-02 -3.305051728542116735e-02
-1.986524515365044319e-01 -2.374098309264364992e-01 -3.454509411675973363e-01
-9.565723111669706402e-02 2.263028902848027990e-01 3.879001127258219772e-01
