-7.908471787411640308e-02 -2.964982841385678025e+00 8.160215708360032960e-02
-1.402436492727517914e-01 -1.350158439063718074e-01 -3.207406032127282230e-02
-7.592305884082756195e-02 5.262538256428099526e-02 -2.141541145545311844e-02
1.505473670713637357e-01 5.132088544361174121e-02 3.625359484453032077e-02
-1.171655700034464759e-01 -3.166986586649560564e-01 -7.212925272999969051e-02
3.854140159648464792e-01 1.348621051321056696e-01 -5.579751363038624318e-03
-1.437471859804992924e-01 -2.420057466250543840e-02 -5.877092336995409089e-02
5.040276874644061822e-01 6.664860690478963123e-02 -1.217061184839811766e-01
2.872190476101990630e-01 -1.440305334229950995e-01 5.218966652190502042e-01
2.078316622762719224e-01 7.246152819899959185e-02 -2.481068236787113343e-02
-4.154699860813662049e-01 6.859978849816350532e-02 1.996083407590104053e-01
-1.905005310530331897e-01 6.726219018596572841e-02 -8.318993004350997422e-01
9.531813935569607987e-02 8.129324570135471051e-02 -3.360101590833048935e-01
-6.956657033198097861e-02 2.597880090715652401e-01 -2.649607973811102246e-02
-1.178682903309636737e-01 -1.088903609672206702e-01 1.965505517044567954e-02
-5.812899470579441230e-02 3.237865498269431597e-01 8.980866444080524980e-02
3.425991977027720292e-01 2.466727266749109693e-01 -1.162383206075647157e+00
7.894256554403973614e-02 2.172142511778940299e-01 9.247379477079089583e-01
6.509271646614608331e-01 -7.885101355028952819e-01 3.284863332066943475e-01
1.692171850520446386e-01 2.178209612500459524e+00 -3.534124690284239922e-01
-1.036394960279090338e-01 -1.874415137307819945e-01 -2.447507653472777156e-01
-2.823515378386618480e-01 4.366441914068401875e-01 1.304892979849557044e-01
-4.395635861865231780e-02 -5.328829975834323274e-02 -2.065847277133064652e-01
-4.153331537257123202e-02 -3.410426867774560972e-02 3.144931816587382967e-01
