4.480145125438284720e-02 1.516732675097961058e+00 -9.738425237848459537e-02
-6.953958771806771633e-02 9.661611389317972809e-02 1.734541650712508043e-01
-1.233223069933870042e-01 -6.034047858181602192e-02 -1.307067272849800899e-01
4.599444506559041690e-02 1.414030766697185575e-02 3.339354509854115111e-02
1.137903028364552378e-02 -9.655309419237188828e-02 2.865724544153299205e-02
9.571128362414216273e-02 1.117583956155327740e-01 -1.144795524025560111e-02
-3.076630608401365735e-02 -5.396691983749583171e-02 2.169006573517317377e-02
7.040266995000656058e-02 1.948904592704879535e-01 -6.420036558211497657e-02
-4.589462614845879473e-02 -1.934626701772717561e-01 2.067712196807120761e-01
6.699648807199551359e-02 2.199579394569932400e-02 -9.191811130859280261e-04
-2.561126465891296888e-01 5.251971086836775687e-02 4.968025608631632811e-02
5.461640174209188292e-02 9.241497460566124034e-02 -2.476346623936367952e-01
-5.064098808572254501e-02 -1.686932263168245197e-02 -3.755930235063317107e-02
-6.944814417975556098e-02 9.526877631987344663e-02 -1.759169089289384369e-01
-1.359549048894281159e-02 -4.463247905665958942e-02 2.101339991018859599e-01
4.091178346578591002e-02 4.131212821038015431e-02 6.356115091834813047e-02
2.218913224364383874e-01 -1.268130580335120605e-01 -8.154038815403096274e-01
1.258943701729594300e-01 6.663507757508388418e-02 7.292412450059997386e-01
4.352856306331649439e-01 -7.851189267892842993e-01 9.144797154117972893e-02
3.108476781519246002e-01 8.471199660366499629e-01 -5.552992961836625968e-02
1.852521002078554024e-01 -1.462398154573902875e-01 -6.817470253730333052e-02
1.821631710951582273e-01 1.425628632198632506e-01 3.917471663669699206e-02
-1.740405947026665845e-01 -1.488743072095221054e-01 -2.399656187317898426e-01
-1.395596384498034026e-01 1.563032568981500836e-01 2.774663102093117284e-01
