1.232985499336593099e-01 1.443031410792257718e+00 -1.805725778054574626e-01
-2.001447871492068875e-01 1.213242590920415448e-01 2.068087294076359772e-01
-2.680267655622100009e-01 -3.345055369487622693e-02 -1.176655855081704949e-01
2.117723240687027775e-01 -1.235824987153786615e-02 3.754023132737548812e-02
1.934613504597675754e-02 -1.536409022369164892e-02 1.699220721076765556e-02
7.488234357997851365e-02 9.499567513484563630e-02 6.136773769161687131e-04
-4.137341231547054382e-02 -7.357386585761800657e-02 6.319157893234212016e-03
5.134317819020599305e-02 1.867500285904368784e-01 -5.462208916541014952e-02
-7.562601717354595909e-02 -1.410642191170450033e-01 1.844646032764473143e-01
4.465451028616285872e-02 -2.567692748325031606e-03 5.799582103654854839e-03
-2.181159932636684284e-01 1.012940014566411639e-01 4.787694783130658910e-02
5.824563552458283250e-02 3.848618551160516016e-02 -2.556279132945145638e-01
-7.149379658541558935e-02 3.941602864674963180e-02 -6.425501508334403866e-02
-5.769498040910300829e-02 5.686231839988286317e-04 -3.015996405839139194e-01
4.779475472455510521e-03 -3.194765572635305945e-02 2.771547383158624589e-01
-8.181353479359010361e-02 9.401478900840186392e-02 7.061002186528970992e-02
2.522861261080473483e-01 -1.907079497555799197e-01 -1.002436846829338313e+00
2.059814110314694968e-01 8.545062108835084144e-03 9.113003658622836900e-01
3.288361701149367100e-01 -5.257280010311828899e-01 1.537977786910198486e-01
3.254336355847747830e-01 7.783577012412288276e-01 -9.650926024666867109e-02
2.321639620941668147e-01 -7.958672960465759672e-02 -7.556420509846210887e-02
1.457477092762962945e-01 1.049075159780375605e-01 7.613165718829310868e-02
-2.075058012181356104e-01 -1.632522702235962575e-01 -2.634129429098178710e-01
-1.631481541650184608e-01 1.742118547105310500e-01 3.175878074195730427e-01
