-1.100846834340666186e-01 -5.426956403463308654e+00 2.283755845822222630e-01
-3.520741812237214163e-01 9.692351773519687630e-03 2.248248010908630301e-01
-1.320519530852440615e-01 -1.045013545430432435e-02 -1.273678724079460589e-01
3.160372777077136708e-01 4.417557986690421462e-02 -7.543828334579377043e-03
3.914099915336223257e-01 -2.545331982902461765e-01 -1.781624397725111164e-01
2.005859246326219258e-01 2.568053289260689986e-01 3.887749145652331234e-02
-1.801797537162263835e-03 -5.799704960681908300e-02 -7.009346744394843575e-04
3.292027837838725768e-01 5.150297354553504819e-02 -2.585057885904544772e-01
3.762775807589532340e-01 -5.233024608228684788e-02 3.472686641363447180e-01
1.009556464964043582e-01 3.381816010733590394e-03 -1.083166834149987094e-02
-4.111956027714182005e-01 -1.272093464976976722e-02 2.831723070716383739e-01
-2.078593429499882850e-01 1.236200079967296334e-01 -4.968443195068679152e-01
1.763692699199016500e-01 -5.423260367832392209e-02 -7.671973197417238099e-02
-1.246597903220001691e-01 2.692527417237623455e-01 -2.471157592236364886e-01
-5.333095163735039612e-02 -2.397363817580800693e-01 2.539005698409599332e-01
6.933944725823360661e-03 -1.269527067909575167e-02 1.353934416330375701e-01
-2.515879997338599239e-02 -2.154655251702326246e-01 -5.424619110686238477e-01
9.840712960793493447e-02 -5.104915171807596769e-02 6.389113770750965982e-01
-5.222405086882125902e-02 -8.615182446953018047e-01 3.641509328040233862e-01
1.967047640114556184e-01 8.426947096902840384e-01 -1.861712336815921631e-01
1.657217546048888046e-01 -3.060975922965041285e-01 2.581685045857319283e-01
1.911769578458587526e-01 2.467262095576134850e-01 -4.454352843756080593e-02
3.581263619443465773e-02 -9.552531635933038390e-02 -2.017057146890246233e-01
2.700397625900448351e-02 1.525166896839223740e-01 1.643761481352525033e-01
