4.219383644104232611e-02 1.801945314084489214e+00 -8.407346932338077838e-02
-1.885604093593649111e-01 1.638557997329823934e-01 3.963347499995945600e-01
6.751973864515252444e-02 -7.372057333439598070e-02 -3.216296528615608108e-01
1.304628813386042308e-01 -7.949142833226905845e-04 1.504940377883637326e-02
-3.463473622854554984e-02 -1.807826191205294530e-01 -1.191268172390810842e-02
4.365100555059228671e-01 3.741833623738305969e-01 -9.395047902750927604e-02
-1.557499335877982338e-01 -1.289708726824503604e-01 -7.529014059443546458e-02
6.237341717676748720e-01 2.106451505274297975e-01 -3.350979587243157476e-01
4.437541726194537683e-01 -1.372951335600988976e-01 5.274483657024390260e-01
2.125259297698611771e-01 8.694873530445943778e-04 -3.047523658634953767e-02
-4.638487222421763256e-01 -1.338162992601368284e-01 3.138261020092077414e-01
-3.636290542873638620e-01 1.935147640950317938e-01 -7.224154885951632465e-01
2.368376031753640365e-01 2.395849760236971535e-02 -1.525070480413691643e-01
-2.338176959533621035e-01 6.349655666092579587e-02 1.636356580367602787e-01
-9.979965027401739575e-02 -2.062829248119081305e-01 -2.628798704504335948e-01
-4.266841728799534994e-02 1.317609894654635239e-01 2.295970295706601383e-01
-3.863715252409991030e-01 -2.820005382897910473e-01 -1.877532258743189533e-02
-1.137931418149905199e-01 -6.940963230811014739e-02 2.859434548226125195e-01
-9.192029518026514912e-02 -1.101575147084017381e+00 3.977616432932962742e-01
4.940779480424226655e-01 1.209356324723498188e+00 -1.186011432343848926e-01
5.813964514283723184e-02 -2.889934907789308838e-01 1.720765214526737696e-01
2.079118076264101778e-01 2.275660996585628926e-01 2.034591278416922056e-01
1.301533028925094260e-01 -1.384996509932128472e-01 -2.633903770948524681e-01
-2.674221437519655464e-02 2.069735344556175027e-01 1.820681511082980486e-01
