-3.945342691767710352e+00 -1.661948695018530042e+00 4.452846888543126269e+00
-1.493445836605365382e-02 -8.125285635329550227e-02 1.065425264466379751e-01
-1.775280105251532126e-01 1.732254701995745994e-02 -6.034175686779004455e-03
1.112449589298932784e-01 3.456726704633625996e-02 1.661622927899994656e-04
4.250467857509129116e-02 -4.345113177754972300e-01 3.591023488675832570e-02
2.752737942978978891e-01 1.318738590468098715e-01 6.357456808151598637e-02
-6.264705111206098076e-02 4.561682154851689347e-02 -1.974939314409508619e-03
4.206483653613762863e-01 1.517101762092429029e-01 -1.559704558894136062e-01
1.771911834838730548e-01 -1.690973560062344339e-01 3.168902979196358549e-01
1.640992505677454638e-01 5.654187136879449543e-02 -2.333186848995092225e-02
-4.004571659263406747e-01 9.843168403689083260e-03 1.955244931919710438e-01
-1.283074797927551414e-01 6.857706601866839224e-02 -4.842058882303181266e-01
1.112700379148300195e-01 -6.349678928751316398e-02 -2.873446662990399719e-02
-7.437918901954802819e-02 5.758546160601696329e-01 -1.148925961624084752e-01
-4.974546714670757125e-02 -2.867249388398938614e-01 1.576221886021615115e-01
5.333363639099123615e-02 4.536804429991278531e-02 1.303460172608389700e-01
2.496487035405551835e-01 2.593592898681694736e-01 -8.633040850922281129e-01
1.020160055770092250e-01 1.225812245004010009e-01 7.241470115392203422e-01
3.029169014805221383e-01 -4.384699911568052388e-01 8.061902085698140208e-02
1.767184341163788586e-01 1.245453332486539555e+00 -7.374286423296455562e-02
-1.048278197124147965e-02 -1.986546130197490712e-01 -7.506642541463183493e-02
-1.068414973064444745e-01 3.485336362940797406e-01 3.024878049764845658e-02
4.716387319432190778e-02 -1.659957937097933378e-02 -1.162020938901889011e-01
9.899105893154958036e-02 -2.714420076664433856e-02 1.489666389602817831e-01
