-5.445262543671065825e-03 1.668418581638320131e+00 -1.807771655192475790e-01
-1.746557056797080898e-01 -1.246407647052102940e-02 2.900434464948852820e-01
-1.960059842207806657e-01 -2.360024006977156849e-02 -1.637781720491740811e-01
2.062373861075191273e-01 6.566631405263854970e-02 4.554694385830784613e-03
5.825504792873342774e-02 -3.245048889807289338e-01 5.471810732756359624e-02
2.337924078249965787e-01 1.525684913077387517e-01 4.671139557487150734e-02
-4.550392562933570917e-02 5.741312891910060889e-02 -3.565122379406539602e-03
5.215098494820425978e-01 6.926468247274242263e-02 -1.686688043630343858e-01
2.777109687616821088e-01 -4.240994109881113944e-02 5.230278415569311612e-01
1.638771295774874015e-01 1.066752817116914109e-01 -9.953332216793143832e-04
-4.519278638408232296e-01 4.621797395321203261e-02 1.171985122348664643e-01
-2.242045984178022144e-01 3.359847639920848089e-02 -7.323293329866654711e-01
-2.907375010948581515e-02 -2.046980306004108074e-01 -1.084731887231566577e-02
2.424103920158526479e-02 4.233904989357198390e-01 -4.994915006461040502e-02
1.391873483283673912e-02 -2.273397634789546193e-02 5.833316188350674142e-02
-1.761149514896853119e-01 -1.082634430780962803e-01 2.151137483520054183e-01
4.519549720712666141e-01 4.876858353998311801e-01 -1.026641306261353304e+00
-2.050145436881874519e-02 2.620449292015094578e-01 6.914906757483283428e-01
8.888317192049901561e-01 -8.513110514688769781e-01 8.592917039544176183e-02
3.614401335533036774e-01 1.711615010383834345e+00 -1.500090307444409687e-01
-3.611713180514143640e-02 -2.811108785751844641e-01 -1.656768504441185619e-01
-3.312395162161951845e-02 4.334829574873704794e-01 3.016473897780752936e-03
-1.049534774377047265e-02 -1.199236129179223447e-02 -1.143660336939837652e-01
2.380075803628931355e-02 -9.480768362243734149e-02 1.293448723652163845e-01
