1.257570746093791825e-02 6.307269093036483865e-01 -4.699648535063215282e-02
-1.095597233864569892e-01 4.447645185582938671e-02 1.124206736184362732e-01
-3.565795006049148064e-02 1.109819516509326191e-02 3.301240883275804311e-02
1.051485908111385315e-01 1.891299003553858007e-02 2.204308427030723591e-02
-2.697336263274371926e-02 -1.515464944264975633e-01 -1.266483519179660566e-02
7.505945613425209217e-02 2.496583808120583503e-01 3.749597786457140730e-02
-6.366619029174358513e-02 -2.098243833195772082e-02 -2.565896082290227559e-02
6.321946224287652294e-01 2.398448320648295939e-01 -2.544219476402379554e-01
3.849010676493598848e-01 -1.784582171184474486e-01 4.108309449044214579e-01
1.953546036926716301e-01 4.442122265293944189e-02 -2.430508272146242668e-02
-4.732290228984851743e-01 -9.422038653124682750e-02 2.531207144051534352e-01
-1.722551588159428604e-01 1.671916092513481833e-01 -5.802124885849440084e-01
2.692760854023096284e-02 -1.224742623811467812e-01 -7.862979734749027394e-02
-2.430391101111294312e-04 4.205502812112279498e-01 1.215236987969590780e-02
-5.753340917169446310e-03 -2.733093483387591949e-01 -4.514640181232659755e-02
-7.628214076118318421e-02 6.538666119314817671e-02 1.611921346186035997e-01
2.167288008472139926e-01 2.552777873484148308e-01 -7.270211645659605537e-01
-1.796018283045484540e-02 1.455714946683351989e-02 5.135532760839243149e-01
6.393047479053326487e-01 -7.620753231265917638e-01 2.923867675434219451e-02
3.540563505382727794e-01 1.126954789935156187e+00 -8.425609319921287255e-02
7.022305440642344354e-02 -2.387205648179860362e-01 -9.430691123443593615e-02
1.348245870834313964e-01 2.953611914100851554e-01 1.549536127062377602e-02
-2.421275482809877658e-02 -6.944803533354229619e-02 -1.307640621003259285e-01
-2.951616834146539997e-02 2.998102748987155342e-02 1.742567328637093238e-01
