1.506150277617717137e-01 -4.483864362925212177e+00 3.161399090593712269e-01
-2.907963517738222370e-01 -5.675796700442371084e-02 1.761283986402810142e-01
-3.144958325690281331e-01 1.636407585160099265e-01 9.943286033637757648e-02
2.641700519086556120e-01 -1.156529408453740859e-02 -1.970829687071204428e-02
3.876770001027359247e-01 -2.336333596566233517e-01 -1.538320405089177792e-02
5.514054028257796558e-01 2.856630899904480381e-01 5.741554253155652099e-02
4.917341537793835926e-02 -7.828049107473857016e-02 2.606378495604254678e-02
-1.010164829568475781e-01 1.572026039129537645e-01 2.687068046051027496e-03
-1.339986120430973204e-01 -4.850541228790158921e-02 7.331517148355076730e-02
-5.404885766084543963e-02 -1.547458390258474488e-02 -4.709645347831767012e-03
-2.267642798237886614e-01 1.458524132956804109e-01 1.443192154707932939e-01
2.677012925716899111e-02 6.116467563860264467e-03 -1.627764916706277987e-01
1.594451235745591999e-02 3.154063905351799091e-02 -6.383313642981498781e-02
-1.124358152346162792e-01 -5.914213955820678964e-02 -4.899678587746265079e-01
-5.653945640705995007e-02 5.395731658990842762e-03 4.637381133521152887e-01
4.918118763697221923e-02 3.286495804464931864e-02 1.220544766691827876e-01
2.181595706452669758e-01 -3.337239648530594405e-01 -7.385360897260471180e-01
2.551874905563906726e-01 5.185811547783217984e-02 8.162654917037207580e-01
1.365485019870993355e-01 -6.633359494294372993e-01 2.330359654521406698e-01
1.885435662618509811e-01 1.030421095507573437e+00 -2.271298769621521996e-01
1.721612875363656980e-01 -2.351396949107574519e-01 1.441746420454410316e-01
-3.706139393879284705e-02 2.644613005918018955e-01 -1.332465380082678841e-01
-2.904565107769926588e-02 -1.128352350779450175e-01 -2.582262582325402511e-01
7.987624305400715941e-02 1.115847296921180370e-01 3.210333929995251578e-01
