3.262555165461777928e-02 1.711520249351121237e+00 -1.335316090444688686e-01
-1.265494694831583444e-01 3.661683226269653313e-02 2.136295271910178262e-01
-9.647971057160954766e-02 -1.028672641757962525e-01 -1.919096301848229325e-01
1.066512815672234077e-01 5.942797705667395014e-02 6.859017796521280595e-03
4.561457566185626866e-02 -2.072953955625726763e-01 -4.150353579817667692e-03
1.269766726222428532e-01 2.950548209233276251e-02 4.994738223533083839e-03
-5.740417638027920516e-02 2.278945995677490385e-02 -1.852192140841017395e-02
6.676412044725277273e-01 1.042707597780983680e-01 -2.354995612781849990e-01
4.536443779043524693e-01 -1.793479269969256162e-01 5.323641441284622244e-01
2.094705440959292175e-01 8.948758062322877127e-02 -1.769456280485557503e-02
-5.085464355381952295e-01 -2.110618543338138239e-02 1.781870812784578650e-01
-2.564061367290962345e-01 9.225773715847437884e-02 -7.836407139226981844e-01
-4.910339414528807483e-02 -2.596454743704537105e-01 -2.929835201255403393e-02
7.297885317198701816e-02 4.123387382547500923e-01 -3.242297093560334714e-02
5.354735115036547352e-03 -9.227697589017050395e-02 -2.935307476646859307e-04
-1.093751422513776772e-01 -4.366572667204032809e-02 2.057471622470784245e-01
4.629248059411234517e-01 4.709610729233965065e-01 -1.031466095997347621e+00
1.904312730304108872e-02 1.712394535828244413e-01 7.141214774232816920e-01
9.629733279573086113e-01 -1.037755298141285865e+00 4.383324449721440197e-02
3.925982706866336103e-01 1.852425092789086847e+00 -8.873613515385531114e-02
-1.094327496999050464e-01 -2.604419328853308513e-01 -1.830398916880946192e-01
-8.381754806788702106e-02 4.000189359565149427e-01 4.238112520563638852e-02
-4.356813532270488454e-02 -4.580717381904075847e-02 -1.764390302400013211e-01
-3.866824613446686459e-02 -3.836425802590898854e-02 1.875157589125752700e-01
