5.224696217744302651e-03 -4.414850661302221368e+00 1.940488909310064403e-01
-8.037480345209971344e-02 -3.424229266646915126e-02 1.765006593834436976e-01
-7.829733560705817719e-02 1.990854612683471553e-02 -4.474463183029744190e-02
1.023901336097348264e-01 1.879143123282750807e-02 9.653974032622961686e-04
-9.273151645588895153e-02 -3.402775123865779960e-01 -7.599797552093459641e-03
1.294812488030091524e-01 2.176719503627981556e-01 2.516845142930997786e-02
-8.391814257784069309e-02 -5.610696729618261380e-02 -1.036971446954771531e-01
5.356997144109070241e-01 3.581124817240272096e-02 -2.717197013475993184e-01
2.789227599005910663e-01 -1.087205592678901767e-01 4.512107456020424956e-01
1.625386272689396394e-01 3.256822232540070028e-02 -4.594437673230871572e-02
-5.054103452381550898e-01 3.855808671205503135e-02 2.205928822121643595e-01
-1.643364644305794764e-01 1.387330564385377552e-01 -6.942237272183051644e-01
1.802550320295220054e-01 4.670302329185554990e-02 -2.343659515650266256e-01
-2.070767066330407857e-01 7.173023487771873485e-02 2.568539014188887457e-02
-5.507521667875953791e-02 -1.285823380548037353e-01 -1.281755247028349420e-01
2.389632889667073906e-02 1.193301354639514922e-01 1.602959386478683412e-01
3.412496702709418017e-02 -3.471710902671629739e-01 -7.524190904676626435e-01
1.755654720770208621e-01 -9.486515276557349122e-03 7.936462750178809866e-01
1.990758577517804662e-01 -1.517902664637962085e+00 4.897905933181782578e-01
4.867346608348391279e-01 1.730612118893029905e+00 -2.866976307646217359e-01
-4.156415094213032624e-02 -3.163171132031447619e-01 2.903663061757221983e-02
-9.602838171958430480e-02 3.286649049255282451e-01 1.703596558315838838e-01
-7.348394345189593335e-02 -1.136476748505299700e-01 -3.417150048544389529e-01
-6.083204315924740230e-02 1.721025851385572514e-01 3.034388212803137974e-01
