1.747746176182380096e-01 -4.309162354494616487e+00 1.350713618486754919e-01
-3.409573277235853905e-01 4.572936414211558817e-04 2.774988065639860113e-01
-2.766694852103805946e-01 1.099369851880801774e-01 1.327490410663653524e-02
3.976250792390299549e-01 5.105827110811068069e-03 -1.504041496690381417e-02
4.282526982791357018e-01 -2.123595201940444432e-01 -6.855169231770058547e-02
3.462528945048958806e-01 3.353243238201895071e-01 4.473987276130711455e-02
3.802244159111267674e-02 -7.009495961895048644e-02 -1.091881044575915005e-01
4.485535174480544396e-01 6.959732747840041700e-02 -2.448255405034640286e-01
1.803382442948713027e-01 5.010296151658840021e-03 2.887537033518164931e-01
6.486680426974304747e-02 -1.482401048767087968e-02 -4.885911276120046692e-02
-4.723592084792619383e-01 6.955495838620176507e-02 2.388780893884696332e-01
-1.517783891879355973e-01 9.986483240396527850e-02 -4.988014212207019793e-01
3.231087462875448790e-01 2.178049342820675416e-01 -2.807536831785046871e-01
-2.084345395581595761e-01 1.553178499046144710e-02 -2.115257722502994764e-01
-6.323999133261253881e-03 -1.434224017038469579e-01 1.538511798525057372e-01
-2.512855565095728147e-02 1.029819096013971230e-01 9.332972881477549776e-02
-1.129998799827776068e-01 -3.195114224172737050e-01 -3.714580797301852422e-01
2.813088289099630601e-01 -2.144803783762431193e-01 7.858469210572934793e-01
-1.436330013999432831e-01 -1.223137011310052591e+00 5.445830364420690684e-01
5.482122263034774345e-01 1.417340695204948098e+00 -2.592206801022867713e-01
1.851924355710835857e-01 -3.655548643622541505e-01 2.464368112904195829e-01
7.423269693358060251e-02 3.358256525499114242e-01 7.046303459350761189e-02
-1.364037970407995341e-02 -1.177047429293726494e-01 -2.912900162154947736e-01
1.019853491929190864e-02 1.749767910649493718e-01 2.851163658247281574e-01
