-1.051523626181625898e-01 -4.741811727581700886e+00 5.772321595375713432e-01
-6.606447174411215206e-01 -8.595024825805903934e-02 2.480361236929743141e-01
-9.024976949452426789e-01 9.854614435928163441e-02 4.879754664796003699e-02
5.951190905891823313e-01 -4.410719429289258059e-02 -8.096938198562943223e-02
1.064313927159582951e+00 -1.041494833660836505e-01 -1.679431668228211771e-01
5.852805701458360099e-01 3.046359467760256096e-03 1.753324842442234577e-01
-1.631013839655083564e-02 -3.785221551629721487e-02 -3.198413778459469753e-02
1.370426883379214922e-01 6.769263474656847523e-02 -8.320226175446218328e-03
2.102606981204575287e-01 -3.373423225029290040e-02 2.408282544359146293e-01
4.817373707079620343e-02 -7.771590132753203491e-03 -2.042724686953221406e-03
-3.596403734710417188e-01 1.976507242385222574e-01 6.890595078343698943e-03
-1.426522411818799962e-01 -7.128484471623634799e-02 -5.008351261008940902e-01
8.251678419358141059e-02 -4.788101708822080360e-02 -1.175487513430891473e-01
4.845037193238201784e-02 8.820996618789164745e-02 -3.252004848422754835e-01
-4.463645807680174070e-03 -5.415794554063827621e-02 2.040791901629811778e-01
-1.510999095151950022e-01 6.412707384040988723e-02 2.728493436666409866e-01
4.863864980444384534e-01 2.687869476623052090e-01 -9.004977743200147655e-01
1.400840454979697669e-01 -6.403092292539781794e-02 8.230511983243722351e-01
6.710293241511944284e-01 -8.234395774815372882e-01 8.061326724379105912e-02
3.127448033814964612e-01 1.781016257166368133e+00 -1.457698504181921262e-01
-4.753609986531535936e-02 -2.321012091510386843e-01 -1.179645081169590215e-01
-2.682217636010508222e-01 3.772991845168714997e-01 -3.507716351259584225e-02
-8.662631544750119816e-02 -3.043096125448786250e-03 -1.149796649923587877e-01
3.889719266889841293e-02 -7.128464628633790490e-02 2.845678908049050215e-01
