7.931543920930859970e-02 1.476156681436095575e+00 -1.339818120616518005e-01
-1.062607884057127777e-01 1.045894460292141337e-01 1.772223447179944733e-01
-1.597460886319052586e-01 -4.981987453971536278e-02 -1.232585533607438028e-01
8.228132750574600196e-02 5.222029954698376338e-03 3.703469547374915044e-02
-8.170432215310878543e-03 -5.437521402779173924e-02 3.246085672347279877e-02
4.992480713988349528e-02 1.071709886565247322e-01 -1.365981418398922592e-02
-4.209123587328736371e-02 -6.150600334992586266e-02 1.663010196842136176e-02
8.939097782902685752e-02 1.876936884208593170e-01 -6.137925861263541366e-02
-3.487521715717938758e-02 -1.729731749112186912e-01 2.211797971005294849e-01
7.484149711860695053e-02 1.549231284632264678e-02 1.026909945002715515e-03
-2.517323636156472699e-01 7.221994991255613339e-02 3.236592661953920785e-02
5.668281172022464343e-02 7.615815312398298287e-02 -2.683642488645576751e-01
-5.409324845428938044e-02 -3.420398791858405077e-03 -4.294300723695081146e-02
-5.942226355950348121e-02 7.188234544790905733e-02 -1.828102753028353900e-01
-4.586528649130462362e-03 -4.215045182723767964e-02 2.000849577115698663e-01
1.779386568419011935e-03 5.290375740798276133e-02 7.140232491093141676e-02
2.450999085050551141e-01 -1.219515001775200308e-01 -9.244713782686301284e-01
1.521190115999060122e-01 6.367320703919379654e-02 8.252358941275441673e-01
4.369009551302279193e-01 -7.128231390264924139e-01 1.124534000080949087e-01
3.446038481728988523e-01 8.617543894423630446e-01 -7.625326508137969528e-02
1.716026808702303952e-01 -1.258914961917156072e-01 -7.286397487011150864e-02
1.608799223540149925e-01 1.329817626963548383e-01 3.604778764654494733e-02
-1.803838482108579555e-01 -1.447149012497095377e-01 -2.380483885521713638e-01
-1.475942880051534789e-01 1.513261305547618507e-01 2.834256896443730356e-01
