3.370202646159626420e-02 1.680199931865191898e+00 -1.174761443510901060e-01
-3.536622438420315706e-02 1.733339131430575164e-02 1.919216787297038096e-01
-3.376627457884810724e-02 -4.549237797287918050e-02 -1.451826443817436640e-01
5.214158397904160303e-02 4.223292287764046637e-02 1.679879296777315317e-02
-8.350911439829449001e-02 -2.664012556053140246e-01 3.162297671875453214e-02
-1.261094349141936993e-02 1.397470072177893485e-01 -3.116844741636303970e-02
-6.731680694324485015e-02 9.994517333070601986e-03 -1.525957565364643824e-02
6.597286035474851928e-01 6.726146338265187596e-02 -2.105394085342450206e-01
3.930479109381969649e-01 -1.525419261045917740e-01 5.250243984582710910e-01
1.984436125246021865e-01 7.574405075147803978e-02 -1.913717316574431795e-02
-5.334413531982544754e-01 2.068435902702020490e-02 1.047075994245384861e-01
-2.145866843168996174e-01 9.146153979414266277e-02 -7.663512897291888670e-01
-7.705570420145108068e-02 -2.454291787373892031e-01 1.062125615812392100e-03
4.147367789171914343e-02 3.940929490629466181e-01 -1.925784609880003967e-02
1.024526202856218017e-02 -1.088869338667565190e-01 5.011055016702050703e-03
-8.135714210490367637e-02 -7.313917913831671780e-02 2.042699195886706620e-01
4.470455307676307055e-01 3.902634329060041818e-01 -1.171652529369268780e+00
1.216616669044201932e-01 1.760758183636254581e-01 9.297088076780143373e-01
9.000476906091545715e-01 -8.889199964310151580e-01 9.026083475190098404e-02
5.059751644740331233e-01 1.570906489823534535e+00 -1.387869387818784217e-01
-3.815550622452084512e-02 -2.118468092428620331e-01 -2.044675197525824828e-01
1.081304715385835759e-02 3.368740221710570526e-01 6.727543660634741074e-02
-2.662579977273367426e-02 -4.794556852834495897e-02 -1.576208182706727301e-01
-3.556369365166741486e-02 -9.500929419389068584e-03 1.720230554084867247e-01
