2.578342163603847964e-02 3.634471946466446557e-01 -4.354644947567903185e-02
-1.655900690307578749e-01 5.842276691822277657e-02 1.573519600829288434e-01
3.567083216305920457e-02 -4.053555492044132874e-02 -3.473642559704242377e-02
8.644669947166190582e-02 6.007996886873710751e-02 1.358428427481001531e-02
-1.339934257382478788e-01 -1.307907009413243615e-01 1.399168083926591311e-02
7.100544716367596099e-02 2.080040088957155753e-01 3.425748655941832088e-02
-6.035657172025359757e-02 -1.874045296173166902e-03 -2.171894753021164082e-02
5.893582881609611412e-01 2.600627933057974017e-01 -2.353495185299917802e-01
4.233811476048452427e-01 -1.755974626918923309e-01 4.637928568073598212e-01
1.962720359129093983e-01 7.239242770472129052e-02 -2.547964606168546392e-02
-4.106392494921197733e-01 -1.215281491523580726e-01 2.620530439077230489e-01
-1.855564880112046122e-01 1.648377046183025219e-01 -5.931130625599554396e-01
1.077766696479759943e-02 -1.151042276840208156e-01 -7.554873389454756782e-02
2.254650780814800720e-02 4.643526400302719348e-01 1.351678387241516885e-02
1.367521050779964449e-03 -2.431507459414798400e-01 -3.332566839008371806e-02
-6.758498089688443067e-02 7.277798724177700351e-02 1.465371617588658859e-01
2.827193261608105246e-01 3.498255705162054974e-01 -6.803768114975942138e-01
-6.510279981043631814e-02 7.660670868805567746e-02 4.165694846579628408e-01
7.769662345162605677e-01 -8.602819747253352967e-01 -2.343249641552128115e-02
3.271098700534939563e-01 1.334154188565507937e+00 -4.164160173110995761e-02
1.034138572642467543e-02 -2.826024975463931610e-01 -8.579212050296737557e-02
6.650012056320629694e-02 3.514988753392438992e-01 -2.634098369394726954e-02
-2.053957732595520017e-02 -5.982730421463192116e-02 -1.287396888921914784e-01
-1.954202970022957467e-02 -6.425208642835697828e-04 1.609821911754979185e-01
