4.605121393896936983e-03 1.532221054801989002e+00 -6.073537038814999511e-02
-2.215967740836713093e-02 9.975613929935379931e-02 1.699873775435846446e-01
-7.844150028276490605e-02 -7.326145557159453869e-02 -1.316474180975412134e-01
-4.458626992850465293e-03 2.239756047331061678e-02 3.326604830331738455e-02
2.196186540191480061e-02 -1.192908406731916920e-01 3.026212074647426781e-02
1.163690422787636847e-01 1.164262655354826870e-01 -9.015072191644959293e-03
-8.128374760325341591e-03 -4.025421153257048579e-02 2.635129887034614454e-02
4.786617587242786298e-02 2.089976418952174120e-01 -6.906920779976809255e-02
-6.354032630669628756e-02 -2.049176627457898747e-01 1.716086854470975642e-01
4.282191646604047858e-02 3.039662370409507500e-02 -8.510461370543584078e-03
-2.442870898477862707e-01 3.227562629456523502e-02 7.033410906236084448e-02
6.907233902867479514e-02 1.028956721105409450e-01 -1.856057123880607562e-01
-2.731369194177312582e-02 -6.262701943651100001e-02 -2.688306898868671885e-02
-8.645608151492649440e-02 1.429082400549522291e-01 -1.958662506124045355e-01
-2.118978066732980781e-02 -5.937836425889105041e-02 2.394378045944628997e-01
9.319741153348275187e-02 4.806112323045245473e-03 4.172168359836560259e-02
2.202251132241971610e-01 -1.376680147163013568e-01 -7.141725830845367939e-01
1.111521726305909896e-01 7.696014092428768438e-02 5.892033024075368219e-01
4.450876465197499687e-01 -8.432751620516308888e-01 6.259652183527598945e-02
3.201477613279469780e-01 7.851956993328054191e-01 1.585522945580205081e-04
2.368918962444594989e-01 -1.580997809973457013e-01 -5.164879863904500712e-02
2.568259271602708615e-01 1.489259596503865746e-01 4.661591320258472171e-02
-1.777504959695585252e-01 -1.611484599243738214e-01 -2.405337820464044374e-01
-1.462140373115498881e-01 1.712374908430551179e-01 2.682780236915702776e-01
