-6.041949932503913601e-02 -4.345613308286982779e+00 1.413140515463928368e-02
-1.795079745623509582e-01 1.087762614342530770e-03 3.173450525191900407e-01
4.977307161191672075e-02 -3.459298902779052443e-02 -2.105031711402327865e-01
1.178674421509975784e-01 3.786354025294874637e-02 -2.739036616644461436e-02
-1.997570310815494424e-02 -3.379616507050576812e-01 -1.507138603474510521e-02
4.776217122477425803e-01 2.623643889345096403e-01 -4.244280192051971823e-02
-6.644346580481391706e-02 -7.624160717392335085e-02 -1.678923214924184781e-01
5.298331552186624771e-01 5.670666613739574341e-02 -2.890570576216162091e-01
3.600847927353254541e-01 -7.180435349408907653e-02 4.873827270676123757e-01
1.792873325258946826e-01 2.991926522171456035e-02 -9.042958588492480687e-02
-4.327934366708605651e-01 -1.414674620095985116e-02 2.708512365248793019e-01
-2.629934031990038834e-01 1.333402636997317037e-01 -6.757752018935596627e-01
4.055109416803173161e-01 9.747830270119832441e-02 -3.061792194748714779e-01
-2.625576340210964976e-01 7.509048994454579906e-02 4.864350371254297194e-03
-5.439232374868346875e-02 -1.924255050635280961e-01 -1.992852764111873731e-01
2.585684715552449831e-02 1.834908784929667469e-01 1.364703461886091762e-01
-1.225844017355991189e-01 -3.032593739226480123e-01 -3.912628842622065117e-01
8.733678496803060076e-02 -1.077133261579144297e-01 4.847031565196285863e-01
-6.821797979388513622e-02 -1.578916356131950360e+00 5.605520476795996521e-01
5.429117802126134373e-01 1.861860219007316797e+00 -2.237073671467776359e-01
-7.691774229423282982e-02 -3.983603429956651953e-01 1.907523179035160443e-01
-5.812816453456907950e-02 3.971343819406281672e-01 1.679225427395063530e-01
4.300422929354470042e-02 -1.192404576608490502e-01 -3.645812240680014749e-01
-1.104537123999973537e-02 1.879283126842684337e-01 2.934344561182005706e-01
