-8.210102787697666146e-03 -9.931412779327370988e-01 -6.732528880733028298e-02
-2.074106417661172319e-01 9.459970532009885635e-02 3.045521730914741987e-01
-3.201577797673837433e-01 1.174413379716360700e-01 -1.506356792830220448e-01
3.107047218563430135e-01 -8.222563055987833214e-02 6.789897146017455365e-02
3.991791267760578799e-01 -1.344339959975870136e-01 -6.470224109762129361e-02
2.620409168124731569e-01 3.868659196204717321e-01 -3.226547460826879876e-02
-3.622463008853416683e-02 -1.244259069820701363e-01 -5.553480655721523135e-02
5.622461810821062222e-01 5.595875444427525491e-02 -2.524678851065543794e-01
3.141527823407205267e-01 7.639047386860413000e-03 4.235379905575463733e-01
1.499396364157932204e-01 -3.430048247769766634e-02 -3.378780195480680926e-02
-5.735484366419029145e-01 6.852182549414921608e-02 1.556357975028967444e-01
-2.066790493083895397e-01 6.446211139093875608e-02 -7.130547807490550394e-01
1.679893161751243036e-01 -1.018681204669133131e-02 -2.153051649932913592e-01
-6.158186591145694416e-02 -4.390654724393096980e-02 -2.606164599561588413e-01
-1.845705799659307089e-02 -1.927266013555350432e-01 5.586912193895701706e-02
-2.733345794863356604e-02 1.704003284990656952e-01 1.795815442498698011e-01
2.053307997617480896e-01 -1.166202076008394650e-01 -9.362245326611954299e-01
2.667348646292105330e-01 -2.577766286640067461e-01 9.042007269632438282e-01
3.806216186215291564e-01 -9.563140094175126560e-01 2.449068654662197031e-01
5.433700866436808052e-01 1.523845578066985063e+00 -1.224945154198064101e-01
-7.991816285466374348e-02 -2.780902817817045847e-01 5.369623471243489821e-02
-1.129622739110329281e-02 3.056417097243524506e-01 1.214787679778001478e-01
2.763132825693259340e-02 -1.171388607805670806e-01 -2.823000566618143470e-01
-7.779571568743232080e-02 1.332990063057337138e-01 3.499061451062169814e-01
