1.478624944050090269e-02 2.185744705394341292e+00 -1.164758652684527163e-01
-2.921291396821533715e-01 1.868591473229698485e-02 1.219392512873413159e-01
-2.106802136812302439e-01 5.845444288490327100e-02 -6.593187077391533812e-02
2.651409431165074881e-01 1.255412626530765137e-02 4.259165489588337405e-02
3.759919132404531683e-01 -1.459674617543278707e-01 -1.065679343813219770e-01
3.614502872068293127e-01 2.645833268597322929e-01 -2.711696885348988464e-02
7.288204964800683305e-03 -7.903997137046549215e-02 2.312960505408659731e-02
5.081777455592936810e-02 1.585688949372618672e-01 -9.966358534649824574e-02
-1.353697417599656894e-01 -1.424350367992014421e-01 1.446795574673508389e-01
3.561595092660069239e-02 -2.910819119285090305e-03 1.156518078941371711e-03
-3.372432464001877683e-01 5.635857946537908836e-02 1.914634108103502319e-01
6.477736074241320120e-03 1.339215531900922740e-01 -2.909485165268303475e-01
8.820326001721276454e-02 8.746720490546164295e-02 -6.530945146346217589e-02
-1.320889136019136323e-01 1.073564111553678702e-01 -3.313244040960787729e-01
-2.819188572951563873e-02 -1.528731053501859727e-01 3.542286456458193511e-01
7.048178745121674860e-02 1.268010098578901956e-01 9.755822908217558209e-02
4.967067629303337228e-02 -3.704331413647677373e-01 -6.679088082158901596e-01
2.134166419947466364e-01 -1.224371165123297640e-02 7.765496542702037264e-01
5.981008948370322015e-02 -1.023720644588235418e+00 3.431123892350251836e-01
2.787739854731685063e-01 8.481655594514309060e-01 -2.252485148871160303e-01
1.829300442657588732e-01 -2.325340088239196135e-01 1.657909024616864846e-01
2.000325720036527921e-01 1.764730643203828719e-01 -6.201842758963840505e-03
-6.641255728808385939e-02 -1.688385832070549430e-01 -3.221278206599977878e-01
-4.694873665843962707e-02 2.258404951740316802e-01 2.973583913858190986e-01
