-6.621579730675127007e-02 -5.146950726185556491e+00 6.595799935226110966e-01
-8.247042663414624886e-02 -6.214307808579906667e-02 8.011093365733373828e-02
-5.266229294155508334e-02 -5.454906735312098354e-03 -3.711946949973824253e-03
6.823618135005163343e-02 5.620251979056747199e-02 -1.520211609845780951e-02
3.318145838875090348e-02 -2.692859186227424262e-01 -1.063255312422675854e-02
1.605572553992755946e-01 6.717873515644566529e-02 4.787227884652833776e-02
-5.270984408318254467e-03 1.918056840755630495e-03 1.783593914546507953e-02
6.542619188759275506e-01 1.198108208170456934e-01 -2.142843708772235733e-01
3.904957811292321668e-01 -1.720166926212761405e-01 4.685038028462745752e-01
1.980859421787013741e-01 8.042819697336328622e-02 -1.339376824796231075e-02
-4.994442396476482249e-01 5.372604774800368620e-04 2.600750370872147998e-01
-1.936893676749778248e-01 8.339370843039853320e-02 -7.285456861866344003e-01
1.135562459335014152e-01 -1.830620736430557949e-01 -7.408963028803390582e-02
1.122132181792962202e-01 4.673633656861777008e-01 -7.318474871593505515e-02
-4.470974365733209471e-02 -1.267331801754819354e-01 9.622596704688553271e-02
4.300321610816146972e-02 1.097455901996203798e-01 2.014887927552345415e-01
5.120673426554510632e-01 4.387983533565225636e-01 -1.028395927045267833e+00
1.791042634630125429e-03 3.382000604571738234e-01 7.540602517622320144e-01
1.004745152820214038e+00 -1.160880614467672878e+00 6.646196971513068652e-02
1.129896853567692733e-01 2.067576916989132929e+00 -1.891718009081574947e-01
-2.231704693202639644e-01 -2.713086527780313451e-01 -1.646731450199672431e-01
-3.450183414698122508e-01 4.522225328094777175e-01 -2.812852583349553445e-02
-6.038108440831971985e-02 -3.123644725315071272e-02 -2.372045706969903023e-01
3.452208052982880943e-02 -9.285995744735892066e-02 2.564869447610297892e-01
