-1.078025972793690834e-01 2.759851003533297042e+00 1.422377421035661733e-02
-5.750569176372900826e-02 -1.061305966560261160e-01 6.414392555088380132e-02
3.360912018763595466e-02 -5.621646993633586803e-02 -1.187499602195827564e-01
3.230154241823957051e-02 1.142723984633697426e-01 3.747405294219624886e-03
1.172294978953856703e-01 -4.280287973083237718e-01 -3.126701057907674969e-02
3.987639526485967090e-01 1.005739465717281067e-01 3.241601103962647029e-02
-8.506937849938630766e-03 4.814576717688267421e-02 6.839781485190969679e-02
5.898813351796936555e-01 9.801292867178004742e-02 -1.814750012558424830e-01
3.014684617360409158e-01 -1.950195092931816532e-01 5.048796522284049182e-01
2.261860550459839914e-01 1.204697132851338393e-01 9.057552567841109167e-03
-5.577167953557523594e-01 -3.518312076460215765e-02 2.303214412598031946e-01
-2.413514144937296546e-01 1.526265437234033406e-01 -7.377410169517275573e-01
1.920438547144545927e-01 -1.155977008938074146e-01 -4.228404165868283882e-02
9.785304010765645544e-02 5.808303302144972591e-01 1.281023675130487371e-01
-6.135452949896409366e-03 -1.218291566442153140e-01 6.841989565168798970e-02
1.078024689771953371e-01 6.637022927681711371e-02 1.785104019892976290e-01
3.328258184082506510e-01 3.713745273626948284e-01 -8.760689724473260664e-01
-3.837631424819654830e-02 4.208788770356102771e-01 7.744814117685463462e-01
9.588639832516430150e-01 -1.089566681524599234e+00 4.283796567978925829e-02
1.347021410468006442e-01 1.714856681247822534e+00 -1.973274829911104977e-01
-1.801371110489174976e-01 -2.792757494103508820e-01 -1.153951557814722889e-01
-2.624064637383451415e-01 4.331974137144184445e-01 -4.719411609228266191e-02
-4.093313086315712723e-02 -2.271416283709004613e-02 -2.273204954394509036e-01
6.157165583818244303e-02 -7.958599264122837025e-02 1.906595504175136180e-01
