-5.032284634610066920e-01 5.185497768772057370e+00 5.938796968209648919e-02
-1.499822796157623123e-02 -7.278112290653290795e-02 5.982325661091938279e-02
-2.500989900769427093e-02 -7.768842968646169633e-02 -1.124612053711492587e-01
3.943734799092900312e-02 4.589429238506478881e-02 -1.219586224551694013e-02
-4.979619469847691021e-02 -3.465092396701263122e-01 -5.848744917229490442e-02
1.572509881149890543e-01 1.138726150269507749e-02 -2.016284390351019695e-02
-1.023771700389266848e-01 -4.584724194678539699e-02 -8.918201622974007703e-02
4.405942362955768687e-01 5.264854606478322485e-02 -2.572726083094435401e-01
5.023524703548694070e-01 -2.167399217139161505e-01 5.368001342715067459e-01
1.976978556941380583e-01 8.296958573051708974e-02 -3.617549884646460018e-02
-4.794953540407442261e-01 1.537565974511383854e-02 2.986985194976554125e-01
-2.597750336091431689e-01 1.267041874129906931e-01 -8.427202277182851420e-01
1.801443456295600265e-01 -1.323085159093612302e-02 -2.517238439896400393e-01
-1.883519709690400779e-01 6.083964822765266373e-02 1.160403034106415737e-01
-1.658289775469330984e-01 -5.249326143826096858e-02 -2.522320692651789376e-01
1.014023560381729916e-02 2.727625413817478806e-01 1.879694080365639230e-01
8.824717412951832429e-02 -3.918108299446302900e-01 -8.914635097279298703e-01
-1.677811920806380752e-01 3.243340083362909465e-01 5.800708531120898348e-01
4.307373653888399434e-01 -1.796296988507967374e+00 6.271061306461961360e-01
7.150756058794946468e-02 2.000782352104290673e+00 -5.363262863882892750e-01
-1.648669808934876413e-01 -2.860409736268386127e-01 -1.571929031865607757e-02
-1.368221542351513720e-01 3.147422109333765095e-01 1.020191102310545606e-01
-9.713118399961724603e-02 -1.122392278082334632e-01 -3.854129127079035100e-01
-1.054987305730604175e-01 1.480302918401845413e-01 3.611068570880887063e-01
