-5.145261171102001596e-02 3.001236154718388338e+00 9.132358781166437234e-02
-3.145862658752947294e-02 -8.105137204778714577e-02 5.625026169667043940e-02
1.960616888781303163e-02 -8.660377781814670994e-02 -2.029173298378842694e-01
5.083780585252811735e-02 8.203042451102864063e-02 1.787404045284607390e-02
4.817502470765201716e-02 -4.590128844212505999e-01 -6.241930020345193286e-02
4.956173304029709570e-01 7.821614607234746164e-02 -1.850155847634833012e-02
-1.249203348724312913e-02 1.391203245743193213e-02 3.736926834165789357e-02
5.393206360706533919e-01 9.227340918178500440e-02 -1.885811385102507953e-01
3.037527062136094469e-01 -2.415760816952968459e-01 5.114226585121663948e-01
2.653693466151464397e-01 9.970818979098870771e-02 -9.340771641279313822e-03
-4.938816892846114026e-01 -4.673617939896754919e-02 2.197141977565743309e-01
-2.279001578403461736e-01 1.528582176994353059e-01 -7.458958634261534382e-01
3.555332372475976666e-01 -1.741824425907721186e-01 -1.251949949061335332e-01
9.053185994914429713e-02 5.393832078121152396e-01 1.235895103151687380e-01
-2.796576762251790430e-02 -1.990368469217109748e-01 -2.763708793864952037e-02
9.516351736499190084e-02 1.121635192653275825e-01 1.741750160229432742e-01
2.755595330923154007e-01 3.720368287459321910e-01 -8.029802842858608791e-01
-1.037876052061299931e-01 2.666146022352263167e-01 6.459261441770892676e-01
8.981603803761963878e-01 -1.126687671847013350e+00 7.137462514196007968e-02
1.214043302581594708e-01 1.776532165535533725e+00 -1.937712613109902060e-01
-1.917448136703671924e-01 -2.969022434118396836e-01 -8.003538212969428522e-02
-2.579670277008271340e-01 4.471297620170601173e-01 -2.357046827460900287e-02
-3.146571773868887811e-02 -3.780666336204533545e-02 -2.514110232250506005e-01
3.215205485274708064e-02 -5.530868509435152292e-02 2.244417317661593081e-01
