-1.062195108760861650e+00 5.586844819560608855e+00 3.738763825051349965e-01
-6.574918709832283659e-01 -9.369369396729400334e-02 3.982431839003742202e-01
-6.495397820226850305e-01 -3.340849736235360773e-02 -1.049683689257771557e-01
5.561382267818496539e-01 6.426261758717463635e-02 -9.940747447013152660e-02
6.571410978357622446e-01 -3.331925587419415358e-01 -1.463168937401071734e-01
9.436607967253484164e-01 2.200839616829759759e-02 2.115614249054287854e-01
-4.677482598163247574e-02 2.592698500089762187e-02 -1.068543205403792579e-01
3.181338575903551180e-01 -3.453746180299670232e-02 -2.046210847589083059e-01
2.132033013875000160e-01 5.363817231243804551e-02 3.117082297605530683e-01
-2.833972350086034955e-03 6.102248814450338815e-02 -2.480289368419759388e-02
-3.771496546075583378e-01 1.163406176128122943e-01 2.334126798103904332e-01
-2.710913780733456568e-01 1.489172925908405394e-02 -5.241873099494115396e-01
2.410161901257855677e-01 1.479885562714397529e-01 -1.866281419631240501e-01
-2.537412168559300962e-01 6.311378169219628020e-02 -1.490814904723117562e-01
-4.879030791932925659e-02 8.773565990463688680e-02 1.413381382703141065e-01
-5.987796024641012932e-02 4.309075126759922755e-03 1.626169539173623335e-01
-1.533045417127632676e-02 -3.053267519213873626e-01 -3.948777901196450779e-01
8.544505240579479063e-03 2.205477769990484838e-01 5.292045559443907532e-01
-3.870533180946255508e-02 -1.145474070391261590e+00 5.365130032764541257e-01
2.614052340045822098e-01 1.298912255405882732e+00 -3.085621895258799929e-01
1.774983425229308409e-01 -3.378127243446195083e-01 2.097859044752008184e-01
3.752194205282448347e-02 3.462480353238067132e-01 -1.546850851575211003e-02
-1.393903951102500038e-02 -5.797503867140191974e-02 -1.948385188076518504e-01
6.932151685165359456e-02 8.820684492061646453e-02 1.647960283068649334e-01
