4.059015918098633768e-02 2.141870498060484351e+00 -6.389314164192567980e-02
-2.976646722838707793e-01 6.383206599965615680e-02 1.881728171822083517e-01
-1.100049883340743079e-01 1.448976880768302646e-02 -1.734393039474125819e-01
2.840185160236459727e-01 7.815443901374908783e-03 4.506229096727415451e-02
3.078351631151178824e-01 -1.615848677685839119e-01 -1.523761558084621992e-01
1.778887781951491998e-01 3.660189530384945766e-01 -6.409679210494681478e-02
-7.320389497943448343e-02 -1.210673704018850744e-01 -3.926636577442024767e-02
4.939111490528758641e-01 9.943182527148851368e-02 -2.933790012636140476e-01
3.500858631989305358e-01 -1.176418489646038068e-01 4.046240985228991005e-01
1.457253203797407304e-01 -9.901861998903128265e-03 -1.381315288095528830e-02
-5.050115137825186284e-01 -3.759876505011074815e-02 2.656831707367221518e-01
-2.280778475556576312e-01 2.075186255749929820e-01 -6.227437948256699940e-01
2.567544814889582971e-01 -9.042975749748370998e-03 -1.684921508726486550e-01
-1.714822347321214857e-01 4.898871167590256037e-02 -6.361000640473866985e-02
-4.714279974070646750e-02 -2.063076283244683895e-01 -9.990422265644509098e-04
2.126893151727463072e-02 1.088485590016531335e-01 1.971158104455343341e-01
-1.786261595934763580e-01 -3.750076484321221426e-01 -3.506037822892020817e-01
1.404654759160090527e-01 -1.556487869273227298e-01 6.131190859740089927e-01
-1.362347238964703965e-02 -1.182391222994692459e+00 3.725668090838647473e-01
5.245868577296570745e-01 1.031347940141249531e+00 -1.241706427132375362e-01
1.129583148286270183e-01 -2.995626025153840244e-01 1.747000862766704410e-01
2.602297587447071070e-01 2.093670993631779886e-01 1.559189415795099454e-01
1.541292011113912577e-02 -1.617104582378345867e-01 -2.997484001552474520e-01
-8.939267710298831604e-02 2.489643570162017316e-01 2.374262713463344554e-01
