-3.281511039812373427e-03 1.447270241824641701e+00 -9.039641874409311273e-02
-3.991861528052956937e-02 7.395697787661146931e-03 2.417998562671545837e-01
-2.914835765876173101e-01 9.621855765779449565e-02 -1.168725939532649638e-01
1.423148428457946812e-01 -1.399173606156832970e-02 4.079999253946661047e-02
2.331531461839654318e-01 -3.699716400542071848e-01 8.046200423804546892e-03
4.842555915623261709e-01 3.211375338859945860e-01 6.380833195303721450e-02
1.369591693380527164e-02 9.803734842055473672e-03 5.713228763565509488e-02
-1.824035404417867212e-01 1.376193532405802222e-01 1.413724939283855266e-02
-2.467561347710820474e-01 1.047826937840445893e-02 1.712700590944995771e-01
9.217296390749314672e-03 2.617380347476011213e-02 -1.195288012351460386e-02
-2.475585834626903570e-01 9.639143392411524125e-02 5.245984704899003120e-02
2.021529287674428063e-02 2.761852867489067095e-02 -2.091318997430757221e-01
-6.551685590949461735e-02 -6.160628864002758165e-02 2.290483160263796780e-02
-8.495379545358509865e-02 3.146018421060230441e-01 -4.259131105510892135e-01
5.408874630788408633e-03 -1.208509641855782801e-01 4.786938178768904151e-01
1.528535697740486358e-02 -6.920765302105741368e-02 5.122573950703382395e-02
2.835244562443152705e-01 -1.850876653649969478e-02 -9.833389387828078698e-01
1.777127947232270688e-01 1.099632530524931456e-01 7.982955033146396095e-01
1.767344191366337358e-01 -4.700787576424991232e-01 1.479049007179212560e-01
1.823004694234526268e-01 6.535387419980452917e-01 -1.288086041098670809e-01
1.755163370708362203e-01 -2.051401303980623092e-01 4.374461990615493429e-02
1.481083969349213936e-01 2.384632328757541608e-01 -6.056208428101751001e-02
-1.400575268282041805e-02 -7.415844961953359238e-02 -1.586802819161004519e-01
8.247638786130186139e-02 5.848809884154958921e-02 1.745857973377189787e-01
