-1.231424881521000353e-06 -7.588658270224967195e-01 -7.157204109698953043e-02
-1.868785981024259357e-01 7.428097610017987684e-02 3.096526565372187401e-01
-2.599495452136365570e-01 1.010883510714755407e-01 -1.662935913373903285e-01
2.823745052836576508e-01 -6.113296179975155620e-02 6.623283853530859133e-02
4.082568214258751604e-01 -2.127492445768029428e-01 -7.542546795846027941e-02
2.377936285211672829e-01 3.969009546402610944e-01 -2.819831351323379490e-02
-4.867422524190825883e-03 -1.106576351977529848e-01 -2.458541823579325075e-02
5.337253292939104776e-01 1.738566138776964642e-02 -2.695576736823889763e-01
2.999678684937395201e-01 1.533656579564506885e-02 4.107227184142945298e-01
1.351148816772348993e-01 -2.437877467714527624e-02 -2.050983749794556971e-02
-5.944068986422773593e-01 6.259503370719889104e-02 1.682727728747495377e-01
-2.024776464640719864e-01 8.485754439786986902e-02 -6.653159905540457775e-01
1.315542336452995009e-01 -8.459492264908836934e-03 -1.779176288433177433e-01
-5.258700736143999410e-02 -1.159228504967697686e-02 -2.606054191207203274e-01
6.031668829375768162e-03 -1.666858174177706375e-01 1.200711924440645145e-01
-2.198498312510447153e-02 1.264863828934501555e-01 1.631948187256200278e-01
2.012256296204056050e-01 -1.471377628696163842e-01 -9.042964566207741806e-01
2.739483209027730459e-01 -2.181186658099174835e-01 8.795738473222013409e-01
3.954248261495853511e-01 -1.072735856262288623e+00 2.255295712565489330e-01
5.544869874431508361e-01 1.382668880969076364e+00 -1.176343896130738753e-01
-5.588712898688041192e-02 -3.037361207019561027e-01 8.014438491867292846e-02
5.795143346588199629e-02 2.898484670362844184e-01 1.059029378467559734e-01
1.646311616634946531e-02 -1.246082748176480653e-01 -3.040445710787923472e-01
-7.088984499217246271e-02 1.508643377896796423e-01 3.315677663832568012e-01
