-1.209919795190576020e-01 5.555808812772111693e+00 6.737308122196574711e-01
-7.118223416422611027e-01 -8.018539559213393175e-02 6.287827324362027515e-01
-1.981219892722881903e-01 -1.232448089332861541e-01 -5.095730614172740980e-01
3.767548172593097044e-01 1.228031574041331675e-01 -7.212260677834510247e-02
6.284987155887800103e-01 -4.035853460204157361e-01 -1.082789753102700175e-01
1.949318203949589989e+00 1.486528292595910572e-01 8.665463842329650113e-02
-8.210728637237950378e-02 -2.421260598381599644e-03 -9.090177610189226209e-02
2.391081112745120085e-01 7.418651028239103828e-02 -9.652835165148010432e-02
1.301665537002106299e-01 4.600946409188356317e-02 4.720259281805155305e-01
1.265761804001384605e-01 8.745698602946525013e-02 -5.007097052987816849e-02
-3.289601671335829480e-01 4.886490882111262091e-02 2.447524052645141390e-01
-4.074751094921297279e-01 -9.074909026915998003e-03 -6.653914406222662947e-01
5.480949258775451582e-01 5.032758721462725349e-02 -1.349417928803906541e-01
-2.624468650404254699e-01 2.118262855759314167e-01 -4.805458623050869876e-02
-1.143125474710865869e-01 -7.470233182753009682e-02 -6.863854911159172900e-02
-2.648342615041618039e-02 9.747551209501459368e-02 1.648074357191149364e-01
-9.559775962015745754e-02 -9.674559691407816353e-02 -3.313681422048856406e-01
-2.131513445001311235e-01 2.145458818978135673e-01 2.368957059879717997e-01
1.164242732023640647e-01 -1.354137495844192074e+00 6.028625395997313507e-01
2.836842846152715647e-01 1.700719746509502084e+00 -3.756741403324892481e-01
-2.589473490514565893e-02 -3.522569019744637986e-01 2.815820319953241668e-01
-4.617475136038874661e-02 4.064043080937822516e-01 -1.457439268352563044e-02
1.510597314972862981e-01 -7.678015851975382444e-02 -3.459567821738131488e-01
1.171738388524191793e-01 8.081000925636606935e-02 2.590673984721388878e-01
